(BSplineTransformSplineOrder 3)
(CompressResultImage "false")
(DefaultPixelValue 0)
(Direction 1 0 0 1)
(FinalBSplineInterpolationOrder 3)
(FixedImageDimension 2)
(FixedInternalImagePixelType "float")
(GridDirection 1 0 0 1)
(GridIndex 0 0)
(GridOrigin -103.17371702603145 -128.6070947782277)
(GridSize 34 26)
(GridSpacing 80.7047828556915 81.32251019643877)
(HowToCombineTransforms "Compose")
(Index 0 0)
(InitialTransformParameterFileName "")
(MovingImageDimension 2)
(MovingInternalImagePixelType "float")
(NumberOfParameters 1768)
(Origin 0 0)
(ResampleInterpolator "FinalBSplineInterpolator")
(Resampler "DefaultResampler")
(ResultImageFormat "tif")
(ResultImagePixelType "unsigned short")
(Size 2451 1793)
(Spacing 1 1)
(Transform "RecursiveBSplineTransform")
(TransformParameters 7.3535165129287225 8.392098992667036 8.071510086248688 7.647293977986462 7.020722830613145 6.265567938384326 5.411781320266373 4.51801356305647 3.6268947578206197 2.7746333561471257 1.993766674494792 1.311576860600024 0.7554362611333864 0.35255245879572966 0.12567516237970014 0.09334105674022322 0.2736641640021135 0.6963079505116836 1.3415302533468767 2.1406530493916516 3.034803789473231 3.963660630898836 4.860390591822635 5.649372776648145 6.260249146971621 6.605522449346626 6.673506135640952 6.529529443628647 6.216552157487409 5.765316723259564 5.240146483074277 4.645853427967634 4.231537200531256 2.7668310061699666 10.90234203360875 12.565771091436783 12.156927933179343 11.60121843395333 10.726715386470412 9.651763366127467 8.425244705201367 7.142295985082983 5.884225768642812 4.745259431042121 3.7704788601837262 2.9569105803936413 2.3119606689244705 1.8368031176528454 1.5460297241909888 1.4683218998693388 1.6246226251520817 2.0429757940966993 2.70922168787848 3.567378887136279 4.568765442373973 5.6687931028900165 6.793072535008474 7.835087408202152 8.699427183169245 9.26839543421892 9.518168134010264 9.520387632928879 9.316816048962288 8.930141728374599 8.430282876110422 7.800161291805901 7.37062546704251 5.28654846822902 11.784724225187448 13.672243412341953 13.276640015820686 12.673621435459117 11.682646470809058 10.558741909691516 9.346078271230187 7.997421993146245 6.592747684172042 5.359889848990378 4.37737611281028 3.602817861973708 3.0211083644471923 2.6075792542833973 2.355073713987096 2.2686460308391436 2.3669688324747984 2.699261057637843 3.2664913768226076 4.029903297329331 4.95483533584043 6.010223099498883 7.126425104483918 8.192382411414027 9.109320728565635 9.755307958085137 10.100828114574547 10.209588094412476 10.115254909539813 9.830188082611249 9.417856317426446 8.850118454798276 8.46823546487887 6.2531186307699596 13.028146710282616 15.320046561777389 14.990732113425429 14.195314425791082 12.816544940119833 11.756690610344728 10.993068638434497 9.66678159202189 7.788651018378734 6.165097635202927 5.038209635147253 4.262419320949053 3.788694503134134 3.5752063375607976 3.5404206831921448 3.5266596824702585 3.530256201485818 3.709151449049109 4.116504329188759 4.744967651580977 5.576517254254925 6.576284280491732 7.674723811681943 8.75958885702572 9.733565522703424 10.483735939526163 10.974618523014135 11.250483799537115 11.327331958519542 11.196939142270095 10.912787185544552 10.432568397295734 10.116685673352391 7.696607679823852 13.984188746906966 16.684174295653005 16.486492314788734 15.382554567320858 13.453885746657024 12.470954170375657 12.50624992787718 11.376317577347283 8.813538851599251 6.6769688566482746 5.3715899673439 4.64731915427793 4.411070276365243 4.556761920214501 4.876169536681586 4.942496494720828 4.74449777671287 4.704512393833899 4.9691779415584465 5.50613205855773 6.274279931562763 7.189020863245524 8.18482220734185 9.206911415273035 10.185520085422645 11.025255808769193 11.683155998069893 12.169311574030699 12.470911116822052 12.542621936609413 12.421767680722645 12.05475246863921 11.819527859849996 9.209531946568772 14.531724705678608 17.40972299097153 17.45613295034741 16.022656287741512 13.218985502684786 11.395595453434977 14.910604474361941 13.318017757566656 8.606501112598574 6.734006023455166 5.2327206601689635 4.722676827786188 4.889181223115885 5.906722633353284 6.73859513893617 6.691302147334027 5.741105374636636 5.2087736507204845 5.607190604933874 6.383688204687208 7.284835350785697 8.086480544334492 8.762479704362228 9.540948361694726 10.450237067285991 11.36519405821081 12.221650415980857 12.978044584897 13.573501540184681 13.904466345607 13.982994396093224 13.750042336465095 13.604551826304322 10.805228301974745 14.498866553577994 17.201321570421793 17.289242424521824 16.93217095318244 15.749868553691547 11.34363844618639 15.80834061979525 10.547826056532953 5.173293739185414 5.1843153673319335 2.675161159010732 3.387066395198067 4.408733447586908 6.415276303553462 8.720964485299136 9.52015109776442 7.708051948051177 4.282736842996646 4.868599006043948 7.135666650720628 8.077073495943468 8.956962082277618 9.361166308813296 9.733463263513846 10.511543690134936 11.435259462531594 12.477136069666122 13.548980216963953 14.518894304673188 15.17994555113982 15.50386246239241 15.429181892564205 15.379954113659448 12.402891618702302 13.890023033262327 15.990752746349555 14.640404585666802 13.780163156389904 14.364630598326597 11.14902565597959 9.861739651553862 4.636002056091862 3.561924636364722 2.8521125138459436 -1.2957940842196647 1.9632669041614284 5.56970929497289 8.445965851789333 10.077881648618906 6.286219694465754 4.674746486518221 3.211190071422553 3.551448242370269 7.7131448284741735 8.795423094905939 8.728809676454611 9.3361323673638 8.982551198847862 11.379754865168845 11.490612172887372 12.233777221690184 13.804317971569327 15.22417492451903 16.309956313647614 16.955952802169957 17.082220127366917 17.137565123277867 13.989474387878174 12.613669139323312 13.96010261777274 13.134719411972421 12.244295733403012 7.341183887393968 5.036891976729745 0.9298380977539099 1.618093007582148 6.481275657076918 9.037308770117933 3.8728696830443603 4.12018824019536 2.7623094914757025 3.4067210144826015 2.052518582400211 -1.083204776308589 -2.106536497986995 5.882472470826828 4.208858989735164 2.9898207958847474 8.276413397663818 10.887398232648865 7.449892247019042 7.005126250722599 11.157998260948327 10.773906789110965 11.164261149736689 14.085452486772606 15.737008671078966 17.255754915528346 18.305546162060022 18.662706500557142 18.82859192896435 15.52174912818269 10.493071987290048 11.164108005169604 12.318074459085723 10.682619572353826 3.7595213841656268 0.8877302602454211 -5.4189579986294945 0.5846460672492827 2.1170326976638587 -0.29914508644550597 1.795979750871572 3.0290775500146108 0.4861233768940583 -1.112346978473171 -6.75995611442938 -3.5573980392137465 0.8974940972846612 8.62517865211241 7.870914311969878 6.948950616368196 7.0599171370863845 8.766421924435729 6.489284652733137 7.400548051925026 8.511404870234154 9.219042620104325 11.565913169661446 14.083511007476487 15.879870395971965 17.967261849774303 19.537526655764644 20.12811791905399 20.405135299841874 16.95585050424107 7.495137734156403 7.4664820765843976 9.125986461999235 1.2316875206125675 -11.446140701732993 -4.409276828624742 -0.4557939070398024 -0.6308996276260865 -0.8828325527429149 -2.238406483820877 -1.82705326045385 -4.013593571976352 -2.1403064856457394 -2.338610959540245 -4.889590188155293 -1.3542597633535758 3.7473860990953702 9.840375222219695 7.616033126342667 8.349190768495015 6.510547994509397 6.8786128550286625 6.477003466486082 7.718679066527286 6.226029633454445 5.5135649654710335 9.336636406135208 13.002548711914306 16.061149963194097 18.75017439784418 20.583740653192745 21.37215919636441 21.758263658799628 18.212996063012714 3.6533535415920246 2.6434689227472843 5.398197154968413 -7.388135833623416 -13.163835530146683 -6.507445272166672 -10.269508019654676 -2.7110456027514647 1.7422769321625342 -1.5141631664920023 -7.1048629188598955 -6.193687014145147 -2.536420657600365 -3.7541052245381588 -4.241322125983638 -0.5892835965062055 1.260818017076842 8.124159900394083 3.0049565728500696 -1.753137811107214 1.0228557864793546 4.392174989203382 4.964094764228339 5.926649093839601 -1.9505324595205098 -0.5290005030626973 7.842671306395846 11.99362932267018 15.805311912389843 19.316203191677026 21.340845971136623 22.22804139145045 22.71136948764399 19.174840715780405 -0.7892731468550496 -4.629018426371584 -5.6299779806510335 -11.484727604603421 -15.665869623356532 -13.142179295054973 -17.13570464641696 -9.98463006816297 -1.8318194464319062 -8.682610429050431 -9.295562973374595 -1.049025133099358 2.2705734687665013 -2.019489902379636 -7.840961931089476 -6.059870925357941 -6.63691605846628 -4.084934593827451 0.11650931126469657 3.2956639653715207 0.8791633352107139 2.0739737720430567 1.066729925980836 -6.071963568639798 -11.371672441060468 -5.565656868550239 6.339192767724428 11.761151484225884 14.831233049885158 18.767387388102495 21.599493531474298 22.541545834973416 23.113963308465323 19.738396938688645 -5.319688456095059 -11.212876192373717 -13.811402255402003 -17.286335906412656 -20.624734668833504 -21.263434063646912 -21.85869421115601 -23.634606902312566 -18.237978487730466 -11.288444707999894 -7.2263026876045835 -6.121307685602124 -6.774821132942307 -9.297069426329287 -10.901552982123674 -5.2953941588653635 -3.0668008151448745 -5.949948077876612 1.0581695008793714 10.241134273848122 2.781201799267936 2.0052264999653815 -1.6176383341580411 -4.08092947522844 -7.323957653049431 -2.3522509040986415 7.06710222159009 13.01962874612215 15.811100228393238 18.634139590280775 21.092591277623278 22.10776797206767 22.782530151111217 19.771709312937215 -9.582568705618588 -16.88308200134735 -19.53316669834003 -23.03784380549101 -26.366879166320146 -30.549738044209008 -34.99467076227671 -38.074451756190115 -33.62770695512224 -22.394784597931128 -11.625060466250535 -12.42521149528001 -13.583085092291645 -10.27701577329433 -7.259098724399804 -5.316472125018193 -2.002914979055835 -2.356172218444375 -1.5320189315868886 2.285018910231955 -3.7946069612952553 -2.796458877078569 -1.643137120925102 2.447417071688634 -1.2759902836293533 -1.618901167690243 2.247968130279185 11.15777254387553 17.728918414733453 18.763364561965698 19.7704923311874 20.836043251590027 21.675656274255545 19.272872882103055 -13.300743681253929 -21.80420467810508 -24.542008580878676 -28.257832492647957 -31.801927029665798 -36.340560507258054 -40.92650912716456 -42.9423980050596 -42.739614006403485 -31.332715489294944 -18.725234946874654 -18.078290321574734 -12.458864927563276 -6.690120721051209 -4.96126123076565 -5.775820008748601 -3.075962293829819 -1.4253813879344268 2.239420135905969 1.3572215058706862 -2.5437107295899017 -6.606873101554015 -4.085909880124324 3.140236854217981 -3.268920914843146 -2.059467946882253 1.856840571922573 8.245640800297853 12.990913289912791 16.47350662118539 17.221339376402508 18.591731230282672 19.85132566256355 18.372627454321947 -16.222988895368122 -25.658687008850677 -28.526322752190005 -32.52282193788241 -36.19158744168602 -40.10228945538651 -43.42653139916973 -44.068274659707356 -50.013714179619996 -41.6024774133569 -23.732981691548652 -18.653601886466777 -12.121920633796847 -8.623546694124132 -7.053043809230113 -10.461072828943866 -8.519787598033103 -2.0744109616103175 4.546899784355584 1.0203902644872964 2.2778038086154346 0.2561866998653923 1.8617009560699274 3.721488340961734 -1.797439983288309 0.893143316334438 4.896815451889404 6.5110881736147315 6.681824071323238 10.593750513162078 13.03788696517468 15.510708660237547 17.47565854404369 17.163018463803063 -18.076199328859957 -27.944264492405466 -30.81096129400386 -34.879923320019465 -38.50458627434492 -41.80845945799676 -44.19084780702446 -44.60801682024184 -45.614255486105186 -39.409367250589156 -25.980132352628083 -14.276841121589511 -7.906221513220713 -12.696652158054656 -9.954391393113598 -9.774716288442006 -13.993353905069975 -2.506862499304178 4.2346065217562385 -0.1213532679284827 -1.260359236362104 -4.204687640669654 -7.071279407575012 -7.8850365660708714 0.8991826133875924 1.1491336199756066 2.769930246042407 2.176504421044596 7.7652778017049355 6.9854374666337335 9.592735182962382 12.158475664102903 14.865931575219216 15.732837296237651 -18.84162843698225 -28.623476423791093 -31.325132894434404 -35.19849290874786 -38.598756630648296 -41.5515770556216 -43.51202735019308 -44.01063087333225 -42.4471065811124 -36.86782926272326 -28.85579128834053 -21.710391417941686 -14.012421125264481 -14.662122435406816 -9.268722966733748 -1.9042670842327003 -8.907362322937402 -3.353573379507536 4.451022031335575 -2.559453059896739 -0.6003081855696437 -0.8498255513393104 -5.62635965230441 -8.31099560654314 3.5366046956908437 3.836201735487909 0.22882020278102164 2.937021362926627 11.038865508314212 0.6242711424799396 4.513657685052866 9.105783976454033 12.379588329592895 14.16837718242425 -18.76933074392006 -28.10900328000645 -30.55163239150724 -34.07438699272698 -37.11951279278697 -39.70984844948337 -41.34335524111847 -41.57363467535197 -39.93366745975275 -35.62948466550809 -29.6497813852504 -23.33594036254826 -15.920660781807802 -11.009001896475752 -6.836283580535982 -4.306050787496843 -4.032289016857605 -2.0142124527148537 0.23091744635001815 -3.1089947935875304 4.764538165102287 1.7877671717386916 -1.7914365745419285 -0.7980129063185211 10.99847711429379 13.97933098120539 -2.299739451158839 2.197312207646718 1.880098736628107 -0.7248024609534802 4.093409983554738 7.556172764555074 10.59323468471401 12.549749698625348 -18.032929502473948 -26.691691462813374 -28.83169560149055 -31.92832456437061 -34.55601732000195 -36.74055371575947 -38.07182612097481 -38.242388954686696 -36.9122458056852 -33.616475096698316 -28.54901953997513 -22.522880217806048 -16.306854374492808 -11.051244156001596 -7.085823954690078 -4.0193908049954326 -1.5579336752623405 0.4434225094973209 2.1473676340882397 4.22321887503539 10.28694788663627 9.687067307996653 6.999566250811061 9.013144792286038 12.72876550556418 4.310799058294902 -2.8603581224887535 10.589129159363324 -0.11375634393941216 -1.0775778551214326 5.819889180501206 7.326215639858542 9.595214906055002 10.970054192281879 -16.773724918314027 -24.630436097910422 -26.486200456292874 -29.17697915183055 -31.421181805586716 -33.25191777455757 -34.33843292687664 -34.4799762264046 -33.426318138270894 -30.834094956549198 -26.791764751242905 -21.794910195598195 -16.350853026253397 -11.177864936824545 -6.640793971625117 -2.8597055743185207 0.17457415623323339 2.6251706749356862 4.833338283240599 7.489152633173016 10.853342487840568 13.832219359319586 12.736217577163055 10.405179497528813 8.517367571816381 6.9246034509679975 12.506536207500796 21.340003973784036 11.269477174329467 6.892133805336991 7.332586790805302 7.638905193598948 9.06202199430737 9.540559309169057 -15.22195505744633 -22.263595733073792 -23.88438797745181 -26.237220479655168 -28.178158067100547 -29.73930982607962 -30.641041261016014 -30.73887195682605 -29.833326838225272 -27.63422311885595 -24.202008746307104 -19.936787773327517 -15.206593969721474 -10.480897757656852 -6.058390639956768 -2.1256488748511746 1.2319104617853809 4.010678797156264 6.398699805090253 9.043909698732913 11.669203664825202 13.008486154327858 12.836215973474767 10.522225630299587 6.708328816764461 9.368668273055532 14.116765252799311 16.008569541900137 11.992179813584523 9.849708540731754 8.5493133585034 8.178571636681886 8.837146477722166 8.33841485990583 -13.415241510975239 -19.603243638151607 -21.014234904226644 -23.06344789693832 -24.745432310566912 -26.088569535092866 -26.85362064416626 -26.929174981516027 -26.150188171239872 -24.262639854208476 -21.313271549483883 -17.648100458155046 -13.548583976691443 -9.333546540573222 -5.23006167481729 -1.3902213481158707 2.0603289900711035 4.998812414501304 7.465075547279383 9.804486500874171 11.813833766576703 12.58784277279861 12.162455696898407 11.116898630733035 9.85263120033894 10.737860683512299 12.805636245179027 13.411557583539546 12.286413984587043 10.773192152158668 9.373346901973255 8.612812921710455 8.676338292693515 7.2598425891556 -12.134640627467121 -17.749901756373323 -19.03341183835347 -20.89660376765884 -22.425988408124645 -23.64653986219464 -24.342871202178642 -24.419638307564625 -23.73191997833749 -22.054409821578595 -19.420723650426414 -16.1202260369571 -12.381790499678104 -8.456367315843778 -4.541071291046968 -0.7876048601168492 2.660590979510851 5.647153051809369 8.143803617978662 10.312241105926404 12.062935441907266 12.995827330508849 13.123312599202146 12.782008994458545 12.34779249689418 12.553683446650759 13.238042408743938 13.161225296562593 12.151247348782828 10.915506940759073 9.805887332900356 8.975696586764586 8.697743725590467 6.6128016726730845 -7.688148581870342 -11.305224931313647 -12.150879557173395 -13.374595153242632 -14.383767753282433 -15.189836750926997 -15.652131445809967 -15.71015916357161 -15.270512818322487 -14.191130000943044 -12.482269142614314 -10.302835641521352 -7.7785083575402965 -5.044775789353566 -2.2230607639585864 0.5759865916888631 3.2413386173456424 5.649800657788773 7.732969659546643 9.470956059188477 10.855659954263434 11.907446371443248 12.63258669112203 13.036442218653715 13.101886369682333 12.753119154805962 12.052075414713562 11.216100437662213 10.335772426023556 9.394985835369404 8.448258250181759 7.428393553994434 6.723674825747494 4.215897431679633 -3.2282068563493973 -3.3443044903374037 -3.003184565507162 -2.473475326431093 -1.7363873403265973 -0.792313076023422 0.3739816530160881 1.7849890663850094 3.459796942649705 5.436416603458369 7.675413769851662 10.060521898951238 12.492183395370324 14.868380960713909 17.08208095531298 19.017960596456362 20.568267605456185 21.604647084312834 22.09692285185787 22.113439555913775 21.70056936184016 20.908516598289182 19.788515707763725 18.394515335643547 16.779148111778465 14.992702129493468 13.092314154152765 11.143100725044375 9.202724487096457 7.306582730384309 5.5463655116884985 3.9302450500761266 2.8380383766507813 0.618252053164083 -7.536214829296602 -8.627157870187736 -8.251867312976886 -7.6820493217539205 -6.77445200554184 -5.58054592349015 -4.077921745160283 -2.245989998902013 -0.06078572615040868 2.5297859436868726 5.481000895457375 8.653394388086012 11.927681676622669 15.186689614279866 18.283029965522655 21.0359491801634 23.279012767174535 24.81274951143084 25.582780295266538 25.677088483369797 25.156826263197555 24.089616376824043 22.560073112271834 20.673738648948497 18.530615711509096 16.237072859850706 13.875456373719114 11.50565561462838 9.187590014481334 6.956897336220684 4.910764957161068 3.066198611528104 1.8180937927701915 -0.4421419824881117 -9.351504978818301 -10.930082998445858 -10.570851806481134 -10.007119632739911 -9.052559334953745 -7.861145929000958 -6.408190141503878 -4.598096180768941 -2.3868196350500313 0.255899760479117 3.2787337723568144 6.537811734158107 9.923361958627675 13.356140320469347 16.680795537346697 19.664450140447617 22.110856285215792 23.79168083484797 24.64783564925876 24.788404684993807 24.276041497305105 23.15910570167223 21.53147098183478 19.536310440435948 17.298336880685465 14.948343152519747 12.57571391763771 10.227872173645318 7.958085144588995 5.79752449344306 3.8331255459486218 2.0841369785305326 0.9006706983235513 -1.0827218701986223 -11.955773940438071 -14.20738020336906 -13.823395102244739 -13.126767852778697 -11.942055089323791 -10.82671279154726 -9.733120765595901 -8.157575843048816 -5.9529179525766756 -3.201996769057828 -0.012179364013676955 3.3982530333438574 6.9451473626215865 10.710510922959427 14.525362503413689 17.97429231133204 20.775705630601983 22.651755321610203 23.555965374997086 23.712821912852192 23.206351534326 22.020021877700568 20.252307724634093 18.102301290740794 15.726619650606656 13.284405470107147 10.873563617141782 8.527560373436891 6.294301716737415 4.206649020163594 2.339448192842705 0.7125838002481061 -0.38629910632247216 -1.9917041758969243 -14.55522622158844 -17.52116505434624 -17.116023338391123 -16.220536369065023 -14.673487832116004 -13.55786100144689 -13.029074043885629 -11.980233275604057 -9.832283289744797 -7.038970949691561 -3.7650513810680097 -0.2959501688293508 3.343553926496897 7.465817056514441 11.873602586532378 15.870207559558239 19.05191936569799 21.094152083768424 22.00202482338293 22.22776414856182 21.856400556823175 20.639027314814363 18.666581204938836 16.323943021593777 13.826344642758412 11.309998669938158 8.870462684105968 6.538545598855276 4.361028373763417 2.3772087353829923 0.6474959638186989 -0.8134695762880806 -1.7955434091594085 -2.953053274315431 -17.058868724903277 -20.919503250332614 -20.79228086226136 -20.238511221925158 -18.040900947381587 -17.089833902663347 -16.61046176270874 -15.730310419810047 -13.168662959968286 -10.065828537073346 -7.125201143812171 -4.357908697568645 -0.8329843774734411 3.9609506740176066 9.072549703147473 13.64930254448536 17.12364350201967 19.380170792195834 20.410991052383302 21.05676181519379 21.252575742594566 20.04418547289583 17.503638628398864 14.692746423250941 12.000199421716529 9.360518037379245 6.828779936236596 4.465489771460888 2.322311615718053 0.44347491332078376 -1.1307741680984247 -2.402543193374413 -3.249515218251611 -3.927574775335589 -19.224272954309967 -24.026422718634795 -24.59563417219874 -24.685420498231466 -21.304898652488834 -21.033614951035474 -18.348024167955383 -17.667889502441522 -16.9681212142646 -12.2499889952733 -8.423769437573254 -7.670744726694302 -4.352341099507143 1.0733573814772124 6.729893817583634 11.761742572257416 15.665222537528246 18.37436492110267 18.54196806528502 19.58840835264879 21.917111261214533 20.85517166104426 16.461181723935294 13.065669527917432 10.215495758634066 7.448464131751585 4.792668210389651 2.3768165960918433 0.27181013605686294 -1.4825453700593196 -2.8773173210192584 -3.939538999907531 -4.637633268872593 -4.837234693336141 -20.919248960133128 -26.32616321056206 -26.96169067318 -27.431966180480444 -26.310625729864753 -23.996353379914506 -17.189059706887132 -15.087145337839042 -14.499360078340644 -12.836878678111313 -11.667493214212806 -9.247586547334647 -4.494656961807724 -1.1803008879759074 4.042335339942868 6.835175048818437 9.912203214733603 13.653325624806984 14.60097064399584 10.697522104841646 19.86349773294146 22.730303117034303 13.794332499703781 10.074470343537527 7.532655243731955 4.868515286539712 2.7208007800860274 0.24627772112312205 -1.7956395265571314 -3.341628110844367 -4.506567060525563 -5.334566443107696 -5.875342792445957 -5.629379131583324 -21.991622270233577 -27.51000018555088 -27.68649790018977 -29.290150054456422 -28.313013245251412 -24.56702785545535 -19.443157264280156 -16.396990674872015 -13.30074409628693 -12.103567622156117 -13.661808729432762 -9.567921147419685 -6.673646731950909 -3.5096135891942115 0.791938051776049 2.9167084888759884 4.266253710945913 5.844148531066348 5.002348039425137 4.877772701328575 12.555025096352786 15.369586604417512 11.445474369436074 6.789992598188658 4.73218283330201 3.39261510341629 2.9697690162460555 -1.2751078398849482 -3.7891819834749687 -5.036522326596496 -5.916052608137252 -6.492827731870322 -6.874412243142802 -6.245195271191106 -22.272373019313314 -27.435963433458106 -28.140525386582862 -28.125963442181902 -17.30111786559775 -26.307915606806418 -27.502554180523717 -19.427960052235136 -13.627635562260547 -13.234445790733082 -11.789143110515269 -10.399774946021589 -7.308933826454578 -3.0185148001772477 -1.848867468378617 1.0378354937869432 6.202875645943332 1.3344204731905827 -1.6505669650930963 3.102212185649494 7.5481820568987885 8.57251081029476 8.525015342506642 5.106787096084998 3.2887455404727435 2.4409448001939507 -0.4387192100580921 -3.5641584303195883 -5.026156186481977 -6.050932465227948 -6.90486591663328 -7.290577819421395 -7.526751151855638 -6.609841160983048 -21.70410934014495 -26.115540617407017 -25.86851638560086 -20.75326175119568 -10.584099446266471 -26.471425687451724 -31.798403976973248 -21.794708569267033 -14.06916772221815 -13.594507360108574 -11.06073032325316 -9.645457136301255 -4.280455292804314 -0.5996128623167044 -1.8951178088221856 0.2314555885440475 1.860485375261263 -1.5587272475824898 -2.5407361264891204 0.0052667327934852 2.1989618302751195 1.4124722631058113 4.549247326548576 3.0487474807066652 2.0849413255541993 -0.20346683360872608 -3.379769143350703 -4.945798365089453 -6.110342127625545 -6.926574585699169 -7.522100095581518 -7.703749545257951 -7.811144117935787 -6.714628751202124 -20.314409699412934 -24.00490720792568 -26.587683260826463 -25.57611041729004 -17.13680786372504 -18.959996318015538 -20.267734364018935 -22.447169624498358 -19.192219815808173 -9.925856935566525 -3.115911542694496 -5.087927546098791 -1.26948611503665 1.5114540653679587 2.0247860822936787 1.4386781837596987 -4.7141914080808425 -2.667041330491244 -0.73253912141918 3.2828479181845602 -2.041808758609352 -4.973654567856911 2.516744480454009 3.5743682368659737 3.1367828339734527 0.5811077436253841 -4.123399713482946 -6.115356282091668 -6.998765053767425 -7.616384642331667 -7.855586296009363 -7.813538887036143 -7.7983706656754865 -6.615688481927952 -18.217036030160354 -20.706430671431214 -21.442306431192794 -20.380580642340455 -11.800233993518315 -16.024213137198576 -19.843511820333344 -21.92887840502198 -22.45221298239806 -6.690184525687886 5.68495594763578 -2.457844336646706 2.014928534935921 5.581036434603086 5.388101826799265 6.0048215423209985 1.9348679407443239 1.8113080048495844 4.036958853621607 6.519469987918441 1.6068962241424798 2.774941438860011 2.1018326206939335 0.5994193952227543 0.9543988203825023 1.5641962620670211 -3.7826155012230087 -4.8784235868662496 -6.897221960683367 -7.773512561993785 -7.832168116384247 -7.624134972962524 -7.5205814545740175 -6.3582108369419155 -15.640778162642174 -16.76349908655313 -15.373627806522476 -13.688255881790084 -11.282827765832982 -12.186315259829342 -12.084271340804454 -12.96251658361901 -10.201531427901534 -8.622637328804727 -6.85273744548745 -4.210340398514946 7.249509500701392 8.790767169736679 4.6632438985720155 7.7726720737736175 4.415320709092113 0.4133266744331841 7.255115008125074 7.217703384472553 0.3991497803806981 0.17250956637985987 -3.4005875601127236 -7.132349923340917 -8.42026465260906 -0.7557601841394533 -3.288139338998283 -1.743682552632988 -5.473293440410822 -7.518541411335438 -7.196419964329241 -7.020285371916314 -6.95957352661987 -5.99045385673609 -12.793462757013874 -12.578645784056562 -10.913504135649415 -8.881674360054552 -6.702021855430474 -4.152841870139906 -1.5749451943696318 1.8846845008822088 2.0930462719390803 -10.145325947019288 -10.752634742324432 -0.3634065071957616 7.1156164764529 2.3321568601246567 -0.1942332753830351 -1.643339509412855 -4.171917347984623 -1.5596104500091137 6.229800612048011 9.05252058459286 2.833253972071098 -5.98055956131912 -1.405084330589149 -1.5002619700448696 -4.452397983309071 -3.133704914740964 -3.8600621681284766 -0.3593165797721479 -4.777369700339705 -7.69785517667139 -6.197153263043066 -6.150385341186109 -6.233246933652227 -5.573373523897799 -9.911560915003662 -8.412480407956526 -6.4694734055318355 -3.9803696760166023 -1.3444897982794546 1.6632762440546045 4.402585538983216 6.084079524728517 2.4908433289905125 -6.137547453950709 -5.3336629061781835 -2.9664735705622594 -0.55409431025234 -1.1610865112760713 -6.876064504451641 -2.021280335917422 2.8264706699682947 0.4402378886329506 -0.9578744220525882 0.433127175656436 -0.3116976341101083 -1.9110019152985787 -2.53091925688236 2.349535272173282 -5.996458182061142 -4.448490528964134 -1.4945074107604372 0.9254894794490777 -2.182272970788857 -5.64276154615586 -5.52678207295572 -5.438958267545941 -5.610975973250443 -5.184188131746797 -7.161385401234214 -4.519539230794026 -2.304803773846492 0.643440018697851 3.656764003309772 6.666021720120117 8.834218146673342 8.576929362291285 6.5238749325165255 3.453065656936119 1.6303180786123939 -2.290471817360431 -2.0779334202349786 -5.3104103666661455 -12.54822619778118 3.8889198756423786 9.542700226968167 2.5608493370999286 -2.1532126408835093 -6.219798170109329 -5.044030259334066 -7.667844087473184 -4.696830874240044 4.5592614942417375 -7.017656893467247 -4.505790813406149 0.26646046319726757 3.7060093795041342 -1.2306613178086088 -3.575960892886993 -4.878804087614242 -5.043801672771563 -5.263367196859813 -4.891688422927683 -4.664689895785168 -1.1197249581244144 1.2728328723392373 4.533644768329529 7.80399932031301 10.823427095650471 13.10071616396095 13.96334647510308 13.87062122662267 14.357117456074883 10.01568957719875 5.858737005400838 2.9671415610552674 -0.14245230678306728 -3.2272149589739407 2.745165318349087 15.122418818527814 9.016659620458757 1.9133662754266032 -0.457135762996927 -2.0827112855346663 -3.3911485497434573 2.033370246430836 3.8531105398823082 2.5576635811612167 0.5284569121721624 3.6010249250012922 1.000659452892813 -5.711189379532438 -6.250366893357458 -6.544726463503132 -5.816471606028385 -5.339722748458745 -4.776801311799495 -2.476369757606812 1.7119671249882105 4.169071252400485 7.562554935881089 10.957698651970476 14.10789999318141 16.522991230684053 17.418407098135603 17.533119608484856 18.817395907638854 20.216725052678324 22.032126913108435 15.730601634661822 3.80610287996441 -0.4912850974112507 3.0508303410093527 14.933730769742432 12.707624845573308 7.550702211957295 7.272604975724011 1.4171809260258548 -1.8282156474379305 2.270102756423742 8.452575850146141 10.541597445410316 -2.6287748647249676 -1.5573126287615047 -2.831875288553457 -1.7441771231050331 -4.077468818918954 -7.696544284079844 -6.517137770940669 -5.786051551773534 -4.859400183133758 -0.5661936046781882 4.067314425464537 6.511900109782488 9.924582239017425 13.344415695331975 16.583987947006637 19.191934091947793 20.48873124392271 20.824134191811932 22.0266866879333 24.45637500710754 24.795373184427124 20.798733078370045 13.68042172909743 8.396288521065248 7.980612902315176 10.488916977531883 12.056654057217711 14.494337977637489 11.860016329938938 0.539877806362697 -3.679084236044698 3.3462885596152083 6.785840794086438 5.605611585754974 5.338193544119033 -2.7530384912140935 -11.185809860148474 2.0882592224556507 0.713398272982645 -7.670764483850779 -7.111295950084133 -6.354254022841291 -5.105435827468244 1.071566051941871 5.991408718571792 8.37031267642694 11.726034268955521 15.095923931793202 18.340054164424632 21.07292918182463 22.845172896925053 23.70684133814177 24.452347400759603 24.872813109015738 23.59073739238546 20.306635556089525 15.854751713721388 11.243962835310585 8.911562659316143 8.642276622182674 8.040698089114818 6.587534766525076 1.9020825301890167 -8.874837727003719 -11.32644219535516 -2.6185357939946092 1.3598458597846177 0.9716356963220543 -0.28240667784875795 -8.045368015095228 -10.695034533238104 -2.9262076540629516 -4.994862321367833 -9.081559769423357 -7.731028225323569 -6.92892383351643 -5.465792369797212 2.441843877165068 7.526669056062109 9.812672648913088 13.06472265460294 16.328334215629713 19.50241765337948 22.252310040079447 24.286637058284363 25.43923990369987 25.72179826158526 25.063012526909443 23.2858399392944 20.46377110846256 16.932099021951966 13.186247594490345 10.21902295661704 8.13153974762744 6.263430466922647 3.930839841652453 -0.33217184726553417 -6.817370837626209 -11.426478829521582 -8.409566338092377 -4.693659516329745 -4.103493722925454 -10.236375572967074 -17.955397600127593 -12.277361239724293 -8.745293960993333 -8.799779564121783 -9.286932216522851 -8.112829191390142 -7.478377374671745 -5.850889362219809 3.545139418405286 8.708647216340303 10.894683944607818 14.023129201611955 17.15064080995394 20.20109949379027 22.864844783651886 24.908603676361068 26.106171385502154 26.22001980830881 25.229393976636164 23.33099988396739 20.722100544598607 17.66721629056658 14.442433139263555 11.432126120882302 8.735545980171441 6.2348672930479365 3.6226877593894167 0.004727232026770962 -4.261949379588844 -7.655688134517908 -8.405430241527405 -8.07933454816121 -8.62089713155169 -11.510494876254665 -15.639019381511867 -10.616050664136026 -10.49357561329391 -9.99282852275087 -9.226286687187741 -8.44404276681716 -7.9706922597675876 -6.209900551042556 4.360813756683656 9.48087039743783 11.543120340039282 14.506862849441596 17.45325218315081 20.323094077872863 22.82999348214879 24.777196694719724 25.942477567974258 26.03587956585255 25.046546305824926 23.24462874571049 20.84550057738817 18.10807142800029 15.214806265294023 12.298710043797223 9.437335491608764 6.6673008340672215 3.911176949289784 0.8196242142749859 -2.4034342007185465 -4.905019397909719 -6.490094333741479 -7.58109853704058 -8.293056558713852 -8.967605240682408 -10.043202208350152 -10.022737521915174 -9.804123315110495 -9.452512511497066 -9.145805416043475 -8.684665692961492 -8.322209299216492 -6.466793179019302 4.902719163464371 10.003729237664412 11.989683977685408 14.849700377470606 17.67831846761764 20.4254604132377 22.821986385497965 24.699623632948395 25.853189666686617 26.001133794165533 25.129953396724783 23.492018969892065 21.276444179167218 18.697476807268902 15.903627838098988 12.984593094952725 10.032727793326735 7.1472822683109705 4.350482312994636 1.5331446073725756 -1.2011939849192554 -3.5022076506835518 -5.274093682942996 -6.609658556841519 -7.612812538409779 -8.509031528237651 -9.291041836142739 -9.677165256821928 -9.672568119868185 -9.52831569283197 -9.327769314555226 -8.925481718116997 -8.603958630869922 -6.680575734500912 4.694082585998006 8.730886363832575 10.20485550226045 12.335963511636365 14.42213071234089 16.436078183879577 18.186505544445765 19.57287153834805 20.461515290788995 20.671388926705003 20.18008754054951 19.12077382110282 17.59250218135687 15.705256828533537 13.554231698045982 11.223410812984614 8.796747372223995 6.35950313757617 3.9811422856229655 1.7198108038264375 -0.382132999732107 -2.3035768353891894 -4.014047079174148 -5.477425385728595 -6.664242031300609 -7.535726212807668 -8.108856159397481 -8.4690129512271 -8.642539318705989 -8.59057265778869 -8.360858462894944 -7.962353245599188 -7.687578861894595 -5.8799180558861455)
(UseCyclicTransform "false")
(UseDirectionCosines "true")
