(BSplineTransformSplineOrder 3)
(CompressResultImage "false")
(DefaultPixelValue 0)
(Direction 1 0 0 1)
(FinalBSplineInterpolationOrder 3)
(FixedImageDimension 2)
(FixedInternalImagePixelType "float")
(GridDirection 1 0 0 1)
(GridIndex 0 0)
(GridOrigin -84.83866601256977 -83.20144189941504)
(GridSize 26 22)
(GridSpacing 80.40305452662041 80.5921416001425)
(HowToCombineTransforms "Compose")
(Index 0 0)
(InitialTransformParameterFileName "")
(MovingImageDimension 2)
(MovingInternalImagePixelType "float")
(NumberOfParameters 1144)
(Origin 0 0)
(ResampleInterpolator "FinalBSplineInterpolator")
(Resampler "DefaultResampler")
(ResultImageFormat "tif")
(ResultImagePixelType "unsigned short")
(Size 1835 1515)
(Spacing 1 1)
(Transform "RecursiveBSplineTransform")
(TransformParameters 3.4369524246992165 4.20583527425582 4.0336924275470265 3.797426700443813 3.397367944544714 2.8375518792064742 2.1421070668797726 1.4079122899253353 0.7055692373191741 0.1091287962335659 -0.3569193906770432 -0.7175466089480318 -0.9896037548595434 -1.1987742733979627 -1.3565944123675142 -1.4603887275248628 -1.5132327641377206 -1.5224562282005696 -1.488808726415268 -1.406610618687052 -1.271449766528547 -1.069592483582001 -0.8201645785459121 -0.5520355018815871 -0.35069189013334323 0.020667332177776897 6.976799509330248 9.038803742060495 8.633445389906033 7.942819292427426 6.738007791744277 5.261112580119647 3.61811600487793 1.9690180814716225 0.4512736039429188 -0.7433947252227271 -1.5733484534191016 -2.13661101601101 -2.4953021595323293 -2.7048415045796648 -2.8141087370533184 -2.879783940105672 -2.930089469356414 -2.971560941972714 -2.983467008417856 -2.9054767186873187 -2.69712795008592 -2.3018196614740396 -1.7574786250317953 -1.150808988047057 -0.682034598222831 0.10127360063104916 8.839361191348232 11.760930069802814 11.298327208255015 10.286643684939667 8.292549387841545 6.082148135773634 4.015973882546947 1.9610072688820104 0.21891529044933924 -1.3239948666142107 -2.435372053445136 -3.1334872273188368 -3.493000486459347 -3.59708677736102 -3.536216315309215 -3.490281991752385 -3.508266526562212 -3.579272908567724 -3.6489813171983605 -3.5910375280770324 -3.338976065489496 -2.840216164350942 -2.151590175458308 -1.386213054200077 -0.7933884897143445 0.1515134603330282 11.09627538437153 15.419991762266902 15.175217716791312 13.427374574451047 8.113282178166134 3.380155924201517 2.0685285686744033 2.925756720909904 2.362290145828266 -3.269585312175357 -6.588527203643317 -8.904755292009312 -6.35968096199929 -5.66453730660228 -4.8704281518613755 -4.35482635299605 -4.14328373684612 -4.1820048395504354 -4.288319872479568 -4.190967240939369 -3.8191455675471606 -3.138526976051825 -2.234255776920801 -1.3111945968117096 -0.6166635617994684 0.38150443529906236 12.794294036495787 18.58422827475012 18.690724013524758 17.74775426963344 7.400608434784401 0.8927919005864572 -2.638949340953978 0.2177199652734468 -1.2145968299118823 -8.037474651575392 -13.986533125493844 -20.13771338797262 -17.593979764481343 -8.40992564143668 -6.053169831303309 -5.006712722913073 -4.1490931065064105 -4.181017747476426 -4.14782186754972 -3.327126937296329 -3.609853650608536 -2.7597565257176475 -1.533754948919662 -0.48313069542699016 0.15844873516231267 0.8840337867434269 13.501704276093749 20.148345946277438 17.643716301128734 15.231099028166126 11.382160309935731 6.552844170396938 1.7382636067742139 -0.7810412211496854 -0.6548481779132479 -3.4714223944086116 -9.844560253005486 -10.899066458979036 -18.433995944426478 -7.711018210318014 -5.333262717946509 -2.2511803672839625 5.736076298407145 0.30034772301856555 -1.7912339390534162 1.3993708970056957 -7.142154964262418 -5.615616368928466 0.7704397808482509 2.904488504530632 2.008786837832686 1.8306516002588356 13.002350650403624 19.613563389492402 22.027045055364233 18.809252660875398 12.018397585641997 10.961594117120745 -1.3992445950252297 -0.3857020619725532 0.018566522054656517 -12.446691682586403 -8.288455687043767 -10.702710146930134 -10.419760466961995 -13.462051387547184 -7.452938753409256 -1.1778707377777642 17.631759230158895 5.909011750589651 -2.430615203143194 1.1365140213128162 -1.6673211260764005 -2.5597731241298014 4.427784272068205 6.950665859790277 4.733836208268949 3.1293230950752133 11.473344632748201 16.60431971753192 21.825401187323028 20.85537645592657 2.6943045563409718 -4.233560734319382 -4.989506300324272 2.8124199923043367 -3.3148061753183473 -10.710025191646503 -7.472618524726806 -12.21618979466006 -8.777483392787087 -10.943600734249005 -11.308508344069972 -10.949556003491608 9.062374352194325 2.3478662291642056 -3.112183985544077 3.2726250875944576 3.361916629104921 2.6328103670620346 5.586433374453131 6.838063740441341 7.049602107652652 4.424414140725071 9.094098279767664 11.565702739669684 11.142843800207574 10.232957704763114 -4.20847619441611 -1.8413934178238602 3.4983070756672716 0.041589242675085285 -9.993265138660998 -11.682011839629615 -9.550916483796435 -12.524828044910407 -10.204813493970319 -6.243676169634397 -9.733080543105753 -8.790500774336865 7.700510079764371 12.896371084997568 12.304389432824209 13.504465792862218 15.733880093781703 11.551106287783517 5.551227223321355 8.165458257317265 9.608993558657865 5.444574736788789 6.164324662571848 6.049377757343475 4.677390140647233 5.579258221976458 -5.9367685214969566 -4.908324849857742 -8.317218041516476 -10.713364099944853 -14.062817910205382 -13.852756491240592 -12.470848877421036 -14.991475160166107 -15.906974519294124 -13.694501714293873 -12.309849652018688 -7.21079177926042 0.8287875016065066 -0.8302335244211352 5.425693345478654 12.852922513407226 20.762720809772077 14.543626496431525 8.719405080113482 11.9187720629646 10.818229953565979 5.819564128172007 2.98811499446282 0.8923321684243511 -3.3173394013160933 -7.336736595191279 -10.678722577130925 -6.515856225113916 -20.92439020434252 -18.678315650389017 -12.926066081546137 -11.55210219445826 -9.169184284582535 -13.955642298749568 -20.22918837799902 -14.884887183368543 -13.555697846855237 -12.202082731728392 -3.9743454275056553 -4.7204933416297825 3.201547691126691 6.859320732484524 10.675514332237222 10.146209519423376 9.1515120355611 10.175604172857684 9.87759603492 5.508222686874497 -0.08242049868553587 -1.8296445890580562 0.7746011810316648 -9.07746230598675 -14.910298549464352 -12.195262373854055 -12.623145354079723 -14.799125637426986 -11.110450404457882 -12.626667762517952 -11.166203702868442 -9.62555108980555 -14.922289688428009 -16.04590576332513 -12.862366255988835 -9.390846979848419 -3.2032625270090342 1.8508898678827588 6.10660052926856 8.399177427196713 10.690731871055965 10.053317961017529 11.191233328854143 10.18082104600218 8.665098937928091 4.808956383515646 -2.760428548573096 -6.745973389612783 -7.447610639630929 -7.3700622986984055 -8.310912906922745 -9.202756282030329 -6.8357413983702 -7.025057536742565 -6.908433345213086 -10.370043078574415 -10.512755725681469 -8.550087745112943 -8.60556539079321 -7.524853683058704 -5.757371689705409 -6.056660323939882 -2.4031700713934674 2.6308090799971904 6.139653720802681 7.0781721136838645 10.258086241816649 8.713278777033592 10.612540005755468 8.591367844723488 7.0843077871983375 3.9187725327862983 -4.748731732515001 -9.339881178247913 -10.076294605123215 -9.38481174709846 -13.965889044980633 -16.900521902095523 -13.219549573442016 -6.187020063977627 -1.0636959927810654 -3.2429011462004453 -4.30742065864273 -6.236767725611268 -4.589559423138352 -1.6553760334217527 1.5634755546016776 -3.3508221972722527 -1.6022220079645806 3.2922709313760556 6.10690423706416 6.978810828391284 8.662757167554403 6.453281227877415 8.220568369146566 5.882123832063826 5.354480603189879 3.0578836554963615 -5.954828157610024 -9.484093702978994 -7.598203627353157 -16.09865840842309 -17.950686383008602 -16.21891489691602 -6.3073634182249 -2.8093234711616133 -1.2597178951844696 -1.091319928244037 -0.02713685648135791 -3.1065064209100477 -1.5101478410194205 1.0666523123456948 2.3917678998947336 0.3392752420214771 0.2891826750199619 2.6065291329444285 4.257969853416611 5.609113830668069 6.823266532358508 7.035068630315976 6.65608616472789 4.988373979317032 4.163293065346875 2.3231805593215276 -6.489646271323319 -10.929261866060605 -10.595287914742697 -18.848290097901387 -16.753472978377236 -12.306499074129475 -4.376076367829301 -3.3755035795927397 -1.4485042836724122 -0.714176679028997 -1.4664820035975163 1.9301009907933586 3.8234037038482445 6.138448173550074 5.68381442221098 3.1514571365599133 0.614249814907777 2.88563396219195 3.8963786980177124 4.68178316605579 5.0993644332606545 4.909009843020971 4.365754605063059 3.5923109753784535 2.931329126840443 1.6807492322654556 -6.435599170977167 -10.610773557073404 -12.453416048713517 -14.260126814277347 -10.108413209985853 -10.166197801030847 -7.735767914649686 -0.7614714849262789 2.8395338664307976 5.539266993186964 2.750962787543454 7.751968743669303 10.4069485568691 15.004580338423438 10.510211831269764 6.281140111174305 1.8597886634547485 1.7990063598228216 3.2847778337878326 4.849775001409677 4.412583739320463 2.856646777336569 3.331833061146138 2.5029890114473905 1.6716469989296598 1.1525033337375683 -5.92166278143472 -9.187382536369197 -9.468003180841604 -7.89998926501585 -7.270431800433651 -6.70000271216095 -6.34103607336177 3.877664074218157 9.071742920978137 13.447904480608225 14.319329822315346 9.35430543662261 3.8241496915400495 10.366799778863276 10.263670901848478 7.830949080707659 5.487794559594172 1.1976592832739488 3.4685977666646415 6.85544857933621 5.004147315440204 3.604473260119804 -0.5615758620162438 -1.4149123063165414 0.7405625741102168 0.7992078271068933 -5.114738231065723 -7.493340944566081 -7.646988594012793 -7.3875034885665025 -6.393425054704177 -4.54705213102053 -2.5779556201647966 3.1417262234717507 6.754739412546047 8.739435488838563 9.955145288541845 8.915730264368015 6.732548450453645 9.464024043684681 9.282312898732776 8.045438295787287 6.291098833168813 3.7141885915875115 4.245127813838768 4.683996927012674 3.718981178402282 3.2521730004062444 -0.6300478327727547 -0.8191011407771359 0.6573308513852655 0.6151736599992106 -4.144491530712551 -5.786621080838755 -5.830980268658643 -5.665258955010232 -4.878505352677019 -3.2272277989370757 -0.753185648647105 2.0610620063202996 4.744183595095165 6.689109526961092 7.779625204014065 8.388962711630992 8.631835833611413 8.326567443266834 7.486700957628397 6.241499473694962 4.828264263723841 3.7509748536682044 3.179461413023249 2.7491633708032817 2.260367476713685 1.6898013126040816 1.0510248311587878 0.7333456235049369 0.7339871920808122 0.5150764675065413 -3.4035724889860357 -4.5972177074495395 -4.562357583613412 -4.351607176784759 -3.671828563477938 -2.3438208575098294 -0.42603631545173815 1.7289431623316938 3.8017570749174627 5.391215174563579 6.382463264432968 6.968193878210552 7.175075615538098 6.912884806813559 6.219782563426406 5.247418956718663 4.183979707349326 3.3369001798571345 2.7785488082300827 2.3440125261071842 1.9632242683358012 1.5748320033756806 1.19102964475053 0.9149949307691413 0.7947000623179974 0.47762295878396144 -1.6920746946679848 -2.110234782120813 -2.0266246000009867 -1.8381518134402957 -1.4482365179327499 -0.8109024150143262 0.04348616325451642 0.9769378427633489 1.8857821669420578 2.6607719490952872 3.23996333482466 3.6041133621005046 3.740920098522839 3.645120539272102 3.3548185675519036 2.9596846473656506 2.529999914020707 2.1409320289929674 1.8215125672641062 1.5567191498864288 1.3350095951907472 1.1302705364628196 0.9372494275038772 0.7464179465316644 0.6087981119694935 0.298057986543241 1.9343768898243991 4.614689268383358 5.886361672233998 7.647339656852136 9.34835871218431 10.853443648230641 12.03109635938933 12.93009268575484 13.496524828315469 13.595512927964988 13.216908429286338 12.460140051311333 11.380880900229885 10.012470161180927 8.418975685077461 6.69233114058817 4.922206414529622 3.205908666117847 1.6255913451879378 0.24968662918554854 -0.8495840717630752 -1.567473323093442 -1.9175965920983622 -2.0066642421232044 -1.980823420443124 -1.5916091383655246 2.000144528051422 5.694052642792541 7.431249469058444 9.843433611597243 12.2319555199175 14.598541023378631 16.665805841095104 17.9602192633412 18.50506978029343 18.91819133574342 19.23791675491956 18.99437852959079 18.02177275479538 16.2785687646979 13.829588466249813 10.8996214341661 7.66994734040833 4.283699183915297 0.9776559920079343 -1.8922440959485647 -4.06268993511982 -5.246418805304504 -5.498277773950136 -5.1366315309940465 -4.657593860170455 -3.1007257084959536 1.903235712821627 5.650888122435604 7.329044364294075 9.631614158583831 11.874546887394851 15.26447360324575 18.68435971418384 19.681481754851063 19.29717423905945 19.62431392932596 20.676435383128016 20.998067605952762 20.271230003951242 18.59413150324658 15.95259390106441 12.612215573559936 8.765506727181206 4.487154112684492 0.15960483952120036 -3.496923199022288 -6.0787274235490925 -7.344875945277837 -7.4155567473120465 -6.725293834233742 -5.9598995593266935 -3.750432864330663 1.5771146125263 5.458109514323099 7.167640096400576 9.056139871050759 9.948806584238234 22.11645284716481 35.69973186773792 35.104697302620856 25.474313688960336 23.530401039374276 29.11391767046267 24.140782989906484 20.54131691028394 21.398525262750702 18.80630746958264 15.176061155077967 10.664334220925554 4.942974267890748 -1.2323893203972505 -6.0112678969715345 -8.73500219055993 -9.790659491185227 -9.550789576260408 -8.439379841680093 -7.343829612741255 -4.445480061654105 0.884843483332503 4.709399308871646 6.5271183919189175 12.012151123588852 11.704230022561315 18.935609209114638 29.414572816694506 29.53370816029121 19.546841931643065 19.360584448766048 25.80873913019983 21.82063639758831 24.630682382420307 22.35510914283861 20.79953895129781 17.71434080971571 13.007898178314353 5.6051432693605525 -3.3502665861574052 -7.646930919716506 -10.569265399858812 -11.49913612129647 -11.041153759705438 -9.33584585610486 -7.978213422871354 -4.749697715237045 -0.3726777170766704 2.7711199761581757 4.135955159621494 14.335048656484428 8.540540427097795 7.899579829690189 13.289178066307265 10.120448011797182 15.920063178780051 11.579369860570736 16.36304907612869 27.372623751494668 32.62247470332431 19.656398550543358 21.866402957419425 22.74843312180982 25.087374836801526 16.773724808143108 -6.723652243371324 -7.387322865737679 -6.608613962142714 -5.296148614007126 -12.4213890383361 -10.09207559699218 -7.341266040722581 -4.392437591805674 -2.117575676561037 -0.30669062134225245 0.12437490765671508 2.6048969211032604 -2.622557824738612 9.944779231496899 13.23224089753524 8.043381691016421 10.597065855794888 5.0146962065038885 11.969951808269691 15.937543125479364 25.222577790800823 27.004098014394508 29.03098572091438 27.226073831729032 29.036831449134755 26.31646165494396 6.216989177520377 -9.384160504520656 -2.787129555740068 6.9459721787488675 -8.544119877516385 -8.615623194147856 -5.378426224135534 -3.4004115415256018 -3.9901784226267734 -3.6475282349740805 -3.8617882696690513 -8.078335293460658 -7.059945607187773 -3.65128056873234 0.046512693301572164 -5.110771969349047 -2.4410463444375754 4.738137693308981 14.098147872162633 14.095727499001251 17.137360945230963 21.663603768188718 21.91434662287298 19.83603300306083 9.117706247244564 1.807496073063736 4.868546156072335 -6.0769356861126775 -8.443815689268689 -2.186614468773905 -5.306627318294234 -3.8220659012752782 -2.8267430548993544 -2.19224423976049 -5.710618822439212 -6.710336862638797 -5.635103332134425 -3.433057152978429 0.49436343797446236 -6.659826602790892 -6.2339377926710196 -8.638894133120615 -4.768417713396972 3.6148394032298543 10.867235263840385 11.774087220957066 13.66530346601485 19.846542880143723 16.249558838372078 14.381272230357688 0.6650609181930115 -8.982722097742002 -9.359362544824577 -12.145651228952259 -10.125421069091649 -9.187394534748178 -4.792573772002508 -1.6970499238775774 -0.45849297213964046 -1.092339347859663 -6.931648615048079 -9.105329349931814 -11.627253338315867 -11.33683888191663 -3.7876035671848753 -3.9988818379983218 -7.240560790797671 -14.930557108015158 -11.149522437597582 -2.4841966870992027 5.553555221245848 6.010233093739062 8.933880154729534 8.741275655859631 4.078104441910973 7.918598271813417 10.12153137714751 15.120576757454886 -6.718973552124778 -6.684582906645259 -1.9961133980202561 -3.7404464945679994 -0.05858094402833857 -0.23078403761291977 0.44191050871017606 -0.5373573929896658 -7.574895900221181 -10.474862588156919 -13.7037910468272 -21.851853027670415 -17.834991618134403 -10.452609475793574 -13.372531494151854 -11.414009707386882 -9.825820941303887 -7.8406267529915805 -2.365794227761348 -5.715298025038008 -3.644322613666943 -2.699669779588326 -3.4424913809515107 -0.739704453256281 3.673491591758119 9.211036047228982 -0.47077140327232503 2.4002648802037316 2.648790754578065 1.3914653140531388 -0.7609099940763674 0.3889361242650782 0.44486772841518585 -0.6089046626968927 -7.8334453434976545 -10.457915442653945 -6.40361416042955 -11.545397156001616 -14.325638580020653 -10.410861221299323 -12.028901009055291 -12.037728522953635 -11.911309500198781 -7.101551438742876 -2.448570912391495 -5.27699763483385 -5.57199132146164 -4.823714460692884 -7.075970879365292 -1.6096073727753526 1.6513336852133869 0.42992848802205574 -0.39334581911224986 0.31625957517746967 0.345302074350512 0.7141212523518391 -1.8515713788126236 0.13504967187134742 -0.21963122815793668 -1.040525300492905 -7.834034921454455 -11.011642050092203 -9.221921302765988 -10.995952218799518 -13.120419636998843 -11.40110152197434 -12.914505963914781 -15.396227710806967 -16.329454553331264 -11.855399720367416 -5.706270204295485 -5.499491403919041 -7.324275513446232 -6.8632797111107475 -7.835378867801237 -1.3405583272901207 -1.1115758678928385 -0.8138483722690169 -0.004014698551101767 -0.14816336947648442 -1.1193854919495243 -2.4768395107098926 -0.2427872774295943 -0.49171607793232425 -1.3303201847270527 -1.6622654266123573 -7.725775095599181 -12.120886480774974 -13.548091172904064 -13.560334870381764 -18.088661954349575 -24.213563124062436 -18.909491228595183 -19.532819994689852 -21.15072733614743 -19.710001558979865 -13.874681113884373 -8.953631644128915 -7.621206575153823 -8.200168653538872 -5.95860634776357 -4.984465145467815 -3.289470451685549 -1.1708209079411511 -0.7374062524550837 -1.2225990884271678 -4.151516492581169 -8.32863389345846 -5.805071125806804 -4.29062199594822 -2.4677075778513866 -2.281353584350042 -7.5770968541817725 -11.638815806023835 -14.683453676945179 -19.1669663566557 -20.859091758420764 -23.508884737293084 -18.309492935101506 -15.823469638670106 -19.11317667567687 -20.02372151210821 -16.650334271529015 -14.250382040770477 -10.13208044811576 -11.276900655132044 -7.99373988949729 -7.285393627145187 -5.44154323547724 -3.29099244135894 -2.6235464813910707 -2.3143489021242267 -3.882838110432162 -6.66686635388073 -6.707762445839355 -5.194050100339176 -3.2927472162197313 -2.8012969702066006 -7.394790537319292 -11.604431959431038 -12.563360486805278 -20.51480542404892 -15.855938813478414 -17.508998234087603 -25.966400264514686 -24.7391424712975 -19.671576478643285 -17.517500358141834 -15.201524019308112 -10.003547686960443 -11.199758436701043 -11.71067702847259 -9.924523283431391 -9.341872392868881 -6.897027929494114 -4.440597181978081 -3.0251585269844217 -2.216229567713555 -2.182074910095364 -2.985538929059553 -4.645712695041989 -4.93016006080678 -3.9808734825951726 -3.229915201878498 -7.1794401112292725 -12.67816548850322 -13.507787902417968 -17.720313684567547 -20.20559827898878 -23.859547479137376 -28.140425835233756 -26.21692027566594 -21.4416531855487 -21.984802966451362 -13.071912472897907 -9.717519443223217 -15.021355986205457 -12.707665747792143 -11.949690758254635 -10.74945298730254 -6.007353875048508 -3.040989474425821 2.984703776417612 5.502239360296861 4.702749753417493 -2.664624899907789 -10.413713627815152 -12.011835647126942 -4.911692562772303 -3.525961389590201 -6.881821173565434 -12.583236590456298 -14.427850511112362 -16.54614091708284 -31.094408512682172 -40.49804255136579 -35.2403627627835 -25.94185553437465 -10.197297658742233 -13.822721863519153 -10.967879662175266 -12.057540556177992 -11.19165163162711 -11.905546891921043 -19.62262606605633 -16.21082307558702 -11.17399609227728 -5.131286759944331 1.809509162670885 6.556327435739018 8.612810421991535 -2.6094446525889476 -5.41658596648639 -7.963806802615097 -4.941632886542993 -3.5908747200191566 -6.521401132999075 -11.976294646899339 -14.560628062854963 -18.55655300004721 -26.082811287271618 -29.506749816315676 -27.030041169169323 -22.059428188370287 -12.297610225501035 -11.606637626455715 -12.393384467738777 -13.217803824541447 -8.432749797159925 -7.754587647876226 -18.534336594039182 -17.390241082816217 -14.637422028099918 -10.282357892003054 -10.152114718273797 -8.27240545929595 -7.334480651707682 -8.21150979644881 -6.0391932834017155 -4.981317896483877 -4.618308394129421 -3.4485375063704975 -6.048951403090833 -10.911681996474737 -13.129280447132215 -16.05864245397959 -18.460260021819153 -19.421136730639535 -18.61521705082943 -16.575158360513004 -14.085380620903369 -12.32585312551974 -11.561237681740845 -11.143144687505627 -10.840142310906439 -10.888610185402728 -11.194599161545085 -10.698282598207962 -9.583613471288519 -8.228097401466174 -7.060372491135754 -6.054993393945196 -5.393469211788555 -4.988088404456521 -4.7175300347318725 -4.459089126067938 -4.312603016992545 -3.1957069443012616 -5.738845854857841 -10.052617249135848 -11.863530445370458 -14.175151732720723 -15.930004411021557 -16.558155512098534 -15.923599162845438 -14.533875320935158 -12.848387223312384 -11.575338855261533 -10.899977496477993 -10.499340834483137 -10.24537918664084 -10.1283607383144 -10.026101229281595 -9.66705991490789 -9.000874622740485 -8.129915087171538 -7.146877764613184 -6.206850951870615 -5.411727834210479 -4.861367404099527 -4.549864309694821 -4.280886277560113 -4.133363938741784 -3.011631516905846 -3.8407813559713673 -6.432703859950076 -7.359600647029015 -8.520539228420764 -9.358306092979065 -9.707998638734782 -9.532910635832593 -9.095455620468645 -8.559547863217535 -8.101522647495292 -7.789838621589139 -7.58454455744385 -7.458546789115283 -7.367594876992196 -7.271192282818136 -7.132959495347782 -6.907338810320281 -6.515506197776677 -5.963266329063038 -5.339540088222136 -4.710669126520333 -4.150615311973084 -3.7010523235325383 -3.313137692155344 -3.098222208436455 -2.1490492601236526)
(UseCyclicTransform "false")
(UseDirectionCosines "true")
