(BSplineTransformSplineOrder 3)
(CompressResultImage "false")
(DefaultPixelValue 0)
(Direction 1 0 0 1)
(FinalBSplineInterpolationOrder 3)
(FixedImageDimension 2)
(FixedInternalImagePixelType "float")
(GridDirection 1 0 0 1)
(GridIndex 0 0)
(GridOrigin -114.5006669521997 -113.74209922816726)
(GridSize 35 20)
(GridSpacing 80.05172067028353 80.19112331887936)
(HowToCombineTransforms "Compose")
(Index 0 0)
(InitialTransformParameterFileName "")
(MovingImageDimension 2)
(MovingInternalImagePixelType "float")
(NumberOfParameters 1400)
(Origin 0 0)
(ResampleInterpolator "FinalBSplineInterpolator")
(Resampler "DefaultResampler")
(ResultImageFormat "tif")
(ResultImagePixelType "unsigned short")
(Size 2497 1300)
(Spacing 1 1)
(Transform "RecursiveBSplineTransform")
(TransformParameters 1.135686085690744 1.3289470255166331 1.2771377730391555 1.1688120955208903 1.0351655050262418 0.9121686154325923 0.8244861648336852 0.7838003583872865 0.8010038008683649 0.8830785227429099 1.036959510884262 1.2371209386214554 1.4580698715670612 1.6456365502719597 1.7456390212454993 1.7788178608883778 1.7659258389392671 1.7553531722610503 1.7955236412214834 1.8466028074001593 1.8687769971610682 1.844821286642753 1.757529353739114 1.6017567495152558 1.3724216048553415 1.0549396456172582 0.634472540069143 0.16891144872372837 -0.28344205846780046 -0.7094200428524085 -1.084672542769042 -1.3874397073570122 -1.59149742579798 -1.6878368527238194 -1.5430443992434086 1.87710784591287 2.0864221100745115 1.9018262233880492 1.5783267808220969 1.1861685805641942 0.8059759552668379 0.5049567893528167 0.34271896973263394 0.3772381861153223 0.6365195693586424 1.1503344580826678 1.7202178278610616 2.1502354376732793 2.378508517053602 2.348240518226202 2.2920050989631027 2.392041694735597 2.5765896591485 2.8743964564469433 3.029984678247995 3.1045645822630776 3.0154069651937734 2.7843585461575695 2.716511279152567 2.5454114831319963 2.1683342664371965 1.307619257615461 0.3009895984034942 -0.47351466942514964 -1.5458606328316593 -2.0616359858604723 -2.234795115446493 -2.30711274312777 -2.295922068883634 -1.9826618577118478 2.0612320447656702 2.2466881409579615 2.010908734997374 1.5636236041474554 0.9713059343429067 0.48354514593652254 -0.35644511593410017 -0.5127672258910232 -0.29823369464736615 -0.10458790619436709 0.7630739762107653 1.9733745607841167 3.1264898680306796 3.083821806389163 2.2036953850386354 1.0842768412776704 1.5815035480225308 2.065320912736479 3.299484114209163 3.5297640787868647 4.181988776092687 3.388445608957769 2.3956004630786065 2.84942157708487 2.7193205162907033 2.7489466824991653 2.1748333035350536 0.7147605009824349 -0.28358716994404665 -1.9139532050000658 -2.670630633039652 -2.6581311303890374 -2.569878858151651 -2.4580196750122982 -2.042521979222643 2.3506248679832256 2.5135085904436045 2.295111632252586 1.53522146061361 0.27667597546203343 0.00185995599750214 -2.585175822722127 -2.6007120040648752 -2.0430656666109224 -1.9254498832902234 0.7070906116027621 2.748949929987843 5.252122223702536 4.191230789816316 1.9914873649538984 -1.2607814856886066 1.304336917746392 2.951786732688347 4.202732524359346 4.630398099034997 5.178562137433936 2.731240400091041 2.849796109723307 3.85001659811809 3.893197127836806 4.731886712319123 2.962539035964918 -2.574138288823544 -3.4553276421335957 -6.5544666522666 -4.652769116920203 -3.127806071027141 -2.8436720275114435 -2.625475043889635 -2.1191023423975963 2.632450090025283 2.882795823040377 2.5516711425860255 1.8152996126173895 0.29269027528480396 -1.4645292886121068 -3.785737332909399 -3.156206335696535 -2.651563616417269 -1.9072213227946844 0.38008199353660227 2.169185103341282 8.776088060959635 4.624064483004604 -0.6430023439444239 -1.362637973986939 0.9459151890074903 3.5541079003302394 4.7636467476485596 4.75092295105157 2.5794793866609975 0.9967616105871662 4.317887803350129 5.581020522134231 4.754020826425988 4.070814874449211 1.032474769307468 -6.630724777605112 -7.730680922158647 -14.549584054942125 -7.82073626968117 -3.3571951899147643 -2.942186623933325 -2.6659895635112596 -2.1385505488633347 2.91540842338042 3.5508207299898507 3.6053682459724037 3.115062002847744 1.9178853631536155 -3.346216269855195 -3.4599488797671656 -1.0612811688956787 2.113990364450011 3.2502881528007053 -4.276570573646381 -0.4847022644064689 8.915550905526834 5.020484468634011 3.5228436803537964 0.015393430491908716 3.6907501507880514 7.07047824735012 3.9119107750893356 3.9876355210264394 2.366326849083358 1.8570121481622959 4.152883504890055 5.381434463540675 4.60977222110971 1.918697209652213 0.012371632639817165 0.5955189060690333 0.15827298571167825 -4.693916516385176 -4.467606439767822 -3.129088009835344 -2.7819185639906467 -2.552890663861765 -2.100196145338368 3.154890378075763 4.34418732213329 4.1765378239824935 4.934059274834194 8.242346507401242 -0.1489644556803657 2.2030382129379475 4.792685497600852 -2.2451560882720365 0.7628606263457934 -5.146036502391912 0.5338926386819117 8.591202252219354 7.288320493240112 2.908978048324739 -1.0725071779612572 2.6634578001790756 0.5871333211216001 -1.2366209801288333 1.8887333825082977 1.5452890315924284 2.5577119399806953 3.841112298543473 4.636272061616025 5.338194540645142 2.817743375032357 -2.786056045707526 3.4487936158321078 -2.623072427448743 -7.347273058448557 -2.583641786140332 -2.4631183793432414 -2.3620607683438677 -2.2794051601828786 -1.993043987743464 3.297456814070311 5.079784732524112 6.12699820009727 6.498958076600544 7.559063602492567 0.1443562765125972 -10.561401231456246 6.76929817574692 3.835949087786989 4.528416749755438 2.278712652759856 -1.048431774909681 2.104272210608918 2.691989225055344 -3.25630786944215 -3.7703995313721625 -4.488870672188405 -6.273443221869582 0.8373077815838196 1.7550314407529868 1.7960068670469351 4.072032632388961 4.492237313647384 5.41949373293709 3.2973072418355165 3.2901935109504827 1.3406474747297867 2.070418313872315 5.185937078929812 -2.7101982712650865 -1.6202108645108853 -1.6465079736361747 -1.8047354013525356 -1.9008836802794167 -1.8226251349062565 3.2926367454782732 5.524241930795276 8.845698445185382 9.058866478971213 8.757508357092439 2.972353037793701 -4.868480530049037 10.9218037881948 5.4168205796016515 4.988320746308943 2.2089100891929854 -2.816028641830476 2.45994749632648 -1.6388016313323734 -6.950450707937405 -5.454186370804724 -5.073420469457858 0.3317023326582144 4.685113231124095 2.068391200472494 3.0997496791567762 0.748836486836722 3.9836847916695857 7.69607274115048 4.038244016650564 -0.6377640702375043 9.914763021578713 3.133397891279994 -0.7607640698949428 2.5747918715261355 -0.35946279189406577 -0.8177561487058996 -1.1914247424977802 -1.458692425036934 -1.5964620803932836 3.0653190676715583 5.174105781060279 9.405699944600297 8.943196549824393 7.926474304075801 2.3649879828544798 2.202175054090925 5.264017766212187 1.827624548357572 -4.2628687655609925 -3.7889031116656633 -4.31063852274628 0.30406033966357865 -1.9511050218571062 -8.026096377162819 -6.185420578521975 -4.642759128707868 -0.991059054019306 0.06282992614222706 1.158461858187732 0.5240586324041325 -2.0598213156238243 3.3864642750055487 6.7382288194877225 11.219173256777761 12.267769651369226 13.110567750081342 3.1659468032933855 -2.0150204199925286 1.2502153213071723 0.5559799301127901 -0.05349256224280848 -0.6021673666643447 -0.9947383485588752 -1.3251135056591579 2.63675641389036 3.61067510339766 5.774616030218872 3.960982245073829 -1.0676712651604419 -4.7032787709085095 -3.2649862834701238 -7.417783677929393 -2.4769468905391148 -0.23369569939990378 -2.1830330924064016 -4.547400298318906 -4.1382557614911635 -5.016709004858185 -6.922546015743422 -5.939532307694625 -4.760209864815093 -2.56590242429301 -1.0903136872531298 0.8484462083796273 -1.460660030482454 -4.309410000354244 3.7200026672984445 4.94905546289249 9.920704780240763 13.965152927970564 10.382092156479205 12.90620618064613 8.254970638792154 3.0580670440276907 1.3992174672948108 0.5703367312392004 -0.10433062075544708 -0.5601922339737305 -1.0336091677405477 2.1440302547216183 1.8550112749245127 1.6376295174309987 0.5038793408338121 -2.3780563640874273 -4.003566355535173 -4.217571570176508 -6.841327186549305 -6.4346305956110434 -2.7483018257650484 -2.5218337051720128 -3.3949828341260426 -7.910188488392482 -8.858373784123227 -7.270601616689465 -5.215812095613777 -3.9863744587699035 -4.215213201879329 -4.380958654207518 -2.569558218273866 -1.068373303740259 -3.500217120027774 1.723104861233126 3.9126870969357226 8.06454413299514 9.448521005207207 6.687165443928454 12.798150396300866 7.708190985364926 3.33842847680486 1.8465968771130226 0.9437898712588059 0.23895801700714256 -0.22636318307611936 -0.7684041234997133 1.6531057727938454 1.3469619605150125 1.1757056735841982 -0.5410907968818734 -2.415868549319444 -4.695265437640256 -1.1671889609464166 -2.224630158835823 -1.0204155310266374 -2.60713508921397 -2.772155320548889 -6.583182096385478 -10.84751712604336 -10.00283997737775 -7.5138790187231015 -5.625292796573205 -2.338260668024107 -6.4465526515077105 -5.961841214079257 -1.2856446762432505 -1.18909682630298 -2.1418308007223636 0.04469492416153766 1.547547887960807 1.540794253229411 2.3932042386262147 2.900917575139936 6.655993133210432 4.501236250317221 2.7050248521827718 1.8038385609781187 1.026568364625026 0.39898729282668166 -0.025641236437382958 -0.5532100557914764 1.170965982902551 0.5170028180043703 -0.20962488010492497 -2.752020597595735 -5.775920183613752 -6.593195540073502 -0.2825342497815393 -0.5172861290709831 2.133420018665863 -8.163124491576417 -7.727288695842063 -6.622493456287429 -7.435123813535252 -10.718063936417535 -9.178951335884506 -4.435508804716854 -2.0444466636614163 -3.4516116310637472 -3.4735423479370016 0.13390632658248436 -3.4495844216464846 -4.577207649777271 -3.1817785200027084 -0.4627981967722129 -3.4043155180376963 -3.1943952097027304 -9.278655909063527 -7.088164734157327 1.2250706098523692 1.6479212544096817 1.3492517284860772 0.8312739654968305 0.36851589833841064 0.03445111391172933 -0.39729338554068294 0.723648737722493 -0.1907909702429584 -0.9724294131827806 -2.426699837547839 -4.973480821330216 -9.233077805830945 -10.778545251686937 -9.131171136431755 -7.114020571351664 -13.01496468537808 -16.240057702964826 -11.11290192715088 -6.9018868723915245 -9.457225708778568 -11.219131270360954 -7.258652156984058 -5.318597851768738 0.36853282066894844 -1.2650478009405361 -6.960116076351547 -8.761916289246885 -1.3695457644768478 -5.578742182341117 -1.353467644286468 -5.886692799309364 -0.9730742556731521 1.481861820770829 -3.6512109262577397 -0.40267711715670823 0.5185340277225909 0.6411304068223579 0.43999439396010626 0.1890505162716715 -0.02225145287683057 -0.30022719694212313 0.333416239252427 -0.7474730638165754 -1.5252894526554828 -2.7214009106511177 -4.359070950552176 -6.750081918060301 -11.407554593337185 -13.544433019418985 -10.427237700867623 -10.709505400205662 -14.908347278402266 -16.40136505086016 -11.1635459599163 -7.883371030804341 -4.0010314962345 1.2210847027424672 -10.88222000026746 -5.186060222479857 -1.3319407456649568 -4.185790644222018 -10.943359680514162 -3.2560065636816056 -2.581551506068299 -2.3061990564525083 -2.573995652962447 -1.32988638523665 1.9086905613410816 -1.0509568438045942 -1.129481903160057 -0.2868507648362993 0.021299976730150993 0.04464945604308901 -0.031454021450334844 -0.12663210034660022 -0.24704124031687547 0.017494934622497918 -1.1351783601110106 -1.8438359187170237 -2.867486264147345 -4.138660456324215 -5.510017033703224 -6.944709994757563 -8.247580131452558 -9.058196394084346 -10.28122137305885 -13.822261255935802 -20.5970801210754 -11.927038897177576 -7.061013336337036 -4.677084457327455 -2.230197077044961 -8.35594794630134 -6.164424279710278 -3.9290707907899067 -3.3839313241219924 -3.3492934821376408 -4.773228441976961 -3.0058267757409163 -3.3324138658701403 -4.447156302344832 -5.383476312383679 -2.519208738136458 -1.7608858463933683 -1.2210743875808463 -0.6812406815443888 -0.3884179271942479 -0.26780785808936647 -0.23408492108068724 -0.23915827499553236 -0.22709636949017833 -0.21912971805740142 -1.3786145285103901 -2.016353557782662 -2.88766815692823 -3.910301884995941 -5.040458043596196 -6.1792140607536865 -7.320035516966117 -8.412232876594517 -9.543809540883197 -11.101426965665675 -12.828450185911736 -10.116635708365578 -8.370641049443442 -6.787899656066767 -5.389220543801109 -5.78409628604008 -5.458513641036406 -5.095762515082718 -4.956789337741018 -3.4179437318392734 -3.904540319908387 -4.057429626283532 -3.930416765469171 -3.6174655476767996 -3.1567851231524187 -2.430926334097063 -1.7607941311266118 -1.265929587238981 -0.9076470109323542 -0.6551854027550055 -0.4911216245682694 -0.3945481150851512 -0.3424028616518589 -0.2336063066978009 -0.35507064028526414 -1.5090281114010515 -2.113285305263771 -2.915530079518645 -3.82633216997013 -4.835304075179675 -5.871976602856904 -6.893326737991958 -7.851738109370679 -8.737364894517619 -9.54144201024168 -9.900747057189285 -9.528248417518649 -8.584925799205593 -7.261688901870938 -6.370389364257733 -6.074525812333493 -5.807437321830774 -5.365502315274307 -5.077181701084882 -4.749492711262642 -4.5052361042798434 -4.2157844038065635 -3.8663326146679275 -3.4522583792030694 -2.965410905881785 -2.3959438791077274 -1.8403627921555197 -1.3943260492314449 -1.0473995845534076 -0.78827877310413 -0.6061254187311529 -0.4838815192243602 -0.4080393642807486 -0.24941703010350957 -0.528713609165932 -1.443804990471842 -1.8837519433644239 -2.4458187435868903 -3.058946851037257 -3.725764743101414 -4.400929849499399 -5.046581204227132 -5.621362155288776 -6.078361011292977 -6.37046557571886 -6.512845703418497 -6.520080793475366 -6.399237284222432 -6.144570721575076 -5.787735774831857 -5.368425344622086 -4.953242384181424 -4.608418792874651 -4.301144789426475 -3.994660456628321 -3.6874978964013048 -3.377408813216978 -3.0587625729121015 -2.725948072716018 -2.386544273532776 -2.048102928740039 -1.7186031146276193 -1.4059651120969872 -1.1310519488039203 -0.9138259204845477 -0.7486503154748374 -0.6178737509467417 -0.5222228353357071 -0.29477701631016406 0.8078188759728558 1.04782236478374 1.0664861466955804 1.0511705461493708 1.0031151056649414 0.9298338288741408 0.8254763779915741 0.6712190577904409 0.44727802100495445 0.12991013328125453 -0.3046668517041905 -0.802152973595104 -1.3082691692832475 -1.7836108597613924 -2.1889401502707786 -2.523071034707275 -2.784686201477497 -2.9735560965875307 -3.089543572885559 -3.147910011563259 -3.1638674094456367 -3.1451075542424416 -3.099365652414427 -3.0233460572447846 -2.913901970365569 -2.7749921374029376 -2.609674637626901 -2.4210896935203636 -2.2111376191007395 -1.9962014389209788 -1.788884361005784 -1.5933216081344255 -1.3994743422861042 -1.2322466625743929 -0.7816570855613925 1.2036737566674325 1.535528082096978 1.5591474170160575 1.5338613336853415 1.4613085094948621 1.3576941303230308 1.2206389317633737 1.0191720951824463 0.7224470668794981 0.27200086928525524 -0.3892805746427825 -1.26734041885213 -2.382996215598798 -3.3472166695793395 -3.8708632566706256 -4.157654547446164 -4.34617136824924 -4.422497797278754 -4.480438197975785 -4.526462210393794 -4.5042521202722074 -4.4504199751947 -4.304174653942957 -4.137170586052312 -4.108522202618869 -4.216518608752448 -4.240619573364868 -3.9064402915039245 -3.13286744323894 -2.5672545175815733 -2.227911101540571 -1.9336262908390465 -1.6581614613403455 -1.4334685493184864 -0.885494995097952 1.2807344519030393 1.6096099890152336 1.637739819281669 1.6061180894697153 1.4225751016117427 1.3160764920035144 1.470141781480285 1.156193770613044 0.7001712670367977 0.3464501816844563 -0.06608077216959062 -1.32240275960835 -4.241877788379896 -5.051924242196171 -4.723163938516224 -4.8440589685701365 -5.068581186649539 -4.648130721768165 -4.624363261497726 -5.41487567448674 -5.586737063510516 -5.583066885816912 -5.4067344215401345 -4.668630631648806 -4.451672483700901 -5.2623585908045545 -5.598640280274687 -5.0091518587549055 -3.9990783632044127 -3.5484563757975764 -2.353729134641369 -1.9237985547730656 -1.6391164672370013 -1.413263974620759 -0.8662451193189853 1.4176553758936488 1.730216889751028 1.8200464855794365 1.8645037208347683 1.2056821900969255 0.8798428218942168 1.7353478334026353 1.5803916245888057 0.7334915699588359 0.8419282700788987 2.1958853212027285 3.1138747793981785 -3.9589668563700777 -5.222878563829535 -4.151613720504546 -4.986027232017251 -4.248151852566751 -4.699421864709689 -4.913208593453998 -5.817553618269009 -5.748014385403888 -6.395170599445322 -6.759896733580123 -4.097921599401027 -4.840248579563453 -6.858107396528575 -6.954551725469838 -5.749830691424501 -4.930220437356414 -3.0287918466618065 -2.0418121523080575 -1.8148799033875131 -1.5610913380016143 -1.357689324541534 -0.8387661761677881 1.5604200028150028 1.7109267227262674 1.4784197744910352 1.5398891241754842 1.1570828504745536 0.9395164567852432 0.698280433269501 0.8986217752504938 0.7821437091440382 0.7847023061926178 3.8859824893392148 1.6850847616832119 -9.840970463844737 -6.539471866871566 -1.8455249617504297 -4.581697085153341 -1.2435155505388344 -3.042327502256781 -4.323767196458709 -4.622575369560801 -6.205439482748019 -6.161083779289734 -4.939289880551218 -2.3490773689540094 -4.18860074752353 -7.3833342190598525 -9.921641392616257 -8.693352668237173 -5.044301440231308 -2.3313634640716154 -1.9179754284580774 -1.536629302350243 -1.3773384343024448 -1.2313791313412852 -0.787681200142595 1.7069580762046364 1.5834238285432314 0.7249001435165294 -0.18861404988322694 0.14608480230874268 -1.0966523337036789 -0.2189601564376858 1.629832259829084 1.5096836299800784 3.055311346702027 3.549786033194725 -1.6344689213900465 -10.170323879253587 -4.3042610693946015 -1.70300845222904 -2.2852109495974946 -0.9357232969767701 -0.7527035132749974 -0.47989441637938 -2.605402325460263 -6.207088342161914 -4.826521148197216 -2.7238467483693665 -1.449100495812265 -3.119055575747833 -4.812401441476122 -5.213765212526503 -5.816040457174465 -2.5559500737421903 2.0453580903780058 -0.5848926844309192 -1.126610056611474 -1.1027167038491763 -1.0391318235641849 -0.7113405255389983 1.8608680746714346 1.5174173744788284 -0.1860081247455012 -4.643196644488186 -1.247373941979381 0.9887018873598297 2.63165982446838 5.833969165658126 3.069314308708231 5.708608082194486 6.014785946089711 3.2796688282359936 -3.3009855105716546 -4.302509651791658 -4.409043962205196 -3.673221171146837 -0.4272731737531416 1.3987306735170268 0.256404455914537 -1.2737389876869165 -2.42720068768922 -1.1996289000107032 0.05750291967312114 -0.2725912523842594 -0.7982804676344318 -2.5995907691671953 -1.609528224625138 -1.510336751601708 -1.753596697889034 1.265089583698506 -0.08703344601706203 -0.6547290749269302 -0.7657437768866248 -0.7946054541603541 -0.60955757191598 2.066779179350144 1.9284122446355618 1.4232546771440415 -0.2020592281770571 0.13562017532180837 3.4282664323005725 5.17633710505392 7.787554579687219 5.76206570283022 7.087362354099522 10.819942466727191 5.905047257281097 -1.5049938778875085 -2.111206261366506 -0.45700549165384535 -2.8046771807941564 -1.8956135294264203 -0.3739530477222429 -1.3049892293460585 0.553400005090241 -0.30909437371647513 0.6206488765246246 -0.8501476374239212 -0.9317967082493964 -2.972562092790272 -5.087681614572336 0.41542846562461117 -1.7558898279538975 -1.1079585656926936 -0.08668513628831188 -0.11513776749727385 -0.2786479835096189 -0.4420132675732722 -0.540467801203467 -0.48946716970820037 2.31406557813839 2.7795202049121337 3.0997948527593633 3.9403096624755403 4.622096960935986 7.5562797300252935 13.468487316285097 13.758642062405194 8.645563795413254 9.778384750292954 10.008152177533175 3.5713480395143735 2.4425730420466247 3.4574186968851808 1.634279120062745 -0.14251583284637342 -1.0168637086797934 -2.414788330732233 1.261915732760253 3.3742625564173165 2.1737436788564666 0.48393632449988927 -1.716520468459526 -2.041396186045434 -3.9499208111756157 -0.807233814581743 8.111085372252983 3.663956980744873 -2.6702434710366085 -0.39254881018032334 0.03607223594764245 -0.018470966341826874 -0.15907875858139775 -0.2974639116168588 -0.35789385873101437 2.541006762731195 3.5424206023241607 3.2325628756635445 4.140677128550517 7.395107896909268 6.945796250930742 14.011004312547422 13.310182559774496 8.122053858105218 5.707697060125272 3.966163204023704 1.9174140182347714 -1.9559347862105985 -0.3283395716322404 1.3001144850216704 1.6498230825284788 0.3257251867582284 -2.0198679568798537 -0.5799259371701212 2.0741882027307175 2.312991184110041 0.051172874883354376 -0.5329250416264587 -1.558365326899755 6.4009206007796235 14.554809634893068 15.431701405299483 7.045464918215602 -0.1269472399373383 0.30750248360783927 0.21222927464731772 0.23914225637529093 0.09856345465016682 -0.07061936647592168 -0.22328049088412116 2.7145883216152145 4.007497701611626 4.199111727426353 3.5032667895085736 4.790170911010697 5.910438850474269 11.024315060811258 8.264623558111703 2.165739171340425 3.243776489395575 -1.1274896558450274 -0.3185866053040111 -2.6107147701645066 -1.9124671474049582 1.091258704398289 3.135302651254105 1.9171706440161729 -2.1672190928981454 -1.611597873398985 -1.160022953879494 -1.269512591759551 -0.14517746893370262 -0.4206316161818231 -3.793388872739532 3.474373413789312 13.707149775111988 8.258075494015655 5.152806936113715 2.6040061287317617 0.9387073103436961 0.5368405535763127 0.4989837556258456 0.32111349509595444 0.12761959224269293 -0.09455284741079584 2.815704243232914 4.2149868432062 4.692947910583058 4.1174996501420456 2.6917725357240685 3.7813272368106348 7.527405107013332 5.027574550547282 2.8160373043930687 3.003061221990346 -2.589996548361068 0.8626817910786243 2.9587020829347663 3.1621096784914675 1.9558781585688236 2.3926341846299928 1.5249728341763191 -2.338012535124611 -2.489672077703443 -1.4176275345020095 -3.220508702738443 -1.474837836702796 1.063069188940053 -2.375655334207555 2.7278476383075416 5.500113795921766 4.3007493877434815 5.444154440701827 2.550324704026013 1.1865551732398139 0.8263189743880067 0.6929425092113783 0.4789092264537952 0.2785346556257133 0.017165587442151832 2.833955111073849 4.360652861702884 5.101562271460743 6.41357988128885 7.318925690909644 6.647365138329867 6.080831709042962 5.74868359595011 9.269861718695378 5.7206680824757346 0.011032041346572145 0.8684092102273905 6.927770540024488 6.181038655609064 4.82585055751498 4.283286190929141 4.498181454328117 2.142512965409951 -1.9776074433373574 -4.39431305164757 -3.5377408237093535 2.4872219705261096 4.0572036661482365 0.17126507427621632 2.6019218664193358 2.6716895212033935 1.6595375112912583 2.524578163873781 2.1302124467119232 1.3657571597592815 1.0028404574336716 0.7922765983536078 0.5620863504964545 0.37440787430801564 0.10544612065870379 2.763805358241573 4.443954641675739 5.59458322712894 8.136000053559846 11.292665537290265 11.502991213916438 8.706381265045765 8.5619481797117 11.354771973057106 11.752186269146144 6.601886585520162 1.6491954791202639 2.7400554223916114 5.020637299475705 6.114674270014441 5.344956253874623 2.8573899766278767 1.57213866787773 -2.7307639268186086 -6.652336645676075 -6.788007092034701 1.3499919126015816 4.5666706041071405 0.06733469323138076 1.8218343320338615 4.9348180034723494 2.836012675899096 -0.0063588425658695465 1.8516397212281892 1.332159557165942 0.9967287076174475 0.7789055076962524 0.5728171118362732 0.415045955754775 0.16736547561797144 2.611944501178263 4.2546269035640645 5.062731190219286 5.991600952034704 8.034998619351422 11.007625531447063 10.77398605922659 3.4997826407694523 4.57887167838515 10.724562351780369 12.160838200911737 4.122265684838047 4.583832351631485 5.648841055713405 4.839189431317739 5.617964280977967 0.8240497776578976 0.47410174436421193 -1.5454956572820353 -1.9440740872788107 -1.9703528976240112 -4.666357160301226 -2.4164492733414216 -3.2219444725657027 -3.107005233661315 1.8656915079855312 4.4217668687107645 1.9055272441014994 1.4936820617638948 1.074662806848918 0.8173915929554186 0.6693453033322402 0.5232943625381756 0.4069169763480269 0.2021932583588715 2.3962252690421475 3.8659203022837936 4.492129154162142 5.2061572332182635 5.9232061171027794 6.630958905521863 6.924029685731211 4.751078039906257 4.352853330697826 6.659802091450028 4.889627672726067 -0.09579302337762138 4.777120932006782 6.143148299586241 7.263423058230028 4.9338558299573245 -4.325752840651043 -0.783376588915258 0.562881006476268 3.5056556278677053 3.9267362272697697 -3.049978620226694 -4.089015672044672 0.1789935380113492 -6.659889105721007 -2.8905816595693774 2.8669140598385745 1.6771516346244966 1.0514759581163653 0.7497495686729589 0.5979295961025265 0.5245376839871647 0.43967788727221435 0.3648479323572765 0.21111895641239697 2.148692886813718 3.4037660467753845 3.8717492743560467 4.382663108063313 4.836137668772112 5.077349278979673 4.964103071931132 4.882537040138406 4.9505847821196935 4.865543137051946 3.7527793820774447 4.159582316556399 3.8677056625076256 3.0859962707834336 3.2401755593947623 2.5659426856361973 -2.513948852898039 0.8622066570653721 3.228931838808338 2.7811676485433896 1.6687954962807978 1.9807817855794811 -0.3213245504685671 -0.3044141998884479 -3.508164683793214 -1.7175087735015406 0.7198250391259501 0.45762268439534054 0.509701419711465 0.43343577108049314 0.40005356358037664 0.3801159289174288 0.3431801723364335 0.3035687574588318 0.199431740442281 1.8814043919462753 2.929898437295088 3.2727543778099437 3.630694736762137 3.9401979391936615 4.167842186300857 4.22075487021012 4.177211298852486 4.166586197192659 3.9879370443529156 3.637362659300012 4.388575574050511 4.310422490466309 2.4703708959685824 1.6765450106854434 0.9723993204846094 -0.3157222042067087 -0.27185437552260877 -0.4305272696912986 -0.37908925529260323 0.4781314217324583 0.5770231857205028 -0.257799705040762 -0.7493927031723358 -0.9873457301100831 -0.8491283822939026 -0.487000127356143 -0.08461039390622721 0.12234976846356523 0.19268840919042346 0.230981422844512 0.24614398386941544 0.24306005468049008 0.2300293889688399 0.1702636578353596 1.7036096570622463 2.6334026392635033 2.926241830438096 3.2277410662114576 3.487220322878104 3.699195159281641 3.8081482294743094 3.843132568323497 3.829502264821533 3.7298657884466775 3.508958610626091 3.3898967635859485 3.530830961791891 3.013414269432566 2.070856620393215 1.1985362873813095 0.445609908840384 -0.028912762098974462 -0.0628301251872134 0.20535539430517605 0.2164512710231783 -0.04471577199509282 -0.29973238882697617 -0.4894953257762687 -0.6208527764779882 -0.6229147213201179 -0.4239434586067223 -0.17263790048072583 -0.01713370856559783 0.07310227540686491 0.1296753923889837 0.16166570538239416 0.17604474586384064 0.17749479285405245 0.1452342048529862 1.0584102960555266 1.6198266653926976 1.7951174058458321 1.9762342311497985 2.134507461133656 2.278927753789666 2.388287350402091 2.461328803211451 2.4946239345410777 2.4999112124552636 2.4887955048372015 2.402320671427016 2.180339473648029 1.8850349386480894 1.560217419197254 1.2406264630307442 0.9691102671745527 0.7210237169271274 0.47140746067964845 0.2570089733071963 0.1076910883897022 -0.006462616580231148 -0.1140421834736249 -0.1989788603363438 -0.24529870911209406 -0.2645042139906007 -0.2680447531249023 -0.24988429284092772 -0.2040241106313782 -0.14725331830621638 -0.09622550649635257 -0.05296249153628269 -0.01791222120315321 0.005857914417314158 0.03716992603552192)
(UseCyclicTransform "false")
(UseDirectionCosines "true")
