(BSplineTransformSplineOrder 3)
(CompressResultImage "false")
(DefaultPixelValue 0)
(Direction 1 0 0 1)
(FinalBSplineInterpolationOrder 3)
(FixedImageDimension 2)
(FixedInternalImagePixelType "float")
(GridDirection 1 0 0 1)
(GridIndex 0 0)
(GridOrigin -123.1562777189104 -122.88776351734302)
(GridSize 38 20)
(GridSpacing 80.5078541543793 82.16922774390595)
(HowToCombineTransforms "Compose")
(Index 0 0)
(InitialTransformParameterFileName "")
(MovingImageDimension 2)
(MovingInternalImagePixelType "float")
(NumberOfParameters 1520)
(Origin 0 0)
(ResampleInterpolator "FinalBSplineInterpolator")
(Resampler "DefaultResampler")
(ResultImageFormat "tif")
(ResultImagePixelType "unsigned short")
(Size 2721 1324)
(Spacing 1 1)
(Transform "RecursiveBSplineTransform")
(TransformParameters 2.4090805200674583 4.645033218185653 5.285601456558394 6.172133526028729 6.902350104702118 7.436200172027555 7.689453267793068 7.676447196930527 7.379834595004746 6.760507993966273 5.848193488691175 4.739854870531024 3.517931975213522 2.2617666139492365 1.0742406559992006 0.08135535283062864 -0.5870098774553879 -0.7189435396777614 -0.3665796835566094 0.11963691766532647 0.514339554032303 0.4620141078254647 -0.020373091350317788 -0.5765508751891226 -0.9422331952163491 -0.7346894296170027 0.09720537687593504 1.2881131397192789 2.612416423543409 3.770014157212779 4.575158551557368 4.93834610836484 4.75219742610114 3.8289853255468564 2.306308828916349 0.4837432224400411 -0.9566213480264877 -3.64117854257528 3.835594940006104 7.413905986236905 8.447900829138876 9.878649284088139 11.061474519490574 11.930998793535968 12.35087902485452 12.34243319459576 11.876373195631265 10.899281920344768 9.42928155058716 7.5492089330990915 5.3477539696918255 2.8696186940636785 0.43759353404706786 -1.214109491772443 -1.8125619153779162 -1.2815283140653937 0.2407559909094426 2.0707607342639442 5.404065200687701 4.98969393762413 3.0756791741589686 1.0367309696498554 -1.5265018251223401 -2.944723882057063 -2.44236800617078 -0.8095676652631072 1.4143101255975212 3.6359649165965724 5.174570179975045 5.504535097881819 4.538302298402257 2.611673542796252 0.08118037489900988 -2.7401496113815105 -4.969948444502103 -8.21464518370152 4.150105016738422 8.021614996592882 9.139571694328636 10.67708325835228 11.932147878154826 12.822589106695657 13.210220624583025 13.144258216128689 12.607218026065128 11.557809291740432 9.98465168926999 7.952704916202528 5.476677247126317 2.5339539497220245 -0.40897711723308405 -2.242731369208371 -3.5148642294932095 -4.332135918102179 0.9675500948884932 8.91521900129751 15.00743258994825 9.153589315806489 7.480477067398751 8.987192110547664 -1.8182696693277276 -10.750102316667064 -7.571013103830108 -3.5031076502822263 0.6973634351244732 5.044618316388827 7.270090247463066 6.188189405865199 4.5817564216946245 2.163839705210182 -0.6738161076903866 -3.7579221675530783 -6.200482080198869 -9.511322085106443 4.613706938183108 8.911231693607686 10.14552407498273 11.817036128174317 13.139169465115572 14.00055080465158 14.27774451137139 14.110511186296895 13.513694751904874 12.450847294559226 10.833322456061131 8.83040898552431 6.139900867043423 2.086379818429749 -2.0416962493480333 -4.1340802935187275 1.7207166611596783 0.4623382771861976 -4.961958749155672 6.302843765673845 5.92023019582982 1.9960689838575725 0.7282805445862293 7.930701291820617 -1.4576773493248303 -9.774132590016654 -5.03652837291495 -1.4146174279810824 -0.5348024039033036 6.939447643134063 15.266106517729034 6.306236456044652 3.714768989565922 1.0249735190749247 -2.0382406252516794 -5.375140832545634 -8.073671348929368 -11.425739992127594 4.989841134832931 9.621859743198842 10.937515757908187 12.681600479730351 13.99158391601572 14.70995045685282 14.764607264014167 14.465960430739273 13.892293215648127 12.963568131345268 11.459326860679749 9.761262819461898 7.1551535903989505 -1.1738447588647778 -7.997307815156205 -8.233960148833772 -9.92767475053833 3.258491382207295 -1.7598382491325677 -4.802885273941896 -0.8093552779849903 6.264381588358125 5.766501194984197 3.833572084340244 3.578465686149078 8.61948493665345 2.8924481501293693 -0.41075324803691904 -6.850306765881713 1.7752077859916011 7.85541661792468 6.1344935300514045 2.215420979583497 -0.620990065386929 -3.622510664325317 -7.01385493939303 -9.877887673127908 -13.156643128588138 5.261386284421142 10.120199479433136 11.47672907539045 13.223852133479351 14.437185258646972 14.901154309015567 14.649662661466547 14.26571632798017 13.93276778686263 12.833321265147735 8.824329951356576 6.510137640273135 6.684851463267576 2.302612445939246 -2.510340484188204 -5.488724628619049 -5.928422332413021 -5.0061998719114085 1.4787539973319144 -3.5160352597728366 -0.24547962622863892 -3.7112456041536097 -0.07286746021637477 -1.1975963783832382 -1.6353971600390975 -4.525819027661908 -4.8683586264201155 8.203620471754757 5.520953095335792 0.3415752241139352 -4.3493926820966164 -1.0248503253433097 -0.03220897941874727 -3.3621195173559024 -5.415483139523604 -8.400153623795088 -11.46414030830894 -14.597752970639332 5.382645051370406 10.319650829580576 11.667617969550324 13.347120148899764 14.385447445656018 14.515163818408276 13.874387338849342 13.371123387252519 13.333578935799792 14.17540769811515 10.923861058368585 -3.600384275410647 -4.036093201673287 6.9195187480898825 9.122063867490462 2.293776974896673 -14.155481765216802 -8.400092844227178 1.2151793726276814 -4.68026473513425 -12.483069562945365 -10.461293626218108 0.6137871329198187 1.596974849031691 -1.8540645239523095 -7.159296523182677 -6.621481223736497 -1.0005308861742983 -0.5781131336835437 0.48350711927922063 -7.6179813560150205 -1.696110235341715 3.414927235577838 -9.576463321092985 -5.872957070595758 -8.574893181891273 -12.548398681596767 -15.475073737337762 5.365161020481623 10.246716003043817 11.546861862302778 13.10745479641899 13.929632613603852 13.701216852604 12.589624595303682 11.597250728920859 11.189938064248848 15.925052085079908 28.909767646844262 12.535571561690826 -3.458641722395116 6.103728487277918 18.57006420304972 22.088875681056972 -7.49663206373898 -10.635359368083394 9.584089148985953 -4.471258725275056 -9.198019673083841 0.33192621146949786 -5.459214378263981 -3.4944065682306653 -5.2942193647975495 -4.963405997636417 -2.829677567681356 -10.009052003090884 -10.088895215388618 -3.491447910083184 -10.211697556233498 -5.538438990681049 -6.00895262621663 -1.595168841260604 -5.538687358297173 -9.639896756394187 -12.908379756864015 -15.574835504841783 5.21184861951274 9.91019093366201 11.128564846633457 12.527852872775858 13.110073069859597 12.550409042364796 10.959521209875795 9.16778591161501 7.643898604399683 6.434731703246355 7.641464774014119 15.40723099357444 15.00033153096733 5.603931733499532 -5.929957540545538 3.7869931773719068 1.0539648614835753 -16.487706424428083 -3.076739115501173 -5.329365207913324 0.19508935303909303 1.9066225119171343 -5.414487263724585 -4.281238128676813 0.024104537169809263 0.6971411410973849 -2.1778263686192614 -0.6894418779450969 3.133970964492208 -0.09039538270697489 -8.003492934266001 0.8869313221678691 -0.2357588156749659 4.460676571298827 -6.760175729620012 -10.1851301041333 -12.39621526410183 -14.815381826990745 4.928892256164275 9.323640455138841 10.428555049246654 11.637867849923996 11.98555315408828 11.143747272149454 9.175791769997874 6.79083576899594 4.339094629303228 -0.4146887455819453 -8.266980451797927 -21.757241700784054 -22.614119687615776 15.238197469001591 17.667874909437455 4.980648280930966 1.610358536102137 -4.472245481691872 -32.14095173023626 -21.521144033629785 -7.279733464171461 -11.635735743605293 -2.6320902886608764 0.15847368973781642 2.577945949772283 6.217849241988732 -0.593732142965851 -7.515389016274936 -2.8972976364495824 11.348365509598638 6.831644237934951 18.19728376365167 -3.365954848450397 -11.503533672911464 -7.522529198507338 -9.46608338343844 -10.855274969591058 -13.220823260667316 4.539595070570282 8.534216088168998 9.504528616127198 10.510685739450047 10.64891954296087 9.585620323140063 7.391992997224841 4.773831705166579 2.073734969402733 -1.9078747676753776 -6.196468202532796 -6.776442738030141 -22.656585855183614 0.7500435730630555 7.384036204873409 -4.154044862504334 -0.8395280639552165 -5.116309168150631 -26.956923300583544 -14.649487473943903 -8.011733972509848 0.4584364667343208 12.449215756866923 1.889225097358069 2.081272747569275 5.190784688911102 -1.1407026762360546 1.681222927074386 13.447419495850573 20.610086794532535 15.260070450702186 3.062801014556781 -10.429330628470309 -3.8652200432696517 -5.664337309107828 -7.07645813929598 -8.471768604850794 -10.992194876599616 4.08987028028201 7.6328668471682555 8.459817114496918 9.269154164766421 9.239384936710143 8.043970735528829 5.765822056870823 3.141743531352809 0.6041908739741118 1.1223686017510621 1.224529554763114 3.0803690908237558 -8.15293382995037 -6.490118585967391 -9.84397414634342 -15.602524324814905 -11.394163252194064 -7.414409326754726 -2.088004002531587 -6.5163138388194914 -13.561514296011408 -2.5857392690107703 3.398660505697762 -2.5874829828090173 -2.5801095909373117 -1.5316602592905832 2.6175439390162274 12.676181186174725 15.996408245784849 4.958565185070269 2.526100825114248 -1.5210351910053017 -7.224630754831119 -6.252042280661458 0.6469061646072 -3.8989554144420406 -5.672224690559118 -8.588307249957504 3.610302912307747 6.680084385915922 7.363597759356441 7.99613159354897 7.850141464000356 6.61436862001376 4.377563319999579 1.8454675888896144 -0.5765245029749029 0.06311901585887544 -6.042753240363736 -8.204468988285221 -17.633791118183364 -22.069952414526572 -19.323251986443875 -19.37377208175744 -16.355585133227127 -14.684173602017083 -13.861268963090774 -4.719262851076677 -3.0676328436421336 -15.887463538070271 -17.5996273683572 -8.5124320112703 -20.582032756075712 -13.582548725993309 5.77701084898552 10.8443845849177 19.190243872289766 -4.98554169442041 4.539597417092226 12.11678620376266 13.985746357288077 2.025239870304765 -0.972443551044533 -1.026844445736166 -2.8554975583562228 -6.270289244527233 3.1236558935292362 5.721230756676921 6.269688701433666 6.748247932934627 6.5304642100123855 5.3429588045246925 3.24252991138736 0.7818751099519493 -1.7776671057635367 -3.6476276077136487 -9.906265263045178 -12.82589003610714 -15.9636633425683 -20.139262569661184 -17.9626812155269 -18.71534863723694 -17.292895982339303 -14.971604826177384 -25.840160751179972 -13.174786064064238 -18.70691136911727 -23.19055113921997 -15.59835134574499 -3.737535287523482 -7.384639852814744 -3.1969360761358376 6.685841866462728 14.187950567544945 17.808651667783625 2.088687230973835 -7.801286804340248 3.4096885312235248 6.977207809779386 -8.284354469691522 2.372149675008447 1.7123120902952362 -0.5679125130826747 -4.177129992694942 2.646878548208194 4.789397037872701 5.213471743970629 5.558676119168175 5.305325492432246 4.226388538947412 2.315500168935216 -0.08415671900966923 -2.831319480895402 -6.043495507708533 -9.75860466465688 -13.127303550102008 -16.620452155339 -19.169105730943595 -20.082858415560516 -20.361282381584314 -19.968289682516655 -21.096353016449164 -25.819147439364095 -22.88021807630783 -27.596741626786702 -17.65196823328292 -10.224463759540663 -7.123031913721178 -4.367889722616241 -1.190659459159291 13.820815405541243 19.672068617081557 9.05440123976549 3.418837347732 2.547674076953616 0.7646763138114361 -5.437325142300224 2.3325753516080314 2.1599727542406097 2.000796787773896 1.0395717712430428 -2.424694461137249 2.18301398285676 3.8913079663623424 4.199234845003106 4.423130026183301 4.1430708595071115 3.178836840483566 1.4763392413060854 -0.782736241706421 -3.5082094965255335 -6.686432150154176 -10.17469432411375 -13.726893892733257 -17.03160621630724 -19.560832736303485 -21.164073406665928 -22.11441936488334 -22.698370074034315 -23.533049719142024 -24.30388944834037 -23.764618587752846 -21.264388045152646 -16.414467661892353 -11.290250930917102 -6.312312742694473 -1.4894648947950166 3.2921903659601672 9.66250519365486 13.233743017178286 9.679004734052056 8.307539616925439 15.047123074532614 13.651377963494314 6.062676250318241 12.06351185965386 0.9808118482726779 1.162513814943947 2.176593004700048 -1.084425786276002 1.7557683943147289 3.070846476990523 3.274963035031945 3.3872020104169605 3.076612145773799 2.1996648934715006 0.686373440596294 -1.36703619615492 -3.9152002637659704 -6.943474931067197 -10.30409935861434 -13.739061976641384 -16.969220919652063 -19.614852485345516 -21.542075200640472 -22.85468797514778 -23.65481164941661 -24.213061228357216 -24.322918967808356 -23.229400045505695 -20.68588871625885 -16.725019646681584 -11.76222109648229 -6.615600875015337 -1.6926341071324866 2.8462968569073324 6.601722922504538 8.747840952805442 9.25093990498059 8.841863358738555 8.325936265046481 7.297642102074462 5.997740938624221 5.305345373807643 3.516622291745397 3.030874665627605 2.9993072022262197 -0.18858214015658326 1.3679835898566421 2.3326650608573067 2.4443509873691562 2.4521620890955913 2.1008911984164107 1.2710385211062485 -0.10279551007572406 -1.967267120985117 -4.297453975776309 -7.097856013489006 -10.232042227618072 -13.430702369548754 -16.452628774932787 -19.010355520809284 -20.96944603655996 -22.347567683523376 -23.13654719565579 -23.374180568503817 -22.966035713266407 -21.65878234596326 -19.330876335137813 -15.861195542729984 -11.465892871882263 -6.758804355940427 -2.206736375730977 1.7156775964397408 4.745595340808179 6.788927556152801 7.868087422611817 8.142723644632925 7.788896279626253 6.998079730110778 6.006737538120519 5.084579412459908 4.351123683412504 3.655472613137927 3.3429540833638223 0.27254632023656716 1.1224402009007155 1.8645463477750757 1.9154920239684414 1.8491046357871173 1.4553165973962265 0.6260145370856909 -0.6957887949166139 -2.4693079579527444 -4.672816374442889 -7.311933626139517 -10.260081100240262 -13.257771066651907 -16.08195261472389 -18.47582326601192 -20.308822968330745 -21.57315337424646 -22.23496785245037 -22.276806280308634 -21.64461865812674 -20.242206346496978 -18.00753892036612 -14.821416556992176 -10.862457448473073 -6.618134644241361 -2.4901596864280564 1.0614209293080772 3.8272764766353924 5.836093589816145 7.094106455692774 7.61578454492317 7.504186603549593 6.961173184880911 6.166804481745792 5.325572569454377 4.5719904480752245 3.7863635963676834 3.3528775478607495 0.36703215094549285 0.45531871134695273 0.647174481479212 0.5749902431978595 0.37071130819892656 -0.05874052262314231 -0.7898742139391727 -1.8484706559868547 -3.19888685116219 -4.816184500812723 -6.691292584315997 -8.733585536888446 -10.768996364479563 -12.645076181962771 -14.18744663777706 -15.303849897017358 -15.981641512249421 -16.192987207064434 -15.908571215845974 -15.126030869683365 -13.870413692892035 -12.166932433251963 -10.023131432878134 -7.5409432934384375 -4.918688657006251 -2.3301831959884773 0.027267412614331205 2.0408901140851285 3.679060411402699 4.896602538367367 5.634475896486096 5.916024506507393 5.852609684733736 5.520844035818115 4.972290108516023 4.301906360997892 3.498566517905531 2.9393154966942125 0.6530323287662781 -0.8243912528887788 -1.7735492654364322 -2.0149815552404524 -2.297496344407101 -2.418967170365085 -2.3177741090422668 -1.9696027343063554 -1.4483600470711404 -0.8005893668041827 -0.07434831850885062 0.6897121279843923 1.4563313673510065 2.1937011404860898 2.8520109154603466 3.467749853799903 4.159291097755693 5.046929739522144 6.336269385833939 7.99320548415653 9.80794976486149 11.497202920179111 12.494179916430147 12.629314171658216 12.153103027967935 11.157443505649319 9.734109095285103 8.000168873600611 6.0778525574410605 4.147348003039783 2.4817034086235106 1.2467531979334936 0.5458094082008426 0.40106070778710606 0.7631720458246825 1.496933761096011 2.4369588516771135 3.2094293243533007 4.55086883257858 -1.6879572813660235 -3.558396715992594 -4.051842928291002 -4.62800552140997 -4.885750780628693 -4.6899093336131825 -4.028575729494569 -3.136102383950243 -2.1750355145637377 -1.341503655236649 -0.6875427652527485 -0.12536805581987717 0.4154564736502092 1.0182150381683657 1.7956608229478257 2.9339925036959142 4.502726294443398 6.459641380374879 8.701161146734457 12.910789507808628 16.074088230787993 16.935891480290127 17.949523712721124 15.888030301773043 13.70581340050518 11.442497144631083 9.825036333544897 9.320316111434845 7.249237880830562 4.289986401340046 2.4470574982731144 1.6318615333910629 1.6979082492905175 2.3919043279956083 3.486881668516726 4.801925317959113 5.867659070835031 7.536076956217514 -1.9631313587692631 -4.111483303221771 -4.67570500404435 -5.3160312418597675 -5.561453386200455 -5.2373604269539875 -4.349953452206202 -3.224902970718684 -2.094882708852056 -1.2376493747994404 -0.7197462783013844 -0.40843914147120897 -0.166953223037023 0.2532812343310061 1.037681013023937 2.141110768027386 2.4428048875230473 7.595311155378552 9.29159830619866 16.246038328033364 15.463531886895623 17.965002090448756 22.313756801165102 19.235526562873602 19.626865796497775 15.631621623320132 11.879349946560573 20.515836643875954 17.43607318034924 3.584561162348957 1.0798287116456156 2.2469415756079254 2.269306108693237 2.9652837043080833 4.075633172873634 5.4170566497957555 6.510508519290034 8.180253074478818 -2.3880114632222282 -4.960803550719794 -5.629711724468116 -6.3554604179488905 -6.560310642865048 -6.012473014208899 -4.742966607025699 -3.207589310063814 -1.7426957183817204 -0.6845205754763601 -0.17727146250218545 -0.2746587611466512 -0.7270926277880866 -1.17229585405796 -1.2440991055040658 -0.8552021004016538 -3.771589255283109 6.059792817836033 2.903634780941735 5.337072851685742 12.517958896973395 21.717503648269442 20.83761280769019 20.460934530070755 23.668482907791965 19.427597805687117 4.511883504828395 9.337048460097122 9.004434183831314 -3.4730979038853835 -3.556202614955564 3.9397349129238255 3.322904082520567 3.669471552898596 4.72834811368109 6.145392030787068 7.3393053450063634 9.090854019706626 -2.825233846691722 -5.821537449394936 -6.588223183002878 -7.379664663640336 -7.5062851765139404 -6.666296840856318 -4.922414445930438 -2.876439926439963 -0.911482195221995 0.7094792500114165 1.493697683537108 0.8075535228768461 -0.7327277379969612 -2.4034643796122346 -5.238965283311513 -4.126757986883447 2.8971539091604916 16.03979600139425 10.478262978270326 9.74173003667819 13.514046235731856 13.334141747647802 15.22156081563351 14.221773781401183 15.098049089317882 14.156288080627721 -7.518665117338338 -0.8598080827105805 9.41591218053658 16.78026600589113 10.814784017159866 6.615589781104414 4.22558444701581 4.233602237459771 5.127017723000684 6.5447318694465775 7.861975295271898 9.738986449705157 -3.2689852232280683 -6.682403253560335 -7.540988706924156 -8.38423539186581 -8.408540011168943 -7.2379732081560055 -4.974026784040568 -2.334650010329448 0.365735940721717 4.394207691983639 16.333347324669667 13.819139533655983 0.6141576677652416 -2.487121041194252 -3.662674847314025 -9.373263490969377 -14.589175081230211 2.269314582622661 15.673031561846841 14.845958743254888 7.582177448648745 0.510405927532296 14.09829552742474 12.381370348329414 12.237873823000719 11.302431873368423 -0.3323242199056188 -2.754611298573368 3.8892747401567633 11.319424836872802 11.09102612695736 8.983266033329722 4.776617080238016 4.701583970336536 5.392344910639532 6.705732720779428 8.06350983328021 10.052657920923822 -3.6904529722445982 -7.48719454674616 -8.429315650808384 -9.32626201322169 -9.262921389705049 -7.810598572726608 -5.08934611989595 -1.913317373533605 1.3019585960153006 7.699633785859376 29.11726591369733 34.012780386642056 6.289441329655603 -6.834363357732994 -6.732785120191856 -13.992048138188373 3.417858390345928 19.502318536643212 14.129212193403776 9.664453097856951 7.988364028277918 3.603212162538453 6.7943815921626545 8.195270763355182 11.224611209566936 8.582213365918864 5.374969438059455 0.7607999764980516 2.210804129137922 -1.9680939093485743 0.5859650926097224 -1.1564727941573316 -0.462288634293969 14.753620511569398 18.683509120069527 7.307745850105555 7.7927174367673535 9.881125644936906 -4.091498237535833 -8.248460910578805 -9.280926261234843 -10.273584523698318 -10.22692172110576 -8.680180326822004 -5.772957197265189 -2.4234452794903563 0.7358921692336582 1.2464571047471358 -4.715382463590844 1.0512197127292737 -2.5063395871108307 -10.884850764816308 -11.55354319383949 -16.9639721371054 12.099646208917283 13.271729122447722 6.077613597406797 14.778840864232818 12.80802770525111 10.514306033885363 12.549745527425339 6.727818484627342 6.803948167385052 6.179715925480119 9.042686898488554 4.961326054465544 5.055613337509057 -0.004489433613634845 0.43175882745519417 -0.5287765424725253 -2.373693709783557 9.448517103364486 17.50957844919559 6.42445064541932 6.8754837159605025 9.151987329972336 -4.459411789997425 -8.94517537952077 -10.079053289140543 -11.219790784924658 -11.318233068171235 -9.927350428262113 -7.1900947904879935 -4.062475428849439 -1.3378297025436845 -1.1618433808671818 -0.10974197016315625 -3.8409503309434085 -12.646590162056079 -15.455329163648823 -24.632936557813405 -19.552339411769086 -6.606663285219507 -3.4198140174750393 13.439980579186834 19.584759982181566 15.002193741053715 4.590078977189958 9.962246676675464 2.1058655905466988 -0.626407384153315 -3.1440889212733762 4.343127244964896 2.305048504146275 0.8076309608439342 -3.758802271535825 -8.019037761636694 6.160422599572289 14.307531636319975 -4.2191461550982705 1.6082878942324927 3.728923706433106 5.264124054644439 7.8542899743399905 -4.776665824118706 -9.543798228480387 -10.78211166301649 -12.120246772068514 -12.48765906012016 -11.48906579962873 -9.251046821118603 -6.686706994910353 -4.478593366377816 -3.535274563356104 0.5517696017178227 -14.906021128595006 -33.453858377999296 -38.77766943022911 -20.266172326822158 6.818309425091786 3.520591144212807 18.41717236084624 17.034311282410354 25.688628789750933 38.03542477010269 1.4823273088552198 -5.3374975346231235 1.4900196593040242 1.0769319547113276 0.9919149314388944 2.9954435864586806 6.44337503961579 -5.5572132414106825 -9.517556828409035 -10.593838810240294 -0.09237021867053784 10.67128316052545 0.7374348848103475 -0.6566477929190173 1.3820211737350911 3.034381083261122 6.034971524035727 -5.022082427750379 -10.002636180818325 -11.338477343422921 -12.892489092284228 -13.609892213506924 -13.157831003642148 -11.640408814545886 -9.859278792497578 -8.331493429140883 -7.03858543263161 -4.070337067655314 -14.973776157795012 -22.28731826936158 -14.075253146979769 -0.370737840306005 6.056553835865881 0.8092787685740209 4.141373595518762 11.04634348431731 18.60799599453002 24.51609468434688 -0.32073446679726525 -4.604706315938787 5.364394746709779 4.7964354350656 -2.3322267448640974 4.952625655670426 5.161653544919359 -15.489727746435433 -19.525214404912376 -5.445534443603832 -0.298761949955959 -14.680646294633357 -13.190128245138153 -3.9973613214229586 -1.0583210382495551 0.3895705725549943 3.8423492047566152 -5.165620897358063 -10.259578703401324 -11.664246254955799 -13.40145255564259 -14.4488287157211 -14.537163245019146 -13.728132342418329 -12.702527686065046 -11.862968474023395 -12.492817062685418 -13.244361878714466 -13.632201381168647 -21.640210974614142 -12.869843342506199 -7.108503857064329 -1.2659493106783106 -7.608803105107458 -6.711619966895763 1.322214801716892 2.7311213414661717 -0.994558324219314 2.3827243107751266 2.086331348055385 1.1215520458446167 9.99106713359511 -3.2074035292096483 2.4671331609200555 -2.893186598353361 -8.340690458668215 -13.991815782420653 -11.593526481313011 -3.518184485264004 -2.864306748736598 3.114388237823747 -4.9528282953165315 -3.725939749577971 -2.3032262963827033 1.5661233091634552 -5.1936854429527886 -10.287602197297312 -11.720233831096397 -13.577528676769463 -14.881464532273059 -15.415818263735705 -15.193263768647729 -14.747568116937437 -14.392955487574843 -15.301044136217074 -19.51428482678677 -16.73602764987216 -12.601009738377233 -4.138281704214853 -7.44162527554838 -4.8405029878330454 7.611477775750757 10.152576832506762 3.040676869313187 4.585528628442182 -9.4758684494644 -4.952459381478005 5.287465222987162 -0.19537888727015573 2.768935207937748 5.702121690557637 -2.751053131510161 -5.682555492647289 -1.062306877882426 7.778596586303294 -16.474431541633415 -18.184632564538397 0.6151282120764481 7.410937976950523 -4.656759029427435 -5.926925802768425 -4.745556884883633 -0.594743756334596 -5.105958152395399 -10.086478060694507 -11.505165172392081 -13.403727462019058 -14.85565647645392 -15.70078311285734 -15.8927484689695 -15.786697482594331 -15.588429979213233 -14.944129430828708 -15.50019513605284 -12.28060005007252 -7.319138185550418 -3.3971129580950246 -0.9474107024523358 5.127209722765529 7.5565563777339975 8.169361531208896 1.335984326520942 3.9835242898269736 -10.1337353445283 -9.038576242971661 -7.074867425079248 -1.7177388924835888 1.204655683384529 -4.647585919439709 -13.88447557574181 2.331746096280218 6.089029849979793 7.29613968885931 -0.2342547397304502 -3.975135899208104 -7.027790517832747 -15.729699160728332 -8.60551241123901 -7.546516434388335 -6.7517681169564945 -2.497122779348135 -4.904225728356742 -9.66079134426359 -11.024823257390931 -12.884444580898895 -14.377485710894689 -15.386685969811367 -15.808165760691056 -15.834340644308213 -15.544600967924879 -14.846072946033852 -13.68611024961716 -11.7335820228807 -8.684761434472755 -5.255767603321018 -1.1289025489514561 3.4075624123643764 4.573753876228065 6.336449219585617 5.778098987095719 3.835465505734092 -4.745884074077278 -1.6681552648864637 -5.747865692665817 -0.40184597516341725 1.3817054679795508 -6.169351667832889 -14.085250489547164 -6.414170241044546 -4.499800633443688 -14.68567685175908 -12.79098964907096 0.11582707732713539 3.7711494632749107 -7.351694214547189 -10.796119231253474 -8.862735680346601 -8.132562445080758 -3.983852142412998 -4.5812139589203875 -8.998899185412803 -10.269031933922273 -12.021496084044232 -13.464887406730712 -14.51475274757382 -15.033657509858983 -15.106046704614988 -14.72517289099534 -13.8680771425717 -12.47686528409383 -10.434054401380912 -7.787068213467152 -4.63393497412685 -1.1517593655797267 2.326538750443978 5.267761272589036 6.631681249498292 6.3469690018252605 4.160407001144849 1.2305881629273374 0.04704509024825076 0.5616844724095352 1.2667763886184786 1.4388937279763483 1.0648241203107414 0.3469947282787649 0.17311636067742533 -2.8700138482802835 -15.939591587301344 -32.41533160775877 -22.980216749876877 -5.332447954653093 -9.28161863469782 -12.676843425166492 -9.141490851939604 -8.628136109426372 -4.8417319848795906 -4.1802983482028875 -8.187483758091487 -9.337766248309718 -10.934478245271071 -12.26454731367134 -13.263087282082434 -13.784460215460765 -13.860440065408019 -13.454554410525132 -12.503196889483329 -11.011009229263536 -9.009799532142274 -6.552708232222071 -3.6870033231235024 -0.6189692424425703 2.2877273729325243 4.619190610891932 5.740853998330731 5.573204220904421 4.4494450545500985 2.9030206427647802 2.0424282413617263 2.0724822868476753 2.2610216762194177 2.336630908062645 2.4000905212071992 2.393796830055527 2.0161674563447542 0.9311471341271699 -1.6455604137313031 -5.684298136946822 -7.029241290038153 -5.850419913562198 -7.786933725156637 -8.961581073682057 -8.40629251755016 -8.29848029594125 -5.0607637280362 -3.7164778157028664 -7.256452585643658 -8.266466805919 -9.669992294638286 -10.835838572347594 -11.706453939571894 -12.145746085226849 -12.165341303030331 -11.725490477264227 -10.7579760952878 -9.280672273946568 -7.384723871666912 -5.155409180397838 -2.6608208284228247 -0.09234236304242661 2.233269045070257 4.02609540889102 4.892480453173966 4.8312836272334545 4.198483340449875 3.350421058735024 2.8103956281337754 2.69370345988178 2.710385408516691 2.749461035153331 2.782034576881861 2.6929571298753237 2.2727602251947063 1.4051547708602343 -0.03702287577991344 -1.86960900596806 -3.5098364511537805 -4.817535768182161 -5.960586933951289 -6.883204460971091 -7.215100952748492 -7.295937986096362 -4.6708933050420685 -3.4060724385738483 -6.633241588415242 -7.547337644512209 -8.8125509600039 -9.850388396970136 -10.605810485705739 -10.952640875232072 -10.900468671872098 -10.41397195381264 -9.429414963342575 -7.9768470546203 -6.174488034806477 -4.123982433093115 -1.913701628519924 0.2916337129101371 2.2438279824097243 3.727357902444305 4.462009570861651 4.463927553270039 4.0417822181217575 3.4412868896842745 2.981457456929702 2.7551784295617954 2.631663397784549 2.545063070028882 2.4433661098360764 2.2391424746602855 1.8012647580388936 1.0455154747855622 -0.1303212806598593 -1.6305634238772702 -3.114719977809158 -4.398804986862588 -5.389196702635773 -6.048960946339644 -6.260804384388148 -6.339845665119267 -4.137800718945338 -2.0910382809098884 -4.036766947886737 -4.570962481998027 -5.29409859499147 -5.847384847130567 -6.184709007972034 -6.230956245543203 -6.005635710360703 -5.499815299464137 -4.684464384638055 -3.59773001401324 -2.3448716078499547 -1.016042734894962 0.29295873219603125 1.4973129732234076 2.519917374984029 3.286850801859382 3.7014103352155465 3.773226336265288 3.619305172323794 3.3307342726622298 3.019417760650328 2.7286569650501566 2.435727282802428 2.130573162379447 1.799030232378023 1.4243380669666887 0.985395857181636 0.4618703503180859 -0.1832417069364549 -0.9258828940916989 -1.6875094592777582 -2.3797813192998567 -2.855709163723627 -3.094837685520036 -3.1331765791665456 -3.13985558085876 -2.153390498173762)
(UseCyclicTransform "false")
(UseDirectionCosines "true")
