(BSplineTransformSplineOrder 3)
(CompressResultImage "false")
(DefaultPixelValue 0)
(Direction 1 0 0 1)
(FinalBSplineInterpolationOrder 3)
(FixedImageDimension 2)
(FixedInternalImagePixelType "float")
(GridDirection 1 0 0 1)
(GridIndex 0 0)
(GridOrigin -120.44892026510806 -131.8010248099239)
(GridSize 29 25)
(GridSpacing 80.37880221827291 80.54441783624874)
(HowToCombineTransforms "Compose")
(Index 0 0)
(InitialTransformParameterFileName "")
(MovingImageDimension 2)
(MovingInternalImagePixelType "float")
(NumberOfParameters 1450)
(Origin 0 0)
(ResampleInterpolator "FinalBSplineInterpolator")
(Resampler "DefaultResampler")
(ResultImageFormat "tif")
(ResultImagePixelType "unsigned short")
(Size 2014 1681)
(Spacing 1 1)
(Transform "RecursiveBSplineTransform")
(TransformParameters -4.661446441416825 -6.900643622908746 -7.546866607522776 -8.239812603851844 -8.932720278087618 -9.647748615794098 -10.291901057151618 -10.865900034449423 -11.362851893647163 -11.754116491657031 -12.01302311299764 -12.15325538916194 -12.18638518392581 -12.122852364110404 -11.970724509036147 -11.734421377579167 -11.418844448119453 -11.028035879830043 -10.562053242891368 -10.010795317170663 -9.364737250108336 -8.637517634638714 -7.841957600237888 -6.988454035697832 -6.079509076978537 -5.212363230083503 -4.381424020246446 -3.6733052149977885 -1.728367833389806 -7.387601108211376 -9.866116067865121 -10.382786398143967 -10.905376650458328 -11.500123469080005 -12.236209564059658 -13.016193369050118 -13.626792075228517 -13.977238347316707 -14.214355399349852 -14.3357380421082 -14.355903842637618 -14.343915806683192 -14.286780172923512 -14.162296792126112 -13.99275395630943 -13.778043398875894 -13.528658592901925 -13.235720229022979 -12.831291627140834 -12.234770923726154 -11.45784756704413 -10.51702092531255 -9.439677344261879 -8.234807917098717 -7.042352449385874 -5.873699710310892 -4.865957033988512 -2.0947740627890856 -8.267519882325967 -10.566366108962518 -10.781795440337534 -11.14098742987583 -11.683148689930645 -13.426143620402975 -14.869652872940582 -14.97681390091618 -14.498861868183242 -14.172553124763825 -13.976442408495963 -13.900269285347994 -13.913426043755418 -13.864682706215806 -13.841011175942855 -13.773669196328347 -13.648432504085017 -13.546672776335605 -13.445457230022603 -13.129781453650953 -12.637061928610521 -11.956342187510996 -11.019729338720232 -9.886479868407989 -8.630305482593318 -7.373649940967298 -6.12787323385676 -5.047648553010239 -2.080585695557825 -9.241960521289016 -11.153698370846564 -11.205101787928605 -10.809243389723479 -10.092105321865352 -15.74122055234426 -27.518386476463732 -25.42157670949125 -14.376071109666745 -13.224036721440461 -13.342703720284579 -13.601529140995588 -13.918558193505493 -13.023295335822882 -12.65255302440068 -12.876709879774207 -13.185367878903813 -12.902677330127444 -12.530631474242224 -12.808774000005013 -12.708901231419492 -12.18152898742331 -11.252126426198659 -10.132983413182702 -8.856640781791844 -7.563853626170718 -6.25918827319652 -5.112783692447874 -1.9808478630753428 -10.21086045643335 -11.725407272659474 -12.544826232136096 -19.732047930838917 -23.314793321807574 -8.542837551649043 -35.29275035830615 -20.74210184536921 -6.993498152011059 -17.495927336832175 -8.988843439674104 -17.069432528636433 -16.494686309525125 -13.12118064503055 -11.802748935799546 -12.742319010953759 -13.922307020055356 -13.876124006109201 -12.593911679941304 -11.914980703248515 -12.509213732974963 -12.646036450254664 -12.110731239872386 -10.319055827946842 -8.778136298252171 -7.5297956839279765 -6.215972463958483 -5.0384994129963525 -1.8016821918318404 -11.132223155625212 -12.76792060703278 -14.720774269370889 -25.870994057304145 -0.02021949631311856 8.055815586885686 10.194972788365897 11.167651129189963 -21.920238253114867 -7.432983138962279 -5.328027734681371 -37.55314286760566 -28.9900885126376 -17.096524082897073 -13.798851841375365 -15.959788212410963 -25.100528469327177 -23.468820767224308 -14.0387178215417 -15.065253453887134 -14.21651974923098 -13.221920418152713 -12.70704104816804 -10.940049008896956 -8.363846515220347 -7.1850504776929895 -5.991983563873304 -4.816264500009832 -1.5374088749741752 -11.81908464673939 -13.766402473095507 -22.45623572405369 -16.859758042095066 21.362519978538533 16.201172393475563 -15.566460135042139 5.252666680030864 -29.681775042565206 -6.356118991752427 -17.715869616626055 -30.08459822378066 -26.68560245021855 -16.506016483920853 -16.557274909315247 -20.06243038805258 -30.0257318563047 -52.57986674932819 -31.834169130649975 -31.99691516920776 -13.398694976610305 -10.358523328850005 -26.163496394355814 -9.754543009809222 -7.2413631744687175 -6.313345550777478 -5.52320171847666 -4.377342455182875 -1.1627403560699028 -12.096853560179255 -14.21696919403906 -20.585305651119217 -5.398280725225441 -24.88772947015713 -11.80941291688985 -57.7340647296856 -19.561406588339246 -13.471870176912613 -16.503671803475992 -20.920887690340866 -48.04267412330843 -56.05977358777656 -16.417970660669926 -16.426807145476385 -7.748108330892825 -12.89118244032614 -34.317061557842514 -47.007598624640416 -70.80529784893976 -36.01391332261439 -13.893274620478566 -17.266109187076957 -3.7003210545492804 -4.780801354295044 -5.245431048648605 -4.788001750037159 -3.717766985991354 -0.6688338035321497 -11.78706455130394 -13.723468434100605 -36.12931165154303 -44.6525262081793 5.373158225466182 -7.765100069827917 -32.532700050233224 8.804638433576033 14.093039557528977 -9.085729629655193 -20.255300239489937 -49.35967873985 -54.36566155270062 -44.77635312749046 -25.32267811822155 29.125916473354 7.106810569386666 -3.505123278055703 -14.207027344011307 -69.98486884596582 -58.79646899032498 -24.867179865389215 31.024239478580743 8.821637275249998 -1.3499300862227366 -4.150754039542664 -3.8043149481072165 -2.804822083113455 -0.038597630394977295 -10.934030390504457 -12.631441417010425 -41.91320314450765 -52.02511710800213 -28.000144548652692 9.443389586853295 4.725795385607495 -3.4039184274788927 2.882643653725313 8.322999955547765 -5.069576820926259 -6.730532576577754 -2.4129758390567044 -29.683574247389018 -30.55370988200036 4.435410959357059 16.009370621407808 -43.62104199010596 -1.9716216531172928 -4.619980444732926 -34.803832827943644 13.487049499926064 100.35097879605956 29.117532104396513 0.9592650644619649 -3.0341872747275587 -2.6746590776140398 -1.6658896509796413 0.7188802180611674 -9.575015485050335 -10.598036425118654 -21.843279852325566 -26.846750431997382 -31.911756446982633 0.18216541657128682 -19.220471490571864 -17.139265086466136 -4.273569495139403 13.631418111971326 17.82972905204451 -3.520743886645061 -17.079848027228792 -52.10500417018809 -55.96745799595447 -34.006291777256976 -42.46723513694502 -15.186840184076205 9.055138065596937 -9.476962793309246 -49.49141258645933 52.170432562212866 103.7542054824163 34.464945738218255 3.264994657853231 -0.4907164551803979 -1.0191053809495065 -0.31228571529054855 1.5875420629108015 -7.898240047488117 -7.7196370034346184 -19.702946416792717 -12.527280298810929 -7.075810990411308 -28.289628452102267 3.563701755355187 -1.9706131068165216 -8.50300544157718 6.050951225918077 8.405904094749648 -13.208518480309026 -9.386237763782221 -42.65245472734551 -60.65822850363879 -23.40933711344898 -29.733338538755678 36.274822924797284 70.50039644111482 7.436070009761609 -15.41664318489568 93.08142187633136 103.02774203265079 32.83742709686438 7.977859358928925 8.874840144812117 2.3145220791072982 1.1518643958962818 2.5135268724276183 -6.070431164166857 -5.144746743039081 -11.279801909970931 -8.256235701335925 -6.03773679718712 -20.918561015988857 -11.207125332562487 -19.918056981115267 -25.06297652063634 15.928211463198664 30.533684413567805 24.37697702742875 -9.265759828287381 -33.25311113096533 -54.52703504693385 -23.78793754456052 -26.482165583836025 37.712784977085896 77.06343443255024 50.819041394496615 54.370175491870434 85.58612823823763 90.15502854035219 23.664418561114815 5.515124732397915 7.416422441030142 3.6040173324966247 2.598230677890948 3.4521663334597537 -4.168724488477581 -2.4981567098505426 -3.0870000941239293 -0.9289621903497912 0.7177934441169637 -3.941098865713273 36.99933158639277 13.653479363695665 -23.897443165840667 6.428752268280013 36.23980033999417 43.737140475049245 -9.487910327055904 -43.715134914263565 -44.199728686917965 -25.625364949184814 -73.0554580029428 -75.18285614528773 -24.119993833867742 76.94059968072932 100.51150649344534 35.357647351641894 34.07497277531141 11.190744148289575 3.280023450736025 2.8889224759104812 3.4809826273435998 4.009429168847637 4.36574851341498 -2.273920657524356 0.4160079295069997 2.0647019686295462 2.7657895713204907 3.320107692316991 -4.321664193118135 26.62845209612133 34.53207134837061 -13.95536393337924 -1.3595817797069536 22.307975389054405 14.939213776264337 -28.271468320453256 -14.997793657438018 8.839373105962176 -8.059977074363909 -59.06688781903585 -99.61088834942935 -42.70743445440192 72.86941654039634 69.23006687959841 38.237842013323565 17.99811209437569 9.37799797595527 5.497521958469513 4.464510511655328 5.0316325867337115 5.447391639984766 5.214849531542238 -0.5275470913619027 3.1712565084260063 4.701926402077666 4.206912208616049 3.888445195188624 1.1576341915379176 6.75211579802146 -23.87894080429153 -71.76685232777939 -36.581227397608075 6.912308383973343 4.487554122787004 -2.834172719198316 30.209417638877895 12.268577824106384 -3.1792343105453247 12.212938750494956 -20.242927982239767 -31.564347314224758 -30.07829390575859 -39.60236243027637 45.15724034884013 38.80086253909807 22.859450960035453 9.933982079983872 6.305483996462389 6.0043219587408885 6.5200524245946685 5.906179137521101 0.9057932427966623 4.708102791833972 4.703183984538932 3.350462223888319 5.218196801322169 8.093271079702447 2.3594728682965025 -33.647792816167446 -2.395719525331726 -5.810544772826687 -23.239721679034954 4.8199569764340815 51.09970500757464 14.26640676357536 -28.687475715362623 -1.1672803797865536 4.795812488793146 13.722843912128898 -17.958882442667463 -40.07220911189666 -38.007374502327465 23.001394960426687 19.098117032912935 13.71841291763315 0.7851664733131511 8.840307625103407 6.200246574948144 6.811652923029321 6.342938010690872 1.9926445630173095 5.694690820436247 6.51307432889762 6.458462343786278 5.713043828756704 8.595675636130464 15.896047436313575 -1.5174624993668495 32.841550633052584 20.56968867151886 -9.75274296304881 -10.826987414485215 22.619811235802203 13.760142004225344 17.29375665151133 11.372018108010952 50.26666502277056 34.925740910631475 -43.28440281880806 -79.3265033029927 -23.465361197814328 2.803067065135069 -13.994652139034311 -17.76978951542848 21.650099394463023 3.029150312447802 -11.43632864998104 6.7815704462989395 6.596431996865639 2.6938712988789986 6.338469093411142 5.524923305262561 1.764471439636316 5.126159095273622 -2.1352337281158507 6.754293358035434 -24.620962701992635 -18.03211585627116 6.716345114148966 -10.203223016699825 14.048703674419713 0.5050608676755671 -14.824238229541852 -12.588498098658821 11.087512281970158 54.64215732181888 16.944056654963617 64.8462811535838 -13.188106620840353 7.035415353522901 19.64842565858803 -19.996360502297957 24.051674369711225 83.90278761976079 -12.036551643505499 -26.797455685995416 6.7639893527808335 6.729894624975953 3.0773701078870843 6.414101715515624 5.61565970275519 2.5538646344023768 1.693484847058142 32.65422920153771 77.20142430247515 8.347948222430473 -8.949069434848836 32.79814646001893 -19.357799097152505 -1.8195774231897326 -26.65968359035673 1.5774443756682865 1.5712057838043305 19.196626890890364 26.537089894829126 -13.824735801039303 51.48770373581435 20.650555226420536 0.8959627934579106 12.207437549095907 7.12377683845179 40.96117619908175 26.39146316679281 -37.93026738475999 -23.40596342009564 7.415277832307738 6.788016711300489 3.213719557642181 6.028096786594887 6.423357923892236 6.7232802017173485 9.79336654957096 51.574146426912364 66.21847288823575 16.202872004149782 7.207050304985379 -0.31314485668151976 14.304433196794067 18.411679315276807 9.007217855335766 88.92810226352454 27.047153724213384 -26.237500082958118 41.75060476776827 13.249312138474096 2.256758891624962 -7.255240051191212 29.0386513904208 30.397964293621385 61.68438645063823 16.47742517113808 -10.704432693051663 -36.92518903352419 -21.044025635135846 8.730998624710232 6.827287743802209 3.192131707740069 5.543750363719192 6.0525144059910785 6.458017905702009 9.787240662076151 13.124063937059745 6.572242982456182 -3.000950245118711 3.820968831976294 8.781589896829605 -8.511477058678386 3.050837864318399 20.490411398004053 42.38460866541027 -5.765059153494615 -81.85538058616257 -14.532583574808726 8.836010841565743 3.0287538713509154 1.0022913524679056 8.550911947694061 9.593379576977313 54.10444702352991 -1.4438824482319312 -22.488465095127605 1.4740879447280115 5.637397202642846 9.739637195152376 6.825738856013685 3.0520557952665586 4.959672882335955 5.471490449534381 5.776564032084541 5.984554569366442 5.8564935255230965 4.082697527944204 0.830679708861414 0.9569992168135794 1.7658403653765926 -35.35304678048925 -26.248933854035563 1.2589187448337762 0.6377164915948278 -6.43692560626537 -70.18663898956171 -42.36468941215572 6.125523588264856 2.8497462172607224 3.93940464531118 5.753059366044793 10.097222371745465 18.990233685679613 15.440363767513189 11.010806956087508 11.58871869474564 10.968127073995293 9.711928355337024 6.676567429943572 2.849874076024747 4.381070080519698 4.79610265440593 5.090549753478911 5.105938180613196 4.894714648362368 4.373075016140648 3.75819838818053 3.6973271849605385 3.421254881954662 1.6738276001786945 0.9735390863427044 -0.020076968674552217 -0.2618732513138183 -1.5532067832073422 -7.752465194364353 -3.3856581013474707 3.318231507867838 4.675065442442124 6.124500034673789 7.366456555476186 8.779121709139643 10.489674386117633 11.254197550932005 11.1655470930792 10.995443975364985 10.179603212942697 9.226862100038609 6.407242600508921 1.9930086933459168 2.663775575214465 2.801730807392987 2.884754845256057 2.880164440683246 2.819730928902513 2.697928145381662 2.5810955181383406 2.545843737264298 2.538511176988521 2.507024791681232 2.4670627381379546 2.408506872722663 2.3482257613398483 2.324725120482476 2.4657181808707223 2.9182309557664188 3.654066395750842 4.641372468847097 5.697267029473722 6.638213019768565 7.415869826929681 7.984364264345464 8.29471910637652 8.27843478299456 8.04953767698689 7.610157825122318 7.071487845137963 4.868536070974366 -6.901895302596478 -9.566766816245135 -10.207369698988732 -10.820049031741684 -11.380303970855415 -11.912621387097312 -12.298206462801877 -12.541375678791512 -12.63864982741923 -12.607757186311156 -12.458874277335157 -12.229139237635053 -11.955131187222305 -11.655660524473348 -11.348228967695684 -11.046309957911076 -10.762448916749852 -10.490116722289592 -10.220692648169297 -9.912524220858593 -9.524278085751165 -9.05432440985763 -8.50011033399949 -7.868806635189811 -7.159982441054409 -6.468624459480944 -5.784747497513784 -5.16720970770206 -3.205446156295871 -9.097418591726317 -12.743038457288447 -13.68279203640439 -14.627580282745027 -15.452392758505816 -16.0320118757938 -16.018438065128557 -15.564579353347407 -14.917126969283812 -14.266918896085865 -13.584280882192985 -12.832943377994459 -12.06672663762512 -11.356505104723292 -10.786644473755194 -10.400390545049202 -10.211270970201252 -10.204287485897451 -10.340766531943348 -10.488070297534373 -10.515521013078848 -10.388786078050865 -10.07267875944489 -9.592536268724354 -8.968091393509185 -8.318305176269403 -7.6323208326580305 -6.973779616542674 -4.69041390183266 -9.4729469698242 -13.425193459754855 -14.66494507497817 -15.831309324664925 -17.220790892126114 -18.332339591737203 -16.892265865834382 -15.86087644786298 -15.655316168998752 -14.199854087754566 -12.786135849727751 -11.736226066246848 -10.738661284503074 -9.74770415635933 -9.003260179318527 -8.634538806212628 -8.61427188391438 -8.82726809303972 -9.273387250876851 -9.747218069470494 -10.10939082283455 -10.259986272088765 -10.142431416564316 -9.790839452323493 -9.247280768568983 -8.655321903188273 -8.026537719854968 -7.405228117702248 -5.142244405976172 -9.691370300306785 -14.004520006903679 -15.162253368466082 -14.367963621637626 -16.277134521668106 -17.143384564974298 -23.5690432872497 -27.523983032438892 -19.107105614161245 -18.051782724281676 -13.381486512045479 -10.391090503630517 -9.360186788958243 -8.52610297841063 -7.541376886975165 -6.832815465525286 -6.570992001469085 -7.015082472556023 -7.845542362967662 -8.855891612800715 -9.668074875479913 -10.192696267922738 -10.3046563455636 -10.069074074446823 -9.601690025701885 -9.044311930250105 -8.454009176053201 -7.886845394659159 -5.68812306981947 -9.732237913118176 -14.38603390288918 -13.736586420508278 17.709861792164492 18.15648114264951 -0.1238935601757168 4.077701358842513 -5.68421267134733 -36.609501119274704 -36.744663528197755 -15.619388881532728 -11.206277458279478 -12.528079519454371 -13.352003955562532 -10.850907955928227 -8.69393424377737 -8.355215119408888 -8.168140902479243 -8.95226120477889 -9.926786883953225 -10.862904106621876 -9.720839651560235 -9.047730982750213 -9.85958359427194 -10.130322387435148 -9.542624905261427 -8.988267494781502 -8.473454547516143 -6.34107154129537 -9.594097052623608 -14.568315800660987 -14.543333734878825 22.19367996344286 38.980712719166405 36.09284720176201 61.30601021448134 27.72369079579597 -19.222804909492435 -46.87887147914246 -27.760183007789077 -9.993824576854811 -26.741570769187998 -28.89103804415869 -19.268549548366362 -18.439495711090903 -16.084753354451838 -18.139642853170237 -16.777328464580137 -17.608604520942247 -15.432594270071867 -11.001101758286165 -6.707720191152673 -8.40769261770088 -10.41227289855243 -10.249895702524961 -9.647991213166812 -9.20935109419484 -7.1333905053167985 -9.176241168129005 -13.824868340110035 -16.701995167305743 -6.868154285991682 13.518587289019653 -9.990031792612923 -12.680545655952168 -4.0531305224929115 1.4249636388064844 -20.916811571959933 -14.796733504475835 -10.184110024485825 -32.09205108876204 -30.353981785797394 -22.98309425890879 -29.012326034867694 -25.574607257442697 -18.81145818681606 -29.24194829880111 -26.243103533198468 -39.310270909893696 -21.86736644805595 10.828279450814154 -12.366998586236312 -11.21708345827474 -11.141013188945038 -10.35193830646156 -10.039369049215338 -8.018576815685288 -8.512496368398057 -12.364974132821503 -12.08917489260839 -8.553854279350778 -28.503616247312582 -30.66551451486959 -17.15443780657669 -20.911095198171033 -7.032334504677729 13.721611640463722 23.632585165690823 13.918159578409313 -22.272622754054623 -11.989410659293105 -8.906040652572965 -31.745776560986894 -31.753957612838033 -9.010487926479259 -31.49785289135466 -46.98180188018997 -21.761139999339967 -0.3161528681627851 -36.976070963296564 -17.08610269028453 -14.365977566010203 -11.81324699239788 -11.122227879886196 -10.987082641698686 -9.034277157676732 -7.62233981593867 -10.80689220826523 -8.498812992375814 -10.416645349120618 -21.803587076409443 -26.911010340811668 -38.128812944327976 -26.649829873314744 -10.828968855315136 4.6558873745764044 19.549005715461924 17.8950041584053 -2.7716108212079376 2.2999748733368888 -2.185255943511623 -34.31044658919825 -24.09573174192975 -6.466135840495721 -10.744645884066445 -27.904118971412387 -47.343405388352416 -10.3596232882313 -39.36999519873825 -23.04488236170779 -16.182768814060076 -12.841551993036628 -12.18652589113288 -12.128911495917599 -10.209934535824614 -6.515488414569684 -8.956231682438128 5.28843757927014 17.708285657438726 -6.292951652238988 18.249064105356855 -28.956115175425236 1.973145543856824 2.2286216703854356 0.9722201408417864 1.7190210788102762 -5.87921087117419 -23.190953967841292 -5.586470863818816 -1.0070958474651892 -26.47391810348026 -7.346643234713357 27.741413586445173 -21.457570117448256 -40.01944434709093 -51.102757183029965 -17.008337743006 -24.235689966673714 -24.243873741804222 -16.086892471216206 -13.70958810181845 -13.31860558202062 -13.414834917994005 -11.501111034371592 -5.204664067493204 -7.255337956460661 0.5336353913254446 14.86064012466745 6.472639998763785 18.19533460486592 -17.61743784934264 -9.080438344521472 -1.9499771481634742 -14.29775758910552 -18.638030139691075 -16.325058585904735 -2.5804082796084162 26.755634876322787 16.504789404207262 28.338443204357702 29.47925224625591 45.71613491870268 49.22114666443031 18.56102909437673 2.861472354320971 22.115608842311083 -0.44721646590996184 -15.241414946017551 -14.950695915082017 -13.622055589838926 -14.49207121092755 -14.806632221606801 -12.865654921270758 -3.746966255124245 -5.853008178738353 -8.114830338370126 5.3231196584161 12.473597526597402 -12.647009897496378 6.4572693689835186 6.7622546056341735 -19.47323991110083 -14.175578957603312 -10.782503716650035 -0.6368562060499471 18.816811401073544 27.140939721330238 72.04563007079518 79.78576260128257 37.396990724510694 38.60258076423293 50.56703977078429 26.392485286434887 15.504989180813302 19.679244236161498 17.453788835102802 -4.478472330047747 -12.907770712890338 -14.176381049894808 -16.016518106638635 -16.245587740853242 -14.211075174257546 -2.197095887845751 -4.000457469674841 -3.1169249296335173 1.436092731945593 -11.68573908786991 -15.968381425282818 3.3102231180250627 1.9439060758844757 4.91776604906118 35.36136762352563 40.88053312433845 28.2637650603126 10.584326650779154 14.705897264962788 24.997536956797433 38.160345022331754 17.087269681514996 38.39888388654701 32.1641245757092 23.506159690417928 45.11103306858339 76.97977397088589 78.65549288657047 3.329630950501159 -12.762001291803106 -18.058241501248972 -17.833139666981793 -17.654149332953047 -15.438344321958064 -0.6394547501322088 -1.984317450068041 -0.8120127097712004 0.12447638243974518 -7.641845382151719 -18.848422770615255 -10.726792124058418 -10.650175304656571 6.97573929984102 31.04778501896036 55.69036934599417 11.218367556440683 15.54912155532165 13.779614593866077 -21.013047852133862 4.836892046987998 32.28326794423838 35.24464003482538 35.572663467312246 5.907745693800452 71.37886610103622 67.0331626429614 44.49258188344205 -1.4820143253087283 -15.637941190731246 -18.449203131552785 -19.001276063021425 -18.96389703296384 -16.445089385263127 0.846885211259134 0.19748230359576355 -0.6962883145978939 -0.9391006625625543 -1.3268210302639254 -12.101392315395296 -7.544920418204856 -13.126191737553855 -15.911738472516475 11.136034184696605 -15.152981142776216 -7.494214736026059 1.5618889226128658 -0.8340744129295546 -39.14539595648877 -24.153553920649987 16.493230873112566 21.476197006228745 23.5432972491823 -30.649026056918355 -26.334487919882292 -26.08140529215279 -17.320044289295947 -25.20962284481899 -25.489373847861746 -20.68052199805876 -20.035667476135714 -19.896447818575314 -17.12764967265512 2.183410513735457 3.964614962383386 4.573842442184407 0.2889824248444838 -0.7905444605383871 4.321325132018205 20.80598555335521 21.078648046576482 18.518916202608093 -51.063401297688586 -74.37866321815812 4.705577017969239 18.75468671941954 -18.1370269584749 -33.371429764100064 0.32392282970391334 15.945063792175029 -0.19135760330306492 20.40373170640453 -17.85114215467335 -18.281769417537646 -43.886400382483046 -65.22721415344851 -57.94614638970124 -38.18518267705419 -26.378435460247488 -21.673495872575767 -20.368650476199022 -17.266134450546087 3.2484621126672093 4.585369460819908 5.858098122231837 3.016572743086269 -0.5703482878682578 4.14896195687505 12.746572378050722 52.85466608857376 32.28408087289806 -3.1425850864151013 15.064901509095755 27.510581899221574 6.9845972947390464 -6.384146189233123 -8.666975035424425 -14.340977326326398 -3.5771717994101686 4.7697742156041905 -8.778621681978448 10.987285262717743 62.482254904751464 16.46684907437656 -21.541767562684345 -84.24542244015235 -52.62080129013186 -50.90082561187003 -26.303386251287204 -19.968122951674726 -16.643758600021478 4.058246988052156 4.5908084138450045 4.813322383295502 1.3131132810455848 -2.4817689141607575 -0.17398545775198948 14.076983010308497 88.29088392615316 46.64606483524797 13.976626719169786 19.006468636014244 17.324954283897032 -11.486189592372916 19.419913143271856 19.91191226114777 -37.4149174796427 -26.97411956131114 21.713003093442964 2.742618534911863 14.43369285320913 40.34987051677973 17.07871345997425 -14.280569317070618 -20.91475657348251 -10.549544285589889 -44.76863638870376 -24.950371998815946 -17.89470392953926 -15.254982547614409 4.6208186353723155 5.297044548296349 4.724625536186611 1.553393333061732 -7.221736322707836 -9.480373257388734 15.590863365398738 55.967765047545825 28.952741266897437 3.757343986457287 -3.1263223473323953 -39.57488275444163 -19.065084703323457 44.23190897292556 1.7124569715985958 -35.64797539043922 37.702012116253535 -6.690161025649565 -11.098190993766993 43.514587775039935 32.82035580493371 11.546787781229881 -19.871607220352626 -17.20483581397634 23.75521609397015 19.806330258234187 -6.9228945307859115 -13.858045998230397 -13.078563702228086 4.947253699366041 5.6448258952153205 5.067299238598892 3.143189520067309 -9.41564406687551 -4.4087345357797805 17.409230355336845 0.7599622668248501 21.870027176948412 8.96501146354607 9.024335540388458 -46.50320340135468 -22.576330269136573 11.205422691904454 37.717140303634665 5.407345425911408 36.305889389433496 24.13483828131546 18.59213449528989 -11.336243004941139 -23.932445813795013 4.184984866062683 -14.516527517760546 22.886107070134553 27.189738405740265 8.195749767451456 -7.486706666629481 -9.491011544131638 -10.446027517373015 5.052793063825845 5.7183987206220666 5.552735134997039 4.493731501886982 5.974574667691428 16.312931990981017 22.673376379326744 2.9628174589965734 -9.587607267663508 -8.677675328567178 -9.560415408030382 -19.58935621881018 -24.647061377787683 -47.15841638342022 -5.627457922588986 59.99717905908023 -9.684891208123078 18.1002287163959 40.402887513307476 21.182679397206655 4.344656989613171 18.859378043582453 -15.683128188816958 -1.8722660184325473 9.676956290322323 -34.32079142226867 -2.8872127056424137 -5.353592896683894 -7.6833438260643 5.023439282688081 5.625339228585715 5.455449732605942 5.01153311703116 4.960243130393855 8.829310434403109 28.97821208921358 61.624038313222314 51.21392814172737 -16.077334230832932 -4.223174884443907 -8.453195551171055 6.301414295657591 -26.035498045833435 -3.3080371380132036 25.394410700101062 -51.21245830510461 5.587380824803902 13.696170425103716 17.08898106136742 25.695771238585476 50.298057077043495 2.9266634404472107 -4.218814541266445 25.828512303208644 -1.1368345488442662 1.6633384122736063 -1.566421302174299 -5.0378584596475084 4.874714751036809 5.357766015277313 5.196998495948902 4.718429046794108 3.8616654134415924 3.716683404291199 8.229510218507784 21.680030912490853 38.64727754563773 23.723027381293736 16.657203376326684 -7.327798550982894 24.00086468481298 29.64067036791814 -6.513270610615473 -27.323142720266873 -18.802680433642678 11.881476660887676 11.545237498926227 13.981074120510714 13.949411441493485 15.452842577659398 17.516587766944653 25.64889400767781 21.20930663479007 7.732706934688955 3.722132239810366 1.5475048319827651 -2.581914820373571 4.63568440584795 4.980195078424592 4.865146642846372 4.567844151757699 4.05743894699188 3.4121564244056515 3.174274211539943 3.7557059200258602 3.6289563322973484 2.8540768335018782 2.4056662611166657 3.642514742659642 10.971890781418455 14.083621352825524 8.290881320039693 3.77488809308534 8.72149820156738 12.181194450796646 12.396387484688093 13.087954411500212 12.969364993347758 12.221418552520108 11.208370711848664 9.896344553583077 8.66521975871386 7.484693283407446 5.540744371195774 3.5624823266440755 -0.6950754753690548 3.36807736480602 3.3264719504674103 3.1411454900139613 2.8665967913706996 2.568855266093936 2.227105269526191 1.824108568455787 1.5560723298021046 1.5706258003292768 1.984248733942546 2.892181509741143 4.208026941041073 5.808373747165764 7.346191229721802 8.527582117025995 9.59037768947578 10.77464536530381 11.943109285984482 12.927602738953881 13.601826653474099 13.845052556707778 13.734490966555496 13.352921960516285 12.623429652948476 11.445897127039549 10.068717799689122 8.507095146519836 7.039614115174664 2.674411137275026)
(UseCyclicTransform "false")
(UseDirectionCosines "true")
