(BSplineTransformSplineOrder 3)
(CompressResultImage "false")
(DefaultPixelValue 0)
(Direction 1 0 0 1)
(FinalBSplineInterpolationOrder 3)
(FixedImageDimension 2)
(FixedInternalImagePixelType "float")
(GridDirection 1 0 0 1)
(GridIndex 0 0)
(GridOrigin -118.89583705312396 -102.22890137867796)
(GridSize 32 23)
(GridSpacing 80.20438626044049 80.42089572073992)
(HowToCombineTransforms "Compose")
(Index 0 0)
(InitialTransformParameterFileName "")
(MovingImageDimension 2)
(MovingInternalImagePixelType "float")
(NumberOfParameters 1472)
(Origin 0 0)
(ResampleInterpolator "FinalBSplineInterpolator")
(Resampler "DefaultResampler")
(ResultImageFormat "tif")
(ResultImagePixelType "unsigned short")
(Size 2241 1563)
(Spacing 1 1)
(Transform "RecursiveBSplineTransform")
(TransformParameters 0.8310931827056696 0.10290614738696184 -0.45568123550542994 -1.4021071422850413 -2.6840120509924947 -4.3639848467417774 -6.4994280496596115 -9.223943887771677 -12.52133362752502 -16.27383668299338 -20.25967951395347 -24.10890468837988 -27.51794003413209 -30.220246063484606 -31.905984001981544 -32.16365845896756 -30.829135370155033 -27.910889429892617 -23.59891026395199 -18.32330930234205 -12.457998881957192 -6.370328466628749 -0.4924076359704222 4.613314935274306 8.631186999246374 11.401864165343046 12.97262418716534 13.643312534449112 13.684260425636086 13.223332381336762 12.860731032367864 9.67674034915367 3.3125833594913168 3.158238674665498 2.6327895332750737 1.7963450126189398 0.6372769821562226 -0.90414261679779 -2.8905527616706124 -5.430980818339926 -8.509631535081374 -12.026095812497664 -15.783244727914841 -19.440301519940157 -22.740747753830338 -25.49143453210406 -27.466657379048126 -28.370940091132614 -28.041181015694335 -26.446670257734727 -23.638269474130027 -19.655582111305854 -14.621649396441027 -8.752942136665895 -2.556019702416437 2.9837728671764854 7.466534353321421 10.967999706873348 13.580307037096112 15.369175216276 16.545152808457058 17.319720954608 17.98196309401515 16.04409351955836 4.547560869687628 4.666728733398588 4.1604218746034 3.390323692499513 2.3219881852198583 0.9004267023443189 -0.933070886569257 -3.26265971326693 -6.068343236778071 -9.26236791665999 -12.663565211219561 -15.969032114820745 -18.992028129872903 -21.65703811322013 -23.725302261580147 -24.86512813818595 -25.103248708697805 -24.516100668085915 -22.774249854048826 -19.78118468732708 -15.557259488991884 -9.922755266208437 -3.508953106015207 1.8087194789546828 5.912064616219795 9.706822590686606 13.114362185323786 15.370106004186795 16.746606666588207 17.992383696221726 19.1256167025442 17.988706455546584 6.3175170344017415 6.747740361226814 6.232875938388812 5.504689449956513 4.511354479484895 3.20778212004829 1.5466032714167681 -0.5216225590443185 -2.9586304615383283 -5.684108332446736 -8.542854215037597 -11.308357197261659 -13.938287789850712 -16.49775495540845 -18.167601280643105 -18.622427100452754 -19.367905540152382 -20.728464803820057 -20.587911414987424 -19.01464764518457 -16.849454703755548 -12.93529198726433 -5.5699078654937955 0.21116484078896447 3.9198660617047225 5.4729169682848795 19.610245546775513 19.705441144252145 17.43787138081164 18.299386626076593 19.957773038752265 19.884766146550636 8.59632048217439 9.293291460967042 8.704158029303242 7.940089414911234 6.941029732366841 5.672306870728289 4.1179735368214265 2.2789699205230236 0.20284643133759794 -2.0000039209863005 -4.462395280153338 -6.875484359313025 -8.82076731450543 -10.529600369581637 -10.060925606879604 2.5534256627322964 7.068761760233944 -9.359207350531538 -10.401846477702316 -8.116451262712935 -16.058285938665797 -32.18861149511145 -3.173869739850107 0.46833282363006207 -6.35114683639376 -12.859706028507357 24.897612437280838 21.80970183039869 16.863853898473383 18.064155717006408 20.260984471354302 21.33106479097943 11.557010446064256 12.441646382797504 11.677914850551865 10.732850434666119 9.584105205596988 8.27096669439235 6.764165649657258 4.916353841656483 3.14041408863655 1.2388310591327614 -1.4076785046938183 -5.452173146391178 -6.490407806827373 -5.3574445404216275 -6.533029528178742 25.376341654257143 20.109220379895188 7.274507793914852 6.062837396925082 0.6815196240782183 -13.833868269717614 -47.06460854053003 -14.636856658591327 -0.6903723596032414 -3.746525663518972 -11.206435682599981 16.351827792082354 16.886415631314755 17.78665617088191 17.53564555108567 20.072457689938002 22.333077934625784 15.242957028359903 16.169286477372278 15.081368154800247 13.73504996722961 12.182090260865802 10.83888281638993 9.305849634214079 7.5057347488495925 4.965112366308366 4.917069694955589 1.6606739774739618 -14.22772915750421 -11.887545030601375 9.015226177589632 -6.772325928058243 1.6513322463307318 -4.583486656375837 -9.899028094506361 -1.5065580033023411 -32.48242566279873 -5.689623476848418 -13.068977513735998 -8.252706472113346 0.9116425815284078 42.903417241483154 -5.204163380580101 22.34733250923022 33.15833153632186 14.7805026417396 15.74777945157353 19.140885910983762 22.554270338472474 19.586134971105967 20.409398039584378 18.84186592150659 16.57335062868261 13.281315005955998 13.658088446614089 13.576078902779495 9.90417569516215 5.39900236789146 7.360674272956844 7.0521786393001324 -16.498770443141375 -22.89875444144454 12.45696592092774 -4.542327431889133 -4.555621403051562 13.268668945479831 -20.654926470764288 -25.824764205577235 -15.605027244334433 3.076807824740519 7.35475572437339 22.911658266563286 -27.087073355979435 -21.903515577110827 -0.2614476838625402 10.394342321745006 7.187853263282402 -1.894255648573394 12.192628287403501 17.552271541328572 22.11249565403602 24.509178104040476 25.08412443919702 22.91449812541435 19.54828279626648 13.796785377107149 11.242568395205572 12.153478570382175 9.68889087888221 6.516474848819512 8.762182512577601 17.640291483741624 -8.872429224183037 5.310155493157335 30.83059302668468 -9.509469808389014 -1.0565168570043528 19.80459865295439 38.57053810004567 -0.9313417569632637 -12.439003405421545 -12.49204142952161 3.284262917860259 3.092685858971717 6.983611162992665 5.894480041240165 0.44931501044517197 1.0732050558017059 -26.109427089131096 -1.299885422746702 12.000572301287301 15.520100571618519 21.098003121349965 29.9157919494883 30.093745190230827 27.213236076052944 23.29538071280467 16.680854776571362 9.456113396025046 7.875129958678342 14.445090944353176 11.49304843228044 9.002449175436409 5.022898918567666 -4.299100581765859 24.28570924378941 50.64542716019365 51.8183755322515 -10.954975737379419 4.790622031476964 32.66262089175709 10.431083053174426 -4.284436238155846 -11.238383416229025 2.570356261887681 2.1330981011228167 18.170687455150706 1.6711582859394085 6.014705473489164 8.980912146403154 -15.334336544193258 1.914711973910225 11.349619947102711 13.493189386270899 19.520116082446837 35.70941111829476 35.3358064986162 31.60226228458561 27.347829073008118 22.997639485407586 23.011192068437502 19.79225538283093 16.16224386497104 16.65755467877476 10.935264773672033 2.4471896786726433 -4.859705854473525 1.4623290662975494 13.53822039007435 46.714145457734745 18.00595069761332 5.711495310783202 53.41739844363055 80.60133832681622 65.61737680104815 15.976809958263539 -7.833172793387018 34.79051903309133 17.24224307506822 -28.36104971637039 -13.835407657300179 -4.439814724296411 -1.7385823089813888 7.923245796035233 9.50598953082523 11.743852035411274 17.389815153777608 41.53932861006044 40.56373643356584 35.97774006178244 30.923637071369342 27.83515702655054 31.833167469917527 23.76228210175757 18.11731225065771 17.726334460912224 15.688372337009026 12.798081329621507 -3.754053921744273 2.038913733134959 2.3027798378940623 11.116835816801638 10.051687123872895 29.290594858250017 45.99151913744018 31.938395663167036 35.61844718477073 -2.396972584445494 -17.008792763567158 19.81833530520539 30.129422054825156 -2.3043788258064173 -16.81691839828985 -13.611247154185527 -1.8466237125042808 11.224871505971532 8.207981548224092 9.959592755677727 14.674684753072981 47.05502584966666 45.518182787484385 40.165368174074395 33.874592280428 29.076584018419148 21.115901955815662 9.800395758711623 5.85104975176612 9.08918400028257 17.253994749742866 15.009311686762285 19.73680100119752 -3.853561628534024 8.230787564275394 28.78724362185511 -14.051049233113527 4.348098735749675 22.783470243948827 -35.392052392361094 -34.63277755763265 3.6776725083998683 -10.375465247411814 19.469796430579482 26.992510382270062 1.1811302445412026 -16.747034619449376 -3.5570230094976827 0.447692764086416 10.089674521460662 7.140166549676876 7.898299813607581 11.341515651903968 51.89354179193504 49.916894513205705 43.91213220897814 36.98086979470084 30.57943534050417 21.612783336163865 -2.775059707734879 -19.230908416241853 2.733984064917917 9.912892672178069 13.779532505294208 17.363056995048197 2.2258705243080392 -19.31283677572239 6.176873749322825 -22.58376994949308 2.2949449212638373 4.766595950322685 -17.28115875023457 -8.936936269107896 17.735305882653915 0.15511328529249185 -15.898529740392016 -16.981237024132067 -2.841195925887454 -53.823550103897475 -21.20503235069967 12.883003706009646 7.2019436412638616 5.400666065362293 5.025515079343209 7.371494833109033 55.69180211073984 53.485660592072975 47.027522021939646 39.82985288837023 37.18380530426061 27.914986413070253 -7.418834670540526 -14.893843815728316 -10.35504804553185 -4.269057556258013 -1.2664120879230165 -9.11724724759151 3.7005982888988207 -7.661705761826685 -6.787266287994086 6.404376515935504 -5.2452438827613985 17.024937268095634 2.8983494041847946 -33.682662953989414 17.881526163528942 14.9041675494695 0.6573602353680463 -3.1777892613205294 1.479346217135606 -6.531847917504688 -32.882890283315405 -3.0298986516721707 5.417108971681496 1.639330276501299 0.8418917015505428 2.74673429546017 58.49269296054925 56.24403020633102 49.46014564572535 41.647471023043884 40.46711019068875 34.40431454389793 2.5292842730133733 -1.7655578530460716 -0.10194072098256705 -1.1869771315224644 -2.1444216041621593 -13.727633439983906 13.19657046362438 2.0478979811159657 -21.135652763893926 25.50506571562003 13.154573667010293 10.12371155436719 -1.6556064311388747 -27.453376230723627 -5.631811569465579 1.3406569916938675 -13.545341356736085 17.226153515037925 9.13134135582764 -25.610090293578423 -34.276275964341124 -29.513258078854726 -3.8267673298455613 -3.6997782329178714 -4.1403627671511245 -2.307523916598555 60.33487921110162 58.20602462847868 51.24198227188785 42.84082546405093 37.3774817469882 21.383271112008543 13.482240607890597 23.243139977678283 6.136267981320512 -4.488920550638719 6.141671312172875 3.9816487086544474 16.46840567651204 6.281238154662847 -23.0311835304027 -6.5663836449787105 14.044544263912247 4.002945270081556 -7.104799019610726 -7.718910855628868 -34.09446441646151 10.095163973669676 16.81438542910967 -5.640334882904491 -32.28875329384666 -46.81444765591569 -58.42874968354003 -103.03542411220508 -23.797248536389617 -9.502889159769904 -9.417169539590235 -7.568205227950265 61.12853405546233 59.22505022051135 52.28242917439376 44.328913213343874 43.20470172831804 45.09866213820774 20.30731156975355 32.782190742584866 -5.258120563452346 -0.1731379056568743 -3.9807749476747576 1.4546502964558137 -0.4350058442279847 4.52021333910527 -26.656656896724122 -24.932498235982376 -24.071823927222237 18.92652663473276 14.03870867836607 5.936587632210279 -0.7338179329936154 2.022285057487814 -22.93027653169089 -32.592059710519614 -7.691393566589049 -3.987497557131693 -52.4612901459955 -72.5823366054063 -18.50946350536913 -13.903531322564278 -14.40061799456571 -12.789032566698939 60.7301294235637 59.1095867810267 52.3665273681811 44.947512198966464 51.06258181136576 77.61501272665409 20.413354103892644 -6.704306487368044 -10.74053671371121 11.011064438524716 -3.382698804282772 -3.545268327115301 -16.46958977903664 -19.97301189132062 -24.64200422770123 -23.219621530697687 -49.746733188354796 20.405937411157343 41.29246392334638 25.290184921460114 -13.261278464898673 -28.793593213952537 -39.545692875965706 -4.251908042062809 10.924007489853368 17.851568067885033 -6.462551717928909 -18.61455928669973 -15.56858307671639 -16.658278910824134 -18.487571945086753 -17.720578930803132 59.548870345180404 58.23061999862022 51.76010862939926 44.1775436513079 41.35651178133099 44.616979674230755 12.461133087589186 5.382021351167143 21.502091175714035 23.3570893081618 15.240267203209154 11.269740727779089 -13.818653325910613 -4.454283220728057 -16.623579781627555 -13.196150974653866 -27.273676840265203 -20.92058982698424 10.117661457755831 -6.278374755359086 -1.3931702058711477 20.217109006064582 29.62695391805427 -15.542311218810877 -19.14010973100502 -6.3784383918675465 -8.740447591702408 -10.457879696545154 -15.142627104339198 -18.855746506503404 -21.71286656046088 -22.062404968740587 57.24593111597839 56.23977420931331 50.15798975697686 42.67006503537649 35.00312656203447 24.931080332673517 19.119646226131945 16.81806505471132 11.668976968532002 3.285549747452835 3.9017873277391537 3.4157050163554086 8.410185203837248 11.343371040698806 2.99428405682092 11.167984218520164 6.184349869960458 -11.131556445289513 6.947248619388577 7.398608423691968 13.855607053767901 14.212102162182475 10.591472824332401 4.369270504760324 0.72316280960788 -2.2292393456184607 -6.11759734887504 -10.82715074409248 -15.8596753629316 -20.548510519162043 -24.125045389056655 -25.501934187831914 54.237713159105965 53.498125699532366 47.81762632846574 40.77991609429169 33.234015240979986 25.10320306596527 18.206721007192517 13.819203122126106 17.094097234104797 8.754870460730727 4.851495230206862 5.029086281738033 6.767660274303624 10.259565867413432 11.699420208893114 13.942108098430403 14.587926583403563 12.218269205528799 14.13060873931555 14.364900353065611 14.763542976631419 13.962479802365023 11.7634021451809 8.226853765114308 4.133425196228175 -0.3490790249487283 -5.37936875643035 -10.782201776528584 -16.231560616461397 -21.40641508726862 -25.440946288394237 -27.57530104333277 40.52037787223479 40.43499276822128 36.40369487329036 31.45896830916874 26.1966047694327 20.773630872398883 15.591358737348424 11.322150372874694 8.337921716229348 6.162013135891881 5.227739139530962 5.4621333386357245 6.472590982414684 8.151406814440541 10.129055541242863 12.073117553403016 13.760414531365537 15.113923636570677 16.084418887044265 16.65240792523494 16.677918804717375 15.916891413570292 14.225756475810574 11.46516973726911 7.613389036510509 2.779205404047337 -2.7805400005381764 -8.644971701658841 -14.430994593696374 -20.011839161882286 -24.37040664242538 -27.62484459294653 1.9803032775744198 1.1127236339440358 0.8783131241931063 1.046300447135734 2.065833860544468 4.169579431058062 7.69408576033282 13.114464444466421 20.511321067973007 29.683297922339413 40.13780681997969 50.970658326048024 61.45411127690152 70.94796336686706 78.71955015533379 83.83205493688908 85.84072030136186 84.65468886587965 80.5017037107524 74.06029240006077 65.8532481435591 56.358899511474135 46.09825628685901 35.66555990852981 25.4902036276207 15.889469523789765 7.085208275073288 -0.8642858900870706 -7.800514398760494 -13.755687999853425 -17.956833871200047 -21.622994740148098 3.9876922888533075 1.0145868311732416 -0.4005019085365063 -1.859110834116585 -2.481965702232489 -1.9910828183825204 0.09008457021647194 4.348326346130971 10.926843151258037 19.639220853880456 29.961413975192634 40.86901850480167 51.56137122547318 61.382486394352895 69.51447536892336 74.87353032031122 76.97375269478168 75.71382683940108 71.33650298667715 64.80541359019516 56.742923785530614 47.53414125512098 37.699600803117484 27.83354854013018 18.365143651071165 9.69094983874851 2.035787523956376 -4.5485479337160655 -10.016238401535771 -14.478979545925979 -17.57489602651399 -19.330732790392858 4.923077682735396 1.1667482670662177 -0.7314334222049397 -2.886992335897547 -4.278211950300748 -4.611878376656779 -3.376985147171874 0.023234849592525805 5.7422838949020045 13.626101231132159 23.16017240691901 33.30945955260721 43.320085974701286 52.657879688942174 60.46228157818107 65.81458813502407 67.99329204356775 66.30333723182258 61.56661190442644 55.32324667036144 47.99427865307271 39.68046075603886 30.51384255529198 21.194284885750683 12.90402140234898 5.835941281491731 -0.7877706194438114 -6.457717078298823 -10.68510462390638 -13.973260457710907 -16.260719347935915 -16.910720948966866 6.289087038245898 1.7127603702763792 -0.7487272910943418 -3.7072725285735273 -6.019972089350181 -7.37746879619614 -7.226380006258725 -4.954343603493853 -0.4245429503639938 6.241484850762148 14.575380675354891 23.597362810074202 32.58842550374869 41.08624062643895 48.688137658446166 55.22702773034839 57.843429799700615 53.7961037677417 47.332363724441734 41.82095203688967 36.18983792652698 31.516870643401273 21.242492961202323 9.629180428772134 3.7377531260887533 6.3006555147150065 4.741701520310265 -7.260380634725869 -10.68944956240295 -12.944054383604152 -14.153788663511211 -13.469580125184155 8.11895087562005 2.890259700455008 -0.11905677042891179 -3.8579809626201755 -7.063293096588334 -9.437984102118493 -10.418484398596455 -9.330150153169281 -5.991030469352731 -0.4794801348607856 6.727401702892597 14.063587416375393 21.371198067222235 29.177866653458608 37.91530999502555 54.63871414549145 73.74588183197817 36.265009659671165 23.577379926144477 34.679089882680316 27.700702894952133 36.37396311544681 19.75387294879366 -14.348239719798565 -20.32269585335599 1.8749625366643732 3.901095640983924 -23.111512913855062 -15.125742604012892 -11.523486894735262 -11.54116888787181 -9.640381897495356 10.60124494696271 4.949852499080402 1.4335799326423264 -3.0193316141707025 -7.068841631776251 -10.427768131662683 -12.457841404906802 -12.411455764124781 -9.96204289984762 -4.850227707196195 1.1254729120404166 7.16006376220267 13.039395359241677 18.20595067475278 25.622408135878384 43.94043607067338 70.59411017734672 8.150637587699828 15.390647028581265 24.216095133783075 16.0029079104604 35.93428769513474 35.98766275791666 -5.232822070911803 -1.4170620870237889 36.084546339102346 -24.304253137909107 -38.46399799117204 -17.133047431973377 -9.118486023326719 -8.429881072501225 -5.766063090256328 13.819073189246437 8.144570527536631 4.231141267677651 -0.6946069064707598 -5.4129923217431894 -9.87235947302616 -13.157987719232272 -13.856861170323539 -11.48174058006584 -5.852970355508113 -0.05855362833200896 2.9270805912621403 -7.627226058224214 6.453816895851253 25.542675647936775 15.767854909577038 33.13613017620414 15.825874254043342 -12.41110983313098 7.2719239862245875 7.712944290072327 6.263465981246005 27.532360269743887 17.059527642199644 -18.48130472521685 6.257329535349784 -18.389701896234058 -14.383408186791392 -2.293413962593256 -4.590475292145634 -4.81950447581357 -2.2999738744629563 17.694392621764674 12.384313860775471 8.202734577793246 3.188045274348958 -1.5235795722865029 -6.968361406688898 -11.104759539210622 -10.816938035322174 -12.590704596537098 -14.793293184004904 0.3122907948113083 5.8158640071721255 10.367349172116684 5.810933844645189 24.57890275341095 12.83814403983183 -5.44811679376197 6.207260466314667 -3.5216249560292985 5.453898423041867 9.238726125810425 -3.2297925221323043 6.59689442602953 -19.492798009626828 -87.70117432169776 -34.73177315847999 5.418943773004935 -3.1565880952757595 10.462920355928887 1.4362262568276931 -1.3708548364954491 0.6369405973968114 22.141711805066482 17.58912870104085 13.283190411038056 8.187924604210757 4.466430992438479 1.3656293329333642 -3.4463485522240678 -7.846097564512527 -12.459320327280864 -18.07816498056491 -7.598156036586037 3.6667303373507862 -21.315824473358756 -29.232278150239193 32.30822841857583 18.782167736478073 -27.980253496342662 -20.349505435142497 -3.7429419686880814 18.511624489901827 8.181665483047802 -13.912130006873335 -9.943522764074027 -30.916075073438105 -44.360958552387885 -8.205025106383431 16.625540256053803 13.423878938591281 25.917573263973598 4.444335693621359 1.1369127614915142 2.917699885565759 27.05930262105028 23.677759154346496 19.37536759250598 14.125826557856056 7.998001228289876 4.387071794113962 -1.4984369976776506 -2.2247653673542143 -6.774211828462233 -6.874445906185534 -5.046904551565325 -6.705886871553018 -21.441959471537498 -41.29644042656879 16.58085226462959 19.524936950812116 -6.233636520609101 -1.138315087253778 -10.069706297422522 20.60650764098835 7.515788602223557 4.711712382306253 -25.10529463408214 -22.537089488002657 -1.5064181107427248 -19.282655500784173 -27.002275143667607 23.377577322163585 13.543034658005617 2.8306525731879337 2.380314146336237 4.377412868103795 32.34481232355948 30.562944816147905 26.467620429697725 21.316696119400497 14.14100681009099 8.699756466890188 4.631881836465933 1.49626682609675 -1.1680514213658815 -2.307060146302281 3.5422350734989823 11.013005645023924 4.56776063544003 -8.939202230647261 16.328966386060017 -5.302821352342706 14.896764076572149 -9.943322504060227 -22.55698336932138 -1.114657352973418 1.2390484407734768 1.8499474586379288 -37.87921420121917 -4.6950421312837225 2.2870249927009305 5.64836541506186 -22.91746976023167 -12.505533597400744 -3.3896798330693327 0.5591947871695703 2.192668791601944 4.848573380839964 37.53986387687886 37.56900104821866 33.856247429142364 29.210691543067224 23.367867741928702 11.964036196474307 5.452612124957975 8.060445458623613 3.771638967445836 -2.8721149299008104 5.4895574024282725 25.041299364372733 24.740215796719 3.832167274235992 8.68555116290394 -23.752320031997943 -48.50423820358755 -14.460506021930867 -11.231460024872147 -22.290181554608157 -17.972738987585227 -9.898343752078341 -29.86544686723423 -26.97488138099111 4.912035735954275 -3.029134671775914 -5.399578156043978 -10.113918574292002 -3.1657029466657725 -0.9346218383438754 1.3236404123713061 4.522440467228644 42.18642657334298 44.03170427515752 40.70636923147712 36.732074886726124 32.21624249447177 25.3736307920061 20.725515250077024 31.208279495937326 33.6546292871089 18.200727198477253 13.07180631856785 14.362109296684574 21.803969171588452 9.252446535103342 12.485649749101533 6.391059263950173 -20.141746501937583 -8.133724679370376 -1.8897888146727848 -1.3438012937855703 -25.347672107923295 -18.64256517815785 -29.292513799301645 -38.06513449966889 -14.562250994506243 -20.299764261572047 -23.98244315523405 1.0998709690220392 -1.3949142737016083 -1.7521631656095804 0.29763145723502493 3.59176653783582 45.81621240946294 49.26524440110114 46.28179575330928 42.94165061091611 37.7697687713719 31.723337712126458 30.365397327397687 41.22543985955684 57.41928209393913 54.20165503160193 23.046721870865937 -7.443060486356255 24.723944097389147 54.253313352840756 21.624911609903105 24.693008771857677 26.480059311572653 13.139250203343227 3.928749513679179 -15.475156501990858 -43.55359336101807 -40.466457966675 -20.718225994932656 -10.385069979296924 -24.98259688810647 -16.137289404672238 2.8433533079354496 -1.7116463663382129 -3.2470999415455846 -2.685021156388974 -0.7282018212577236 2.277285612105489 47.9606489836653 52.58221442722956 49.95170498316057 47.19119313922144 44.99676215058385 36.915513569777964 48.44425674848156 57.64587947804688 66.9867825282088 61.057716289326535 27.67659389620442 -2.184893590663747 21.35430410236458 51.93835061828427 16.9493856516803 15.899836894689795 -20.38029999460912 -9.972467562935796 0.5964304701782085 -41.60391483003618 -54.35520430976182 -45.09310926541142 -18.243064246695333 -4.785773102423928 -19.967836084731793 -8.273408323173344 6.608840795191284 -6.207700908301775 -3.916530342393407 -3.3313593232996728 -1.525955565117158 0.7965377486731458 48.70440388037661 54.06362043276923 51.686071015788855 49.44980827233787 50.73743278075508 43.68123691336403 44.601536068232576 60.98137345166418 58.09967785887198 34.7565489587153 19.96035974575986 13.225446217520506 24.146827488774157 1.592418963792344 -24.09596195314836 1.5915243286629814 -5.282326906935391 -8.102055425673973 11.340033504727105 26.249090372024202 21.946823188877993 -16.407452259483826 -11.584008791422185 35.90660232256493 20.23603308350151 -20.783862400496506 14.785137984221073 3.4788080433567896 0.4944764559911767 -3.3554876891098933 -2.319633242241065 -0.8809470390619057 48.128117086782574 53.800218014119594 51.54896979694562 49.59703665767557 47.30276113527839 57.06083517715188 52.89920787308103 37.95849339967561 38.02161164556755 18.363284229435003 14.403141525912712 4.027672150856143 6.007246839411352 -2.034842405583313 3.4734563994682444 -7.219023497864114 15.709495240421768 16.168397310111622 14.544659162801954 -9.122353940782533 -0.6691459792509079 18.78221504642702 -16.12119541270318 20.21357833197642 66.20225068404287 54.40182558260754 71.9607669707126 9.408602511808759 -2.0356457002251425 -3.460390717461742 -3.3587992151796695 -2.7851211401143257 46.19759822502831 51.7214972522447 49.577332522897805 47.28945495187193 40.62789496834006 36.71834357073024 61.71858703345093 19.718304303337714 8.266059174378555 4.493891634923898 11.713522132978309 16.089948255020587 30.272996136180655 20.99206102242233 44.46165994451417 0.3317230169452143 -13.62887258357688 -26.524689430194805 14.207555014379446 26.919384463756835 -20.044519645367124 -4.8781627188552505 -18.68413689343771 16.586608022708635 13.00636904275543 9.807985010715527 50.586761790528655 11.921996962471995 -2.7608887886426694 -4.260653442168699 -4.850975461474914 -4.943191947697842 42.827091656660855 47.70366955890813 45.64919378329882 43.33331065076082 35.18761851202259 16.026319344954665 20.638052343308743 -7.891260147253832 -8.744068383886487 -5.723663984152474 11.206307678023476 39.47329101530755 17.563045878509946 -31.764903249389803 -13.922732428815179 -31.08494778453887 -59.821391619723094 -13.746953912123022 35.2544902832421 83.15642514023456 4.274249328257539 -28.38752011139475 -12.052734280841605 -13.12890332532181 27.863598126854317 -57.710779977387006 -6.812552186152577 8.388344565659104 -4.23440623721849 -6.1579475803297115 -7.076849879434666 -7.387684007375531 38.756514670437824 42.71135297337733 40.64753861110968 38.41047557309911 34.949840053730135 27.593542116260583 16.070549344614275 -9.703953953472906 3.5583822598058883 -2.0087095632269545 -15.9467296974403 -11.269049198397473 7.782075362359866 -26.476444955580835 -24.130372464340535 -38.377468642300826 -62.22420685103785 -34.95631357446188 3.2214897659917083 6.660014687700453 17.574291258814455 -20.0460507644106 7.770243143654369 -20.899671144527858 -10.776223479434629 -3.872356128449693 -1.2123262234075594 -4.656570572526716 -7.216020904188985 -8.558864039932725 -9.613882085644878 -9.826647696188338 34.00807499219961 36.88106552393774 34.76362337447434 32.431424484258194 29.790616405452827 26.892542998125645 32.428104477924386 22.47864117287637 25.580066653140783 5.812592566104233 -12.507830930873778 -25.312088658650833 -13.79510790968994 -8.78632362939511 -3.011040931717728 8.868771150663017 14.643850686177432 -4.871537127354833 -45.74268506578734 -47.293861896881126 -6.223982947780022 -4.902584778006792 -7.382006909809239 -8.144330891805104 -9.371588411474917 -8.714106101571561 -8.463002825106797 -8.875254050693112 -9.92370444284756 -11.05641767087384 -12.141311468125 -12.047565788880533 29.483971260903818 31.391631881014977 29.251089592532413 26.77847204512057 23.94286028505138 20.70851611010739 18.050225496188553 13.938183445627146 10.703928353250204 4.804464667150044 -5.588533923829973 -13.303049008342322 -15.568331838823061 -17.14444178404167 -14.97920840715907 -10.237096707764962 -11.746989716225327 -15.979389078226061 -26.482815441551917 -23.94831126668462 -17.609286486733186 -15.073353504599549 -13.703950976104611 -12.742572904682593 -11.87246244165749 -11.255033225252552 -11.139372221309316 -11.486191221214595 -12.172989459185258 -13.09614477094401 -14.081435630675765 -13.632703302156303 16.088297470878974 15.838607820786393 14.017454045651 11.691151120150602 9.062959583922568 6.077549354056262 2.770001682179023 -0.7960354121126693 -4.523235549197968 -8.40432514871277 -12.291236562660695 -15.945289316973433 -19.195327005038845 -21.947836399036067 -24.04881526981383 -25.49983466100653 -26.26186853862319 -26.26750191757417 -25.527567223318353 -24.0518693258113 -22.096943012938322 -20.22026123786492 -18.63604259691541 -17.307871127340828 -16.28242088557067 -15.58459057657467 -15.215593715719779 -15.164804252368459 -15.420155829854682 -15.920632097049854 -16.630459167492614 -15.273094202412247)
(UseCyclicTransform "false")
(UseDirectionCosines "true")
