(BSplineTransformSplineOrder 3)
(CompressResultImage "false")
(DefaultPixelValue 0)
(Direction 1 0 0 1)
(FinalBSplineInterpolationOrder 3)
(FixedImageDimension 2)
(FixedInternalImagePixelType "float")
(GridDirection 1 0 0 1)
(GridIndex 0 0)
(GridOrigin -96.8100144045538 -89.93329325862643)
(GridSize 21 29)
(GridSpacing 80.0609971679904 80.02836497623498)
(HowToCombineTransforms "Compose")
(Index 0 0)
(InitialTransformParameterFileName "")
(MovingImageDimension 2)
(MovingInternalImagePixelType "float")
(NumberOfParameters 1218)
(Origin 0 0)
(ResampleInterpolator "FinalBSplineInterpolator")
(Resampler "DefaultResampler")
(ResultImageFormat "tif")
(ResultImagePixelType "unsigned short")
(Size 1410 2067)
(Spacing 1 1)
(Transform "RecursiveBSplineTransform")
(TransformParameters -0.07496559872740641 0.03666665758603647 0.1048923460513649 0.14453618914500027 0.09048046006562052 -0.053419625556215745 -0.28896093199704176 -0.5655830567251459 -0.8330862007801777 -1.0619876043367267 -1.2229081034241682 -1.2938315349635103 -1.252693305452585 -1.106441517836385 -0.8620176418322211 -0.5920281058155014 -0.36886598112221836 -0.2077493144705621 -0.12124173338475196 -0.08327472275500623 -0.03124833887367854 -0.13519540806213415 0.7980327779201128 1.3198172997560174 1.7418186302746215 1.702115072491554 1.2181161771766698 0.25858074589151153 -0.9241176954073069 -2.081320281187554 -3.0923018148921977 -3.836655473837663 -4.1710069828897245 -3.951274241649301 -3.2517242214277826 -2.1471460152751125 -0.9780242132670312 -0.08713691894818708 0.43233295583716225 0.4676660443075309 0.29595943325444407 -0.08588774201089652 -0.1782185977801676 1.1891297378867747 1.9545330255544047 2.5855476206018646 2.561628506421019 1.9082280886679148 0.5801415600298285 -1.0621683900502805 -2.6641807401908855 -4.075490871287007 -5.143427548305942 -5.635060062962116 -5.315476259830597 -4.3216545703841875 -2.801245252783147 -1.169014488651513 0.12164734908851757 0.8749258557252242 0.8741678868892587 0.5623622915370231 -0.11041096113378654 -0.3497206829365119 1.36682641679035 2.3516338561095025 3.197241329996388 3.2481483030469036 2.5006902842815872 0.8644189268194215 -1.2522298243530288 -3.4486036097138335 -5.445268412290421 -6.927918704872937 -7.49541238415883 -6.742011888414101 -5.206988705922363 -3.777900822456123 -1.28482068296397 0.6054047821984845 1.4901722808199787 1.3582185552906196 0.8792760956527351 -0.1526390051909221 -0.7529738634938213 0.9348844741470116 1.978388506217111 2.939963336578909 3.171528169606197 2.562661343894043 0.907823908005395 -1.4923955164192362 -4.345428184088692 -7.0796133168099535 -9.061632538972463 -9.640060480308213 -7.768041692020964 -3.9055843897165095 -3.8706260002924124 -0.5668886005089826 1.3275371747134441 2.1227996374627565 1.7577883928327644 1.1357839458569885 -0.22052653783626777 -1.342237873223415 -0.04868341055039712 0.8702530512745571 1.8493887753685234 2.449005824846289 2.4121072662031082 1.217068504597448 -2.615609188328997 -4.260220749669141 -7.20593949023555 -10.078131333116175 -12.932547368332541 -14.159747009345612 -1.3064637746958356 -0.28188717641290445 0.6820525500943704 1.84229193944631 2.210658917288419 1.9384342071418081 1.2667376149857186 -0.3173144424571282 -2.068743835334844 -1.5676159774214877 -1.0245318106389094 -0.12811207546974704 1.1095734409560363 2.3198906671859216 3.900270779828141 -2.1501957937636833 -4.305211959851809 -8.759636087194803 -6.99552892580415 -11.751380405856324 -12.571173561358908 -3.207611135409821 -0.6028596948611568 1.7890022389020512 2.970850429426718 2.0987100667637133 2.0165234246457313 1.3767126285133922 -0.4320069639269869 -2.7027040263161584 -3.178464309951098 -3.244214838594463 -2.763202856224402 -1.2926917315326536 0.9312266647745445 7.2896147297263 5.630064446250128 -3.7722794099010444 -7.617402345477938 -5.507031047658196 -3.8329899599915596 1.0344911515061166 1.0558278097741642 3.70403438287403 4.364253248484508 3.9952969178874618 1.9295864762755617 1.693047145155223 1.270246777537627 -0.5580946001303222 -3.014116220764993 -4.441226872209116 -5.33275913249759 -5.898705260386501 -6.281334808642169 -5.452320764923852 3.30110630208019 6.389748883872156 0.03299320747280207 -3.3562142132160018 -4.913881176665923 -0.9244785340803341 5.28590598262111 4.903556061590116 4.970483051196463 5.537079540484186 4.402740930549426 3.6798992494998757 2.034484855647871 1.0813640405128018 -0.6831690564309664 -3.022296775925508 -5.18138051439739 -6.8071891979688655 -9.108999200457893 -16.08311355986491 -14.451156117752427 -11.080504030072676 -7.457474102309325 -1.0231850577799053 -3.4428559710718494 -0.9675983414785209 -1.4916891013754379 4.764293002790146 6.637798156298919 6.447661737921095 5.017263221975687 2.5823508388682983 2.677617128715919 1.6983165667155944 0.7549141150394982 -0.8036173229307119 -2.746539675222836 -5.226479654753066 -7.178693761424097 -10.696245944762346 -14.521371040257193 -5.369906512055386 -9.881822173568638 -12.045463720742392 -6.514515049334606 -0.6785943740568127 -0.4250955480776251 -2.6718505800650334 1.004216691122312 5.563172972174109 5.631144102671606 5.136838932429973 2.5925724531665613 1.7609112343069282 0.7463529130427189 0.14729332713911286 -0.9376197107274143 -2.3654642627452223 -4.940523292081894 -6.950473804000958 -8.749755495163136 -7.775499171697793 -3.6131539806947632 -2.502430507220869 -0.7730869202690948 -3.9640551977992846 2.5601941635116345 0.12055522429252007 -0.2517608814571679 3.1460901102057375 7.417109286872325 8.076824881198677 5.246330459581917 2.5691159290578067 1.2470043429672022 0.49215651482504186 -0.29282061046362245 -0.9780334025148534 -2.057688180211987 -4.697849686821387 -6.696205137427213 -8.315822603145142 -9.589439163586023 -7.77889723239879 2.1180232068410008 2.367630483329903 -0.6915217290272216 1.8518616701199804 3.3985490107591256 2.6526411033563226 8.655509979791619 12.060820250025513 7.474349584552552 2.837435634339733 2.1234995576650113 0.7874931717921028 0.3590101952683395 -0.30353630288982253 -0.8040016022183764 -1.887642366312235 -4.4863180321620035 -6.050820107015269 -9.204746032322888 -8.990426436033365 -6.222871881408335 -1.436286008033818 -2.370366356492286 3.31519529205132 3.327952297352958 7.534108537343413 6.0852801021954495 7.237805003639433 11.031935297175236 6.754829166822377 1.7356501941785023 -1.429039667570395 -2.1649258615109885 0.04882406048625557 -0.1357679503602959 -0.40852784564828193 -1.9197429976460274 -4.265152750955949 -5.27616708838494 -7.326616326067274 -6.008074407731064 -1.331431017937089 -1.1232341622457636 2.2143314593496495 5.827844303176345 5.415724792749616 7.526869722922582 4.967814887092124 2.2182355497585893 6.5018942130907424 6.458172231189883 0.7308177049492206 1.6174601911395416 1.6760047003040708 1.0339896727836388 0.6887213174859006 0.2517803159430893 -2.1571557685513203 -4.389443042241676 -4.567482951155528 -5.014616869884452 -1.3764390900342358 -0.7100065399552528 -0.28235254875113386 9.112913048088295 9.424984381360384 9.345058697224852 6.89133695141439 -4.620022012867921 0.00651649016114407 8.821041392615323 16.036140055677585 3.3005101928027147 3.1708096747555583 4.0228871029115405 3.1737685220848095 2.4836853688243163 1.084073106582285 -2.60259756804518 -5.529047538659126 -6.089918290732534 -6.552590765620383 -6.295974659329069 -9.690203220526493 -8.504543023355081 -0.47044075836207216 5.25700138742307 12.470503518579882 9.973096423258516 0.6213736463969943 3.913146322326811 7.892648931611832 12.194368150815428 7.11806975691468 5.18821286011263 5.635433865792223 5.319278361941756 4.109647767267964 1.9153190359998695 -3.19207785870659 -6.941003009858763 -8.577010825674348 -10.545364256435644 -13.787911548995995 -17.001864205490246 -13.981110260563723 -1.7963406003584197 9.25045399983261 12.532101047609318 11.855432478191958 8.245876733886016 7.0966007488948515 6.8079062118754665 7.338278490022817 6.976190325067849 7.955683776375612 7.510542646144781 6.848751355190143 5.481543776537085 2.6469830834308214 -3.87563868745159 -8.554715307454344 -9.91037477154917 -12.135962831758773 -17.58679401552087 -19.83604404668122 -8.53338436547914 0.14300254024693518 7.798849414334214 10.56904401515728 7.302394883196074 5.125856399621888 4.807482977631511 3.828385544032361 5.718277057235601 7.997204034812236 9.256938119331485 8.997477296918245 8.696105316780194 6.592950411283519 3.1910476388523983 -4.39173619361531 -9.851126303063658 -12.24255488573646 -14.635098404190513 -16.363001693443447 -14.75356748666363 -3.489775972620659 -1.5599534889312663 -0.5259089219937341 6.510742910025864 6.5827272342165495 3.9120924699948434 5.814642889835581 4.439256348342925 6.099296717856665 7.823509947510216 7.579419887483784 9.489268116424855 9.625755528142417 6.855097917974182 3.4454366429253636 -4.479188776198499 -9.790076635365134 -12.091452899788393 -13.887625162924468 -13.789988456908741 -12.056784820373123 -6.487890488834857 -0.7564326544977112 -0.2901020332250727 7.1892952224889415 9.017702651534496 6.323503290864704 4.597775848752992 4.8694264157697 6.7608996982978145 7.3377182019322476 8.103270158216382 8.271616433201078 7.894242388889598 6.169694576123763 3.3487839279680465 -4.143340090835077 -8.707216387377644 -10.505828157323249 -11.765719548312711 -11.33573990232951 -9.077750471528448 -4.606632732509596 0.4878449078251659 4.186915122030145 4.884254355953465 5.226288338963792 6.731483807276379 2.7359434115603616 1.9133414142699723 4.198713964621151 6.2709404992920685 7.734696435196887 7.159918694862892 6.441636916071207 5.13977178384036 2.987244501716575 -3.386599680921946 -6.773477358777056 -8.01750036198996 -8.757677312656467 -8.117381678092883 -6.12341723040333 -2.6346728334810288 1.0233933235319082 4.339084306775443 6.031750242798757 3.834537744962935 4.748724914318176 2.7652414605084217 0.6424083298685651 0.11979879165794219 3.0853428399194325 5.289324911201933 5.736232716710837 5.252837914877917 3.8762865635890154 2.4612797594402895 -2.480123933910091 -4.596777754713939 -5.316738620463824 -5.64187587892075 -4.995188359603184 -3.4443691260729534 -0.9517239695051743 1.6464594257799412 3.5582782445244345 4.699359033569398 5.078447977406616 5.29746786579414 4.1052775099978485 3.204683910405765 2.687559659209923 3.087113933677151 2.648608620554559 3.1238182827674676 3.7187273605092472 2.9643252329493275 1.9020412755938467 -1.6939872367265312 -2.785100358913943 -3.09336736551115 -3.1101335046795975 -2.5058402101715496 -1.350142904913828 0.3433307830051255 2.0620315906946716 3.2988793992798304 3.975657554941257 4.045004003232523 3.763673975017457 3.2891201747743266 2.781317207492356 2.402486687489153 2.137991945769833 1.9371297887508139 2.051624284506241 2.0834582620933224 1.928244905424059 1.3877699478092145 -1.0989623299070754 -1.4786993749517134 -1.5127347350524336 -1.3433157871392651 -0.8183193558542133 0.010779672130993274 1.1115469799527882 2.1904816852745874 2.955728059975372 3.3604153640834227 3.360007513585612 3.083000452426557 2.659286170200214 2.1940343046603186 1.7914733050321514 1.483243190554022 1.298921373737172 1.2252790003488987 1.2321852739283494 1.2456164096396276 0.9888404651426245 -0.7502529663640024 -0.8036529113217559 -0.7276980987182801 -0.5128771063759049 -0.09901672099388882 0.47865536385250324 1.1883062673416864 1.866598573899063 2.34966396727732 2.6082237401025274 2.614206757342164 2.4368272204223085 2.145995253582615 1.7986057973490666 1.4513708109764691 1.1552459444912386 0.9603283432060002 0.8686397322406945 0.8732734209061438 0.8985649286196096 0.7466027559603049 -0.5714272383821963 -0.5326489410155126 -0.44138724907084403 -0.2532395643152267 0.05592262442887733 0.46378389384438 0.9466649920996758 1.4061120937353995 1.7433415570988793 1.9382048981361781 1.9705803578249137 1.878768775306051 1.701154759337011 1.4707278960940173 1.2204505623254527 0.9937467942877801 0.8335630981511847 0.7476435733858657 0.7361994922940422 0.7441620855615241 0.6115239558455504 -0.26862314465154896 -0.23556490228382304 -0.19464554502068993 -0.12547031345563026 -0.02899100524082793 0.09104545060652443 0.22937242081758089 0.37005339779980184 0.4970276309511064 0.6025139438935639 0.6787251562737907 0.7211964828873993 0.7254602604263087 0.6959541914103451 0.6370978688606285 0.5680459677209584 0.50755866476325 0.4643395635341066 0.44149320117183327 0.42512756739248586 0.3234517285509252 0.31390385556175954 0.7222217514400812 0.924593792953477 1.2393290091071425 1.6872829136621665 2.224302001695782 2.785029730671835 3.1914836793486745 3.2641129225460714 3.03251497495801 2.526244148635623 1.9665709738091026 1.5748413272046073 1.3752657423381653 1.3919320070174857 1.4889738396964347 1.5284608003023157 1.4948422280037021 1.344812426303125 1.1617874493863745 0.6423693275085929 0.2447652090098388 0.8863832345714566 1.3637358424858916 2.338317498799956 4.022685394378257 6.219668630498527 8.699958731854675 10.592026895728935 11.021979025734186 9.990945837537637 7.500161961186805 4.657456711717248 2.571406398520925 1.3152457707653282 0.961003547842557 1.0475764017233462 1.1125967819904734 1.1573472210206803 1.1672488469948703 1.1406004724735506 0.8541093488155147 0.12414543433263756 0.7271692731289212 1.275328206961216 2.524336602375083 4.819056116236588 7.893290340098959 11.450527775363474 14.231282157587717 14.973587181066828 13.571333143309582 9.921354550465823 5.770737479557822 2.8721134026146133 1.2652377621317203 0.9066309818892225 1.007660061420515 0.9512768686561573 0.8774729883872168 0.9188548612983295 0.9799122749695015 0.8852871445117656 -0.15608251883172036 0.06998422511165574 0.5305437798102918 1.9160401976549974 4.786026077878293 8.860356774248778 13.834676920210162 17.940534666339687 19.397350343557974 17.70988311542162 12.425533757524452 6.368651361862737 2.464415536873371 2.0950041123630667 2.362061503291456 1.5405541447443314 0.9392862529971565 0.6340881115053433 0.746917972057341 0.8832673508638947 0.934898792841178 -0.6633475476557066 -1.4063826768971268 -1.3571342023380584 -0.21228948024463984 2.913389113454858 7.835234945082006 14.384406488229445 20.24202036305939 23.04839941494427 21.363441091111277 14.18913995037941 5.720244827937277 -0.6479311624886374 -0.7828422388941214 2.2311287416832126 1.298781180909652 0.9868714209390489 0.47207166941796985 0.8062242905521952 1.0369013617496285 1.0387266113209537 -1.3454177251372998 -3.5492385049651816 -4.215254063004826 -3.7209227387463155 -0.821079458281858 4.47134627218258 11.846162546552874 17.62443195692952 27.821957888809752 23.08538347826292 14.032983048359043 3.0933006057956107 -9.036744853490596 -4.563313444484602 2.0116227207796618 1.5672179443275065 1.3102893564140528 0.8861901231958459 1.0587116871217161 1.2471606610662351 1.1768858799234354 -2.147100717842781 -6.21449202492335 -7.885224463361585 -8.52043792433947 -6.509291438672774 -1.6224785822537655 8.142796315051813 9.306728088052603 26.906707978049273 23.32921492072811 7.984299634109498 5.150589710633898 -3.075202371627099 4.371340093510786 5.207989856354396 2.3879020376730744 1.8950211877853227 1.2766671292171132 1.6299587098867943 1.708563657886345 1.328866765663001 -2.8442301101281635 -8.591543367732848 -11.240569760972063 -13.085674118217185 -12.205045256928537 -8.7029252630592 0.11918313794621666 7.744923572127717 14.511498629844809 16.402387413844583 9.154634736601322 10.352474275875544 4.386894178201999 2.465570756326306 3.1249101480951817 3.0549764066868605 2.68428954569549 2.164245407532047 2.0965803779979493 2.1542736545458703 1.4394135658743543 -3.2125430129878882 -9.872623183445926 -13.13883995091173 -15.795812853850672 -17.517666217833224 -20.871979887368553 -17.071629213314523 -9.676885144583139 0.506503139881363 8.224390072471229 11.328065846829865 7.286581299005925 4.181824796524324 7.28764132337298 6.3180415554827745 3.8571160687111896 4.850624772569863 4.522225544909814 3.096037376388421 2.5016631325859424 1.4503763159236767 -3.2676787953407076 -9.965164890079274 -13.338257041455275 -16.556888383084512 -21.807525079146263 -26.341316296227596 -15.440110658624965 -6.0237785798570025 -1.9659391989242374 2.804659853933118 7.802025876229888 4.710753453424308 1.9637551523996375 5.884917864867633 7.4368150509385 3.7323564077578495 3.5794321688232786 3.1103680668507603 2.7815260460137012 2.50537998420717 1.3681428042044572 -3.0251534647540073 -8.777432911917776 -11.587654726638325 -14.014062408073876 -11.861661089589335 -8.821828408749981 -14.267385398403817 -11.804980256360842 2.423026542892668 -0.3910233411684521 -2.809560830421401 -4.990848395852277 -3.501618536147631 0.40440956289503305 2.7290360727636798 2.8100874687489372 2.737645565218014 1.0461658977285888 1.8743350457874786 2.21426662009303 1.2047320967566229 -2.723638639254647 -7.057551197305906 -8.992143013643181 -10.254992719618759 -8.9094251474015 -8.754984595333687 -7.23764117778744 -7.30740230680142 -3.6556829697070663 -2.718043385163965 -4.725743837287389 -7.077999289950302 -4.536988850130172 -3.8118795913173913 -4.318373767537926 -0.671079196134442 2.4315766656345508 1.007879916738042 1.2646765486623703 1.8067639617627895 1.0511052238486667 -2.601777632317555 -5.5549171565754065 -6.629720060801653 -7.383025946675176 -10.12149912352664 -12.21990525388805 0.7072713170151123 4.448289404500246 -2.517118107853805 -0.5668133850388799 -2.1625876416567995 -5.100265233177161 -7.010638775106414 -5.146060580796966 -3.3586314697419595 -0.605996947499431 1.905060316811841 0.30977416186467865 0.4276243466366537 1.6064125381906675 1.0168000220765354 -2.7013158476628876 -4.5143313888083725 -4.610139273323768 -3.7985185560909223 -6.105570036901765 -5.052419337362238 1.9547688266211707 3.501975814359393 2.5028537167018214 -0.19383709154088094 -1.3888509861871994 -1.485043553887511 -2.5048932611575485 -1.9818305932177498 0.9792599536825525 0.8998357707807416 2.4904876051553564 1.2744990599841075 0.43910087554552474 1.7794041415448798 1.1176743871977277 -3.0639689642748706 -4.158604413317761 -2.4502542663078115 0.5809981881033982 -2.8676829352557838 -2.572443611737489 -0.07130809222802725 -0.26753302641611376 2.6303509814321413 -0.24645969204039425 -2.2141888002342225 -5.0224078498893645 0.15812846744646514 5.728888885443163 6.591118237892494 5.850785535808314 3.3225814685997954 3.555626810466141 2.360445534767141 2.2316060666558184 1.3451606645175418 -3.4331911060713125 -4.207696110000632 -2.142514797825149 0.6626898328364229 -2.487851307563511 -2.396186518125727 -3.9835643209628144 -4.201072173638385 1.1251154821323994 3.0906306358459226 2.843065911889649 -0.9431779471016795 2.959669013633652 2.1085818090215014 -1.4515715916574188 5.325915094431184 4.917103240480431 3.623509289151832 2.7928700709839376 2.6213222878949063 1.6395209044432146 -3.5531307120438185 -4.302466490434635 -4.868768300931756 -3.6422934864605128 -0.8211056471854504 2.8165079371313357 4.522409708116881 4.89427595725588 8.546643773652093 9.053457877564416 8.672920399493448 6.582335951917982 4.203965666076447 1.4991900406816694 -3.256627864949185 1.6299341886550225 4.766853084556777 3.685633082765917 3.5747259066630765 3.1449444837477136 1.9309780900808104 -3.3097644939832724 -3.9204423813166445 -5.816684477384685 -4.924300318193843 -1.0028649681576576 5.5957767694164 13.48004695369872 14.770025569917943 14.78375055783263 14.426434153785149 12.065246298992657 7.415435530116243 4.793817448670325 1.412138680571114 2.6209909685610198 4.304364936821926 2.1645195702308215 2.1989802717529656 3.641713066019834 3.5370222991868814 2.1531373821766873 -2.580053228547325 -1.9564552273466063 -3.746764762722958 -0.5784963193222523 5.433032675496769 10.874240923880453 20.09569523288356 21.27206023275209 15.744496286347168 9.556463986803964 13.16941868405755 13.541406298151097 7.3836552247451515 4.1589390028144 6.05872706027303 6.729889677683065 3.7503847493531817 3.4240527895175794 3.803626697278378 3.5278516704912644 2.2195389720472014 -1.6369660407494069 0.5126829984048503 1.787972314145959 4.951479087320532 9.19447244742116 19.175393376088152 23.00603542573451 21.58484386450255 17.066249427015812 8.199350986547604 13.110868473903201 17.507022906506148 10.497091595345701 6.228651634358545 6.248812860331652 6.558142970801892 5.34585493193334 4.23980773033216 3.748868659320908 3.3470933151951088 2.1770099674718315 -0.7499225527080701 2.140322398472778 3.9980068559931663 6.847310351448882 10.89737584511851 17.103641819273548 17.796980286359602 13.232709160293007 8.737092648808265 13.089504989098714 10.760478148419816 11.86338716956885 9.658310018049145 5.394457557165776 3.549741966531434 4.785252138075909 5.584814334733293 4.885214943705622 4.085724134024642 3.154331815234574 2.044583689548781 0.006122385604851527 3.1288763675215323 5.023221281459128 7.642269155857122 10.71106519500589 13.176733399330685 13.648667079782262 11.652599299525582 7.701519272226792 13.083425828244017 12.299057019977237 7.4546270994313035 4.9895125910028 2.4770128261332305 2.3001676592829496 4.16431456051464 4.934046804070174 4.206247472582705 3.5430562120224414 2.560714678904445 1.834423046334808 0.554440849777819 3.391460794232077 5.007296719211193 7.036938547116907 9.071689716878502 10.517478232347456 10.617204887384087 9.937961918917354 8.25768873333518 5.676223766877004 6.405304739563254 3.6134174120321827 -0.4224581854405308 -2.516333976680871 -0.897890031869306 3.3669833008504626 5.863075177292549 2.9483999802073426 1.8301900374962725 1.7266896956123023 1.5786959195364485 0.914376065570154 3.2065167171347615 4.39985759748609 5.797155726062357 7.037498415117101 7.876675582495259 7.940187419236687 7.319861591212934 6.068896296422952 3.835991579868105 0.44996427339544015 -5.050326114093486 -9.778848424605332 -9.665098875562203 -5.591661947808715 0.09065647744748412 1.9806609280728846 1.1724287457018376 1.4764956149439799 1.407953893330751 1.3289224757882916 1.1036371629668806 2.8504406904659363 3.654299457530781 4.521511601491412 5.178800355630649 5.528295751935854 5.380154897449488 4.670483919223745 3.32686700855325 1.2424950636349594 -1.7020656824265323 -4.987719096145746 -7.393126884785756 -7.672746619728235 -5.272606656086589 -2.2820309551385476 -0.7627335500425001 0.2361781163088416 0.8556648666707193 1.013064095332052 1.0881490276794281 1.1592014463348135 2.4457663934469065 2.94595415533032 3.4301015682334355 3.7155544143452355 3.7447181823510225 3.3909002697286645 2.5709252518109635 1.1967192431490872 -0.6821013892261378 -3.0121821507239526 -5.062771183661326 -6.100505764247448 -5.996726178303769 -4.64329137267784 -2.8495675476903943 -1.423146502375362 -0.3651462006863113 0.3301359277022613 0.6983087369912908 0.8749218060341115 1.0943968824606054 2.069781898491938 2.3959537835794293 2.6785743191060933 2.7950602457240348 2.710742390205153 2.3381225503333805 1.6078862979460362 0.4477744233311072 -1.0433984549280333 -2.765099112526259 -4.2095918002131 -4.868009060599262 -4.719746516793268 -3.748872176534192 -2.447278283636089 -1.3064656780620971 -0.39963428393308864 0.20736185604482926 0.535249550615061 0.6877387023505088 0.9751878550653201 1.756415763891015 1.9970250768210562 2.195179980328244 2.2633899330272365 2.1782066783826943 1.873968689612996 1.3058141745185554 0.4261302910415887 -0.6768575339070418 -1.9144813393785274 -2.942101958156259 -3.414791496438411 -3.322408285616783 -2.655001202311528 -1.7408876216781046 -0.9084117167348247 -0.23221071588736308 0.21647539886835973 0.45502878940496233 0.5435100265473833 0.5382136033565925 0.9143824644852399 1.0210675656747248 1.1107676857225166 1.1529353847047779 1.141312864279805 1.049330667674672 0.86640488948829 0.580495923219836 0.22413057351312463 -0.17025845530215372 -0.5053685343626486 -0.683897528640437 -0.7016538177568452 -0.5545039175320658 -0.3287092116144797 -0.11064220785922789 0.07197087768920524 0.1897922004588393 0.24739026996942487 0.2264624717637161)
(UseCyclicTransform "false")
(UseDirectionCosines "true")
