(BSplineTransformSplineOrder 3)
(CompressResultImage "false")
(DefaultPixelValue 0)
(Direction 1 0 0 1)
(FinalBSplineInterpolationOrder 3)
(FixedImageDimension 2)
(FixedInternalImagePixelType "float")
(GridDirection 1 0 0 1)
(GridIndex 0 0)
(GridOrigin -84.12742729798829 -122.93785805316588)
(GridSize 36 23)
(GridSpacing 80.16658993874708 80.49222682543379)
(HowToCombineTransforms "Compose")
(Index 0 0)
(InitialTransformParameterFileName "")
(MovingImageDimension 2)
(MovingInternalImagePixelType "float")
(NumberOfParameters 1656)
(Origin 0 0)
(ResampleInterpolator "FinalBSplineInterpolator")
(Resampler "DefaultResampler")
(ResultImageFormat "tif")
(ResultImagePixelType "unsigned short")
(Size 2630 1532)
(Spacing 1 1)
(Transform "RecursiveBSplineTransform")
(TransformParameters -0.035245597040953106 -0.20270179515454528 -0.26561957789962587 -0.3622390413919687 -0.47376271832516487 -0.6124416830625248 -0.7974302673758558 -1.0800220248965904 -1.458819768773024 -1.9014809591576012 -2.3249795945064697 -2.5560268734281366 -2.5395025018141566 -2.30511772681235 -1.9183478755830305 -1.5218986160940824 -1.1868076180883962 -0.9410857143772607 -0.7831302973992004 -0.662943444435076 -0.5589904774327072 -0.4632494782263588 -0.3751125079804878 -0.30715494244934366 -0.2630187561631475 -0.24066912781073366 -0.2392557961049118 -0.25894801404833523 -0.2951021926344462 -0.33828394778259957 -0.3797548488166027 -0.40764815174828695 -0.4192834499165561 -0.4129008616576879 -0.4064227656498443 -0.28962524157983593 0.25054726307080327 0.1382208726652838 0.08655011763788117 0.02311911051961706 -0.04672179711137565 -0.14571101724562574 -0.34677795154095276 -0.82279059538137 -1.596474038738319 -2.6113305400723443 -3.639292948364154 -4.16887094767107 -4.017319110200378 -3.212057976450941 -1.9976977492985961 -1.0178259938456085 -0.48560587085286977 -0.2982308017338012 -0.3925712545802916 -0.5424812990005946 -0.6398342574063088 -0.6466214193977388 -0.5699010797247416 -0.49163772687240487 -0.4482452294790115 -0.45532662070595603 -0.5090960813993086 -0.5722966271356673 -0.6388152508819361 -0.7279132451041036 -0.8278237891674765 -0.8937137341007128 -0.9155915397201677 -0.8924893705171253 -0.8681430612425002 -0.6020706480877843 0.4005491962239632 0.3416811388036951 0.30793379681536787 0.2855338964584221 0.27392216267617747 0.2576241415646565 0.12298208783128342 -0.40807854974509306 -1.390323914163565 -2.7719732175340774 -4.2420849156342495 -4.708634302702386 -3.4836864606838036 -2.057329615524016 -0.533500422603509 -0.3001473329596095 -0.06717669670950994 0.3160498257220341 0.02017600257895831 -0.38507108175528626 -0.6623815892170563 -0.7554586593210498 -0.6826556116810767 -0.5839349650753 -0.5260078410014072 -0.5497680995503668 -0.6559069232127381 -0.7305405717841088 -0.766163108965469 -0.8577780258967646 -0.9978939154970374 -1.0935705018295876 -1.124734038691226 -1.093552234296893 -1.0572675863825032 -0.7226900564984629 0.6363643345465338 0.66185110033777 0.6384420297903054 0.6492495427030799 0.703017596481293 0.8364024867000065 0.9149748271340511 0.34469531087675015 -0.9516512942357741 -2.5752751820198085 -4.708177845226768 -6.842807593142416 -6.317523345673925 -2.5054316652982287 0.22312091566483733 0.8945213571822442 1.1931635655463517 1.3140005073391723 0.5954783491700172 -0.20893175607622533 -0.7616216330653666 -0.9665174422580531 -0.8675206171457406 -0.7062290264641227 -0.620090059543341 -0.6117686216448456 -1.0322486676738447 -1.0763433577435997 -0.9415604846645442 -1.022330035045955 -1.2316452335163957 -1.3581530219205782 -1.3933673234350867 -1.3451220204827132 -1.2891583558085797 -0.8649467647452403 0.9722773676666423 1.1085505250156107 1.061671638784525 1.075369768798408 1.1721467189716284 1.4053963520259662 2.12760799714201 1.7651843027697036 -0.6592270410958488 -2.6297170289075407 -5.1772192798622045 -9.212256061697293 -14.003821770715627 -8.690915720846247 -0.6286979108041904 3.8178396948928532 3.71475127303845 2.549873573080672 1.1946862443380575 -0.139902783596906 -1.0338879653986677 -1.3378642292875003 -1.136099174537137 -0.6885337204735554 -0.6258393201491288 0.10313394474773713 -1.5003334529019507 -3.3030829864773392 -1.1706054283904526 -0.4675997368677681 -1.522726903677847 -1.6816230697915102 -1.7029752710677006 -1.6227152260686095 -1.538281515052866 -1.010800213067177 1.45026909534647 1.777153454316994 1.7157878925559862 1.7230849003417565 1.657235600365145 1.8702177521369254 2.8881936147744915 3.3609711754812133 0.6394629253815842 -2.8328240034094794 -5.964654801351331 -6.038817240824381 -3.065508789902689 -5.804107953295725 0.425391373633863 3.33652170250842 4.530286715986965 3.589882306271081 1.3929679662259584 -0.9314239328695441 -1.9671550608128348 -2.012248918781894 -1.3863331406494128 -0.38766484380613125 -0.2631260330835005 -0.11003678804134458 -0.9125932684775925 -3.9349176319765116 -2.3216779965259082 -1.1849491991969108 -2.133806035045705 -2.163354882670774 -2.0947688137540954 -1.940128152553413 -1.8118404682778384 -1.1643845434877806 2.0974802459225046 2.7455456071402398 2.675834915732831 2.592017880244869 2.085741107818709 4.26689380500316 0.2727496178861863 -1.3950422560000566 -3.233351149826453 -1.2076967155856404 -5.828079516942134 -4.010470639649315 -0.9119366861891294 -3.7047075372306546 1.2249366726044515 5.013012910830005 4.9651880546477845 4.592596984869015 1.0910150419114917 -3.2562314097625085 -5.219376724449117 -3.4773849127488385 -1.7233328855490542 -1.4016232256415775 -1.6855492102189302 -2.646691275089073 -3.6963179908765724 -3.5677476695738557 -4.095810650289545 -3.8632469770183397 -3.2097645601341362 -2.8725484917971786 -2.5842563377711922 -2.286911635657662 -2.0929398998745503 -1.3132200864461137 2.806642223124564 3.8767013767476746 3.916497160400505 3.2306288945029653 2.142616440892325 6.329730202370896 3.402875887176389 1.1762013448946869 0.07025955256845498 -1.2968238355185526 -7.528687747696251 -7.379943907981094 -4.497668112987333 -3.4080712387725125 0.9508383643967246 6.807578059327468 7.630390574234238 4.294933135016592 -0.042100869776344016 -2.177433121997524 -3.0003515862161105 -2.7884745657244157 -1.7840661436486613 -2.8035189023180926 -3.234709223356732 -3.4434504105463986 -5.618343436141041 -7.025203762065167 -5.608383212070445 -4.812207544076781 -4.316777578172337 -3.6442657464253756 -3.1038716881403765 -2.640672331449228 -2.372126172047524 -1.4540785782721422 3.469433741868132 5.037952113718134 5.815641661923511 5.025457215163387 3.6253395932219057 3.531014474416509 5.455067806086074 3.7489922781551206 1.438131813519196 -2.5169215454587253 -10.396876541483598 -6.839722633627483 -7.017078824658947 -3.9009827069390446 -0.8051322414202446 2.919598029790615 7.452711560404429 4.439215089959192 0.7717663407594145 0.20141718966172067 -0.1014807440042184 -1.0637721786218197 -1.4853510414209383 -2.497432018375694 -2.826355967488795 -3.1761499393212964 -6.6786854280720735 -10.390628332741604 -8.665464890922676 -8.049698033748058 -5.586721236548692 -4.313421366102113 -3.58452581905373 -2.977242932414319 -2.638256188426276 -1.582576070811406 3.988131892560366 5.8872266762271845 6.65155630832072 5.783410067344609 4.271582258491722 3.931638364057165 5.482608651577316 1.995705824486067 -0.6513745932182657 -4.468441781121956 -7.284761304074354 -7.55443435772025 -8.91745935367155 -4.289471916188918 0.5219393928755631 -0.14704504168356888 4.648795989482893 4.333569294299279 2.0693706031239385 1.095252109321526 0.39134438188525694 -0.3043404135856146 -1.2413848405934278 -2.4772662729711463 -3.2113970667231047 -3.602791324466054 -3.614405174179037 -2.9847462077329046 -7.458148408418072 -7.964596212145899 -5.89743088270184 -4.751003695303728 -3.960596925907275 -3.2707335790139633 -2.875643221727614 -1.6918992514991895 4.265085113186543 6.221676576646027 7.4003131396415025 7.514634701314728 4.3456842252921675 2.3734924013658927 3.2927277401916966 3.226890606724438 0.06686564370108194 -5.431685923548547 -6.454123419500297 -4.2476975369323435 -6.581737343114629 -4.829920991298804 0.37819817076149176 0.8894743567354048 4.122196721815995 3.7006029935849676 2.3308512853248353 1.9508367129418693 0.3409178669229909 -0.46883898157881654 -2.1823313130444433 -3.1789684122094917 -4.0609068112975235 -3.151722155065276 -2.32260403859708 -0.4145015794215818 -4.663780236143093 -5.958421154288643 -5.390735224574373 -4.833919313091635 -4.168809523190784 -3.4959702484603845 -3.068762090826682 -1.7751530952938805 4.320589214521958 6.163574901868994 7.9807136960466725 8.56804106473004 1.6947764111612906 -0.19600696665637854 2.1988443219683855 4.0496809248902315 1.197826313155994 -1.3673084765050736 -4.030479072338524 -2.1142832954361546 -6.138176101066552 -4.499063618149021 0.5687131390370141 0.4659549560450416 2.6649937441976905 4.464658232071544 3.130777207737226 3.0761022316177478 0.8385370704309146 -0.5633603008457386 -0.7343445038977284 -2.329679236258144 -4.13148432082665 -3.5487901895628133 -2.87089208043133 -2.0057803660694233 -4.6734380736579615 -6.787552676461482 -5.392846111327386 -4.846225114797977 -4.307575825882264 -3.661642981508509 -3.211989052326756 -1.8322966979816009 4.1747160915577695 5.827419961454701 6.996326137063293 7.006062834863406 -1.8868027511256644 -5.7135960248340965 -0.9001231372479926 0.84567337610379 1.3648715986952618 1.2021606385606798 -0.8777535819698528 -0.9164948944501757 -4.376440190970166 -1.6138849005995155 0.3764423190441473 -0.1548766219426445 2.944637713411085 8.027588906549468 4.159849327153089 0.8822595710548096 1.4769174176399549 0.5553830193537649 1.590919877716441 0.20448946811479782 -2.7362037754165045 -3.4057403556886054 -4.552255924462518 -3.3130851256338043 -4.889288447511792 -7.406957285086393 -5.784652427359999 -5.067810628750163 -4.472952571467162 -3.7762422608334343 -3.2993868744442283 -1.8633238636410387 3.8531872778731002 5.190168505335325 5.3522404970435575 6.078481420931112 1.4934982630259643 -7.6038118639942756 -1.4563308757921667 1.5473744758435777 -0.13703317299859136 -1.240931491645886 -0.4207492087961582 0.6122063421041334 -3.0026022555460368 -2.3538565808200103 -4.336889738410362 -1.1855313178045173 2.700030415246704 6.518989599059422 6.860601194384821 6.076659706168045 4.079006222463201 1.813656220456486 2.3826191504308434 0.18688711485754186 -2.239080106093768 -2.5041663144517914 -6.983205834889493 -7.425984856347304 -5.286280360704735 -7.233031388995408 -6.275820106669848 -5.1658804166891885 -4.530847600833508 -3.81189665858988 -3.3256763776644926 -1.865851134622436 3.3818186593470805 4.223725585006396 4.030314309272607 3.124555438662453 1.5993983712142898 -2.8931561947330637 2.225159908430098 0.6939480336590781 -2.7469314557104343 -4.0126924375898465 0.6697692271893213 1.174943746708171 0.7774449393554715 -1.3036181426489073 -0.38459441169092135 1.4844075022355214 3.273556103807238 5.011327649103607 5.554297028358368 7.051967940419494 3.3210256360419437 0.4506586018863034 -1.1922922978156154 -1.9434038800458948 -0.5584053770307786 -0.3807529535685993 -2.162511539935475 -6.186820610428574 -6.325260547071067 -5.144467965418264 -5.2158700822387765 -4.795773800182934 -4.344839455415319 -3.7403577949488285 -3.2857899994377266 -1.8373600474169318 2.8277961068487167 3.1743634673014234 2.837459953980701 2.029523031428913 1.007762198653973 0.17536020251792106 1.5286342538787248 2.640301903877833 -2.0074905019609774 -2.260992957275073 2.8071857453434315 3.770360071252657 3.333660351019162 1.2272303482392672 -0.6401134175843709 -1.655111564604756 1.0476699468565176 1.1145532109218386 4.804665264472033 2.665910613050507 -0.6303162407312793 -2.8996457192568963 -7.968880008258704 -5.961777705059591 -0.26308063368075146 2.52596697938931 -2.01473383929511 -5.025086637669786 -5.1623164156161145 -4.2317888356066415 -3.983654304498873 -4.2050468036455415 -4.022988196105986 -3.5866046754087013 -3.1846713553699226 -1.7782135875320868 2.2581475492769814 2.2953666745070973 1.9275906349568976 1.3053389653251088 0.5346392072270421 -0.11840360473283887 -0.3684030566365437 1.630536796218389 -6.250870889929835 -3.5688210483995157 2.0655199353371456 4.156115125226921 2.3877033678975828 0.7719524103716429 -2.39174664816864 -3.665447307925801 -1.0752686133959086 0.6606095142719709 3.1703638884976857 1.758775500018302 0.7447248737455447 -1.0649489651845874 -7.120978201340859 -5.1479154145373025 -1.5785602028912182 2.6319831327711047 -3.4932936378938337 -4.259157244304853 -3.758554155851617 -2.5683072421031587 -2.825272128566146 -3.645886743902077 -3.6780453373457296 -3.3762627466639223 -3.0268613930230712 -1.688762636627799 1.7424086247488564 1.6152262349935413 1.2819404005911312 0.8038108639194095 0.2474889755653592 -0.30837664169477097 -0.7167175480967841 -0.9185412334105182 -3.0563419567497325 -2.543626728142363 0.19619379619238078 -2.1465055437366405 -0.8815180105040767 -0.9857584403349158 -3.8519381623910887 -2.8320452837008765 -1.596439716838015 -1.5870783766246102 -1.167277483071174 0.6304765787901595 1.2091600708367187 -0.3927394500385459 -3.252277888719893 -2.4165401011437346 -0.8778002678358092 0.2716972364320044 -1.8677634988885738 -2.3022464276225167 -4.0754928871657 -4.936003928621747 -3.9256727422319218 -3.2553798380951386 -3.333125815187481 -3.1124133804614598 -2.808376783403589 -1.5652064028694457 1.3483638485477285 1.1602802089292825 0.8745944730731184 0.4878608835752258 0.054256260464951946 -0.41641307419144524 -0.7988667692368102 -1.1228459717244947 -1.9382668881860672 -1.214670584837453 -0.26159112553881564 -1.1414111733365107 -0.9519115907020721 -1.9457999462466218 -7.621737533194137 -4.971382175637295 -2.19848181446897 0.6697694471572041 -1.0563857648226462 -8.61142345781611 -2.966508119934123 -1.0907702015531509 -5.607644098981903 -1.2968032082072656 -0.5849326522773023 -0.9569736018344567 -0.3191717065843991 0.2891232371012416 -1.5929359490629587 -6.418759391893433 -6.194919524006174 -3.078291633058198 -3.001339536848629 -2.794615851840199 -2.52222572430628 -1.4019070016139434 1.0603941828963206 0.8801588223609186 0.6491996710654505 0.33040588164871293 -0.02936651019923945 -0.4236204692596325 -0.8187237557431253 -1.1949162892834997 -1.4526577684634472 -1.3593455114740816 -0.9753886875133254 -0.8351375105327911 -0.9550906331051897 -1.63336306013824 -4.610281686521242 -5.017439048305147 -4.645095725828145 -2.725731186388828 -3.0039455765951852 -8.689716668193423 -6.337647628097628 -3.5728810660517665 -3.24299919875365 1.6873700337267763 3.0078973735276793 0.3550605659663237 0.48088634660065555 -0.5172450051520627 -0.9565698595650521 -2.1354067125675806 -3.3061261703215847 -2.686843559654836 -2.667548964316638 -2.4584294434567227 -2.211523194461591 -1.2244448885408787 0.8402187315756404 0.70286250767898 0.5300817403207706 0.28580279252617796 0.004913142408522852 -0.31082012260903963 -0.6447820591749446 -0.990919096106321 -1.2384565057706562 -1.4437740561673642 -1.6002785610380397 -1.6725738612934256 -1.780878989810117 -2.273018463181817 -2.9138031297819005 -2.9176914538505163 -2.2863607957835206 -2.4642960781409236 -2.3961182094315165 -2.6472604863300306 -3.0749685365713844 -3.0045784422279755 -1.9920014669180195 -0.33958617529217416 0.8026454330438157 -0.15751153445545923 0.02819702606086145 -0.4768738021258777 -0.9032721149025024 -1.3295815864075469 -1.9162517691278336 -2.227607027410968 -2.2710581492889355 -2.0899229124740395 -1.875284491056393 -1.0337023206611924 0.6794589489638505 0.5853498092021634 0.4590054319585579 0.2769636175992386 0.05948326737140866 -0.19557223755762299 -0.4825936382801066 -0.7964332635516873 -1.1151225353208132 -1.4322264688537583 -1.746246044738416 -2.053993239659362 -2.357150972005956 -2.666884482083996 -2.906610878223282 -2.8703997610598 -2.5887351954366364 -2.3709516994617417 -2.277113760822765 -2.206920900230689 -2.0973489714478983 -1.8369485465708093 -1.4271185539850608 -1.016673721349422 -0.6969584171730187 -0.5008930521586132 -0.436679658117537 -0.5394438724621836 -0.7978628834914093 -1.180655993457462 -1.5974884618902239 -1.8542054300087036 -1.9011284314724157 -1.7549018738435116 -1.5716236983101803 -0.8624023350209205 0.254481981491274 0.17931699910339843 0.11614972610113419 0.018007147896853554 -0.10588425188893737 -0.2600395081197298 -0.44865753734245 -0.683842535484384 -0.9644968198728541 -1.2816947103972036 -1.6143561511347577 -1.9249353139070613 -2.184107273164847 -2.3618936304006244 -2.444890336152071 -2.4327974860197847 -2.337677096444603 -2.1913042715753166 -2.010697704266042 -1.803312944594069 -1.5780446244814417 -1.3403871121572712 -1.1036886832494672 -0.8908142169771271 -0.7152678298375831 -0.5822562507793128 -0.5027703228788495 -0.49759876708592216 -0.5648793995872783 -0.6877993646358158 -0.8294284081115478 -0.9144754999982266 -0.9200044079925721 -0.8387345053949914 -0.7415760596002003 -0.39928539892188236 -0.0655948501689852 0.15160100048359623 0.27628245976729976 0.5006727676750573 0.7980258222407314 1.1617041811583466 1.5737868789786096 2.0149559661423804 2.4623842213854887 2.896890302823732 3.2708256702031298 3.498873408354332 3.5326860700068883 3.326663773701613 2.927867316325716 2.5005633329999672 2.118528889816645 1.7957446425663177 1.5482317142428248 1.3801366102021613 1.289953451326875 1.2712135464572498 1.3018265549280064 1.3369396047332476 1.3533082093403899 1.3415462229150945 1.2986490989405537 1.2329851474744165 1.147527700770772 1.0405930734954931 0.919329519650552 0.7991267444564802 0.6925466569753062 0.6011734215877003 0.5519959339130059 0.35261616562134745 -0.7266661901633878 -0.7618151979720367 -0.614318487884064 -0.23368277183475256 0.42344934608940554 1.3461356178696569 2.441224016971658 3.4820185587266885 4.378755707280571 5.15980052638505 5.786249883184322 6.207459074876591 6.3142913234429106 5.70827836548395 4.577397924422895 3.560570470139517 2.8327654668733495 2.3070163033445032 1.9725139302612613 1.819877549015044 1.8297945047123712 1.9825065481041801 2.221172782648173 2.438674025736179 2.5757233100060564 2.6018668115673464 2.512469528794882 2.333754569945554 2.1034619488189916 1.8614695224135558 1.6296177740407263 1.4107504187443207 1.220493489495398 1.0670663679191879 0.9926244193313724 0.6577473004084695 -1.1462812750830407 -1.42134304512661 -1.2924149162186347 -0.8498396565782038 0.017043626746542473 1.315694369888462 2.885632102638159 4.288355074853409 5.377942552470767 6.2611274464300495 6.918727080232813 7.823919525837816 10.385254430515388 7.2200685176080635 4.300968028446717 3.6180427147089578 2.889959288874312 2.211763704349351 1.8611155376456212 1.7608064262806102 1.8615633321942457 2.138080892470937 2.5163698840768016 2.8603362541110964 3.0860391465291728 3.144496757351907 3.0223490717120955 2.726603676983578 2.360706571774362 2.038773495348945 1.7883709872722524 1.559560449168456 1.3553089519670247 1.1935643475785158 1.119303026060469 0.7564573315185678 -1.7053586833870635 -2.3608589395031006 -2.3108681509789246 -1.8738261283810855 -0.7974509542488895 1.0833425964972496 3.5151033944840266 5.515190349457282 6.714972874837586 7.398587064210903 7.984282912741539 8.168387778454218 12.755023939704687 7.893438897579187 5.07526427319657 3.733287956634087 2.7920384576594204 2.0072032524954446 1.6336212659238671 1.5746566615043367 1.7897329556029336 2.250179391122308 2.8488413344293035 3.3808177960386034 3.763226940701884 3.8842426310266145 3.6302476828847468 3.2094340310575507 2.6003836812553893 2.144754041396983 1.922685203142923 1.7070817763022474 1.4948468042901752 1.3266576506533914 1.2535769065588886 0.8625140450691595 -2.3133183657124388 -3.4716409110856534 -3.5998119965152755 -3.346708864562698 -2.0699515472251107 0.717902894623799 4.559484476253372 7.757294524154026 8.71861180170681 8.33990032215769 8.105971083951761 6.409823099888234 5.788064075888487 7.828363997924431 8.293323664237452 4.336644595662711 2.4271363189634556 1.8033845023864017 1.3780533361014706 1.2694739995990831 1.5688892807054298 2.3066422372149025 3.2248615354606343 3.9976402227758574 4.641257935415117 5.5020059283077245 4.805534762575884 3.6919161613720433 1.5812456385790175 0.8550061602125162 1.9744823590164757 1.8516326140629444 1.6378466626352914 1.4612121584055964 1.3856303056504953 0.9614624188466359 -2.9561386136494683 -4.689634069615725 -5.066780406186684 -5.209283092598378 -3.9751808950185272 -0.516034719298731 5.132824934257936 10.39668971377387 9.010318507456851 7.251378217599392 5.290393170589656 9.218144403210786 11.776819341786553 7.076123012223113 4.017658575580164 0.22760053519548618 1.7920666395870897 2.7621904893888676 3.2172297742135285 1.4557335721617748 0.8573938556759562 2.4273969653949123 3.7642497396850017 4.9085001069350325 5.810288507284269 7.2741831300804405 6.310876814168335 3.8752275698319893 1.2657471276028045 0.878559742403697 2.1427812541984683 2.0349886110902564 1.8142243037474641 1.6199669525240958 1.5324290087109989 1.0585426273964937 -3.5861702762034207 -5.90477484967244 -6.529155585227079 -6.994334045090486 -7.587299140679675 -2.7066868530676818 -0.07992816777365792 7.255412802360344 8.948383807159502 7.596442881390707 2.3629527085457878 5.905287612393944 7.877567179384962 5.609109070703841 2.22057397343989 -1.976564114384875 2.3017488001208153 4.560063049575761 8.64441435312839 2.976476119139892 -0.20510598540082658 2.858216529913076 4.483733770570888 5.39662697964908 6.323893774705954 6.3625002482125055 5.674051816541229 4.566869490452353 3.172243874250827 2.538491597537772 2.40350871917483 2.2649143525788547 2.025991567661824 1.8004917065982173 1.6872730001322622 1.1426147942576765 -4.170400776218952 -6.999434908924681 -7.985815504998947 -6.983508418205208 -9.52611398968671 -4.883155559116801 -2.9730144839218235 2.7543241000843808 6.310673975309402 9.787568318163396 6.992763577014153 4.961810442712347 2.098071562422627 7.2399886638762885 7.067828461924225 8.331137801481198 6.714065028432536 4.69692942219838 5.988766158536942 3.7842300513299953 2.789193682841544 4.522227612524677 5.713757116969248 6.489357487123214 6.5370817565468915 6.757660016733445 6.744486383960334 5.838617843395644 3.7348316651454034 2.6916607729424236 2.6271060278063643 2.5140287134732238 2.242503466318334 1.9743204549524107 1.8288358405283758 1.2083957838453185 -4.67319637601735 -7.833204685069628 -9.198570441557726 -7.476929067745912 -6.762247965454348 -6.61109088800318 -4.696512271713874 -1.2102422391768481 0.9866063992564639 -3.158842040655407 0.22513641939899828 6.6719419333715715 8.02602999529759 8.007672761534346 8.405167612546535 11.696933023255802 6.004424375348474 3.2776649047138866 5.439845748432965 5.599695934721028 5.402040347156296 6.3233950257087255 6.845518153426918 7.312992047750294 7.194820248360178 7.4980795317972655 7.9540984526490925 4.389483845098517 2.2958411861957178 1.7388088348627848 2.652659575667723 2.759377671506433 2.431175444290999 2.1116173707866848 1.933972701154906 1.249433899142523 -5.054577275555767 -8.427036658776508 -9.417392093213948 -10.262016853243269 -9.843418185630872 -8.289320639460444 -6.228939698347608 -2.629421306157888 0.3368415154787359 -0.4798566794276837 2.604077625278114 7.558893233561667 12.792696803030124 11.051582283500242 8.784470510077078 8.19034492836696 5.739551055235776 4.877032646909424 5.649625141583219 6.347237249785423 6.771298755782234 7.2462053761012495 7.407386657391718 7.776900070203745 7.697797195078729 7.5653619768003795 6.518767144593806 2.7175689120275255 3.7110261352063274 3.0921079730743295 3.1392953135807415 2.994643517786335 2.5614589124683467 2.1789150096119596 1.9751399268816334 1.2566796700213254 -5.2746618530002545 -8.867851555963 -9.638889019165013 -11.510559474053606 -13.036521553446232 -9.220216786355998 -9.058962085373324 -4.679834087173038 -1.3177555347712424 0.08751329951800337 4.7430117315336195 3.8799023137450037 7.018380843426313 5.996132433902245 6.177821661449106 3.027934756838728 4.382046840562961 4.612924715513717 5.057236590224468 5.964266451159308 6.81847265510688 7.470228692347632 8.141038562797903 7.958162297725999 7.196456352088732 6.828972453114594 5.282364022536947 6.691563748326968 6.725746470630634 4.521399235615402 3.8544447000621274 3.204291620323224 2.6015321663223596 2.1429980620469666 1.9248653563428542 1.2210120321183295 -5.322661145989333 -9.049887356359397 -10.26961516255876 -12.907807888952021 -13.066395070758645 -7.403508121751044 -7.084787551963485 -6.573178799350225 -5.919072982232686 -3.1679555133935855 0.8147465560971576 1.7689715891974316 1.7504460950701286 2.8631744508644883 5.331332544897642 1.014336935651241 0.41930132764493555 1.8448241179728673 4.306479439789524 6.30211068737675 6.980253561246525 7.197176728629067 7.675694455038759 6.99972412730505 5.587355695532995 6.776976914179227 8.128163811085928 9.455947212178295 7.956616163567635 6.811358141599971 4.350699387318182 3.18729977357568 2.483394026403251 2.0002262338255075 1.79203800029772 1.147233263116504 -5.1875200763280205 -8.873436760814558 -10.547943717431965 -11.8305554843667 -10.955170794246575 -9.182501694020244 -6.4585158428127265 -4.9540046282192245 -4.514630193630686 -2.4161402452683363 0.052945323828497065 0.5824359306192453 -2.537447955592599 2.0502516520592247 -0.8506216552604525 -4.199572047092129 -1.6051174011636826 0.10154400468940732 1.5863288758400371 4.022975484512181 5.368900761197405 5.562169066241634 6.393957033755983 6.609752149287491 3.9969781143741043 5.739725836337264 10.392691476967185 9.89465094977359 6.639375490395874 6.585846054143835 3.9480600355006037 2.7454578724046614 2.1397859461408535 1.746632695947733 1.5852536295805801 1.0401475090010777 -4.838137952707617 -8.160195850593002 -9.368783454951602 -9.961132909327457 -10.298221909720427 -11.447765669649971 -3.9687187590707054 -1.9629737856888112 -3.3126135846599882 -1.796011460308271 -1.198628544200471 -2.0974325482711778 -1.2630877282580992 1.8676399404570165 -4.358701973491843 -6.463206763899565 -3.8998837658532572 -0.26549310438791157 0.9860849544615159 0.06287380373796524 1.6621705506985163 5.420994160444974 4.112891402033107 5.87937142451014 5.279043760436432 2.0772913938085 -1.1630005041503992 4.57406118895569 5.284652531232926 4.690515460922388 2.9811628461733948 2.019103333749203 1.62846876416402 1.3963546421603665 1.3109712773900877 0.9054575426236431 -4.243578223168261 -6.7636324398913015 -7.467964777261373 -7.458899873902414 -7.103542796855214 -4.395670925615064 -1.2482892122918712 0.08043441242450262 0.5241534537125241 -2.0244893008292975 -0.8634218752368802 -0.5584092159031031 -1.3101147522644039 -2.5617433084218466 -3.8330240189185285 -4.617011328423026 -3.0847283029612824 -2.367511810922204 -0.4451842015352487 2.066317824120096 1.2365317204828878 3.5940691951382617 0.2243790991152023 -0.15844037572981004 6.4676601266573694 2.923293635341923 0.19651259599830923 3.2403842835012697 4.566549638112111 2.264942358105562 1.475323474287704 1.1513036598755046 1.0104005981156865 0.9632664834764362 0.9753394011578057 0.7488310099692234 -3.503315214317648 -5.094431810221846 -5.319897592348468 -5.090107909980291 -4.312991318025821 -3.117842846398011 -3.232770725234451 -2.949847877262927 4.934812863735437 4.132615109767711 4.402649354498592 4.732862087337646 2.296503964618758 -1.0802037286333288 -4.156702498084431 -5.074339136018877 -1.5850771044977643 -2.381514860583985 -3.147169755122897 2.5253459816988246 0.14449108431233296 0.8741316649505593 -0.8771637728936205 -4.135394104987659 3.89858120830515 4.121055321872267 3.5652048102929745 2.486443244001188 0.8175016986984744 0.534872124650566 0.33753755330231044 0.2637361219321538 0.3696774316455699 0.5031431854659976 0.617850222857611 0.5825694252302276 -2.716526640794757 -3.565098337986268 -3.511319131375827 -3.113626875999357 -2.2620188142115962 -1.4587826676316735 -1.4408089492743308 -2.4008567080058016 11.403177048133356 17.062889227663668 4.398235747674324 3.553616286265996 4.171226483495524 0.7031994803209785 -3.1191986160030623 -3.7054531876234797 -1.0725100719711298 -0.47557178551608287 -2.740752332993122 -0.03258829282704923 0.42123046512476353 -0.3651203863032884 -1.984070755771433 -2.373506916476204 1.848679481566093 3.2769602082199136 0.4420129733737661 -2.146189995732824 -1.3622673643711778 -1.3711986472575788 -1.236115004868374 -0.5435918082219784 -0.2106700669328556 0.07272533508697031 0.2780559350342693 0.4189549635313825 -1.9853696523489675 -2.2898379589752267 -2.08225148578121 -1.576351495408633 -0.7038134430367102 0.39485371236366473 1.6207831805727837 3.354989646717007 7.7869673273426505 11.239776401976789 2.664572437796994 6.868399709380811 3.702508888426144 -0.9400554093721466 -1.2391151639596454 -1.4242483043622323 1.2223194346600288 1.7567678494723609 -0.4463848748293398 0.027860095252821633 2.446500621052214 -2.474151129149572 -3.0108876999967884 -0.5309899716046789 -0.9640573741429854 -1.2599197758135596 -2.3090971523820714 -3.5209816199838717 -3.8371238671959946 -4.527101808736804 -3.3163605205215902 -1.1671667820577811 -0.653812304379518 -0.27218987135277434 -0.005146930158588664 0.2694639248931172 -1.4101990003747606 -1.379244517620464 -1.10327348937064 -0.5551047608764547 0.28847997955143634 1.4052752309154375 2.761603171481025 4.29248407661539 5.744926938647023 6.0703426668356055 5.9589449905584235 8.059602724736752 3.776968284381438 1.6697846148971316 3.2415234422518346 3.531303676980884 1.5837854143179686 3.477500823197196 5.626375673784981 3.6861159349431922 2.5423701569075985 -2.7931139597960613 -5.12677452303394 -3.1332815592611802 -3.4752970289512137 -3.0715728930451967 -1.996413508082665 -2.7638975510261834 -4.799942505049702 -5.419709375712103 -4.183221940114757 -1.4261117025020804 -0.8815889397714984 -0.4762452979625697 -0.19298454606538223 0.14517209032763115 -0.9770248435601455 -0.7658647342874821 -0.4814273286326156 0.0514006223221698 0.815844005219818 1.7993453473215892 2.9135089791186095 4.00518988508703 5.053229662426384 5.607447373288501 5.881012248932453 6.388195817867547 6.0177527908438755 5.8780652161635745 6.812174303419384 4.91102459719133 1.177195820975227 4.3331385149756265 7.6600375407304755 6.384897996888747 4.60750348010529 -2.362924261044939 -6.871858843730418 -6.84750865774992 -9.018709373441443 -5.355907402774011 -1.9861230587156327 -3.3053520174432176 -4.457588159350453 -4.380498670653073 -2.9890122262843204 -1.4677971155811502 -0.974142811387033 -0.5783484393310715 -0.30597173563904834 0.04604091771277164 -0.647494764007816 -0.35788541662598383 -0.10293577290311369 0.35579665440381975 0.9835819443537245 1.7888183202645407 2.6704237131304156 3.469547468251065 4.239723406712366 4.91831351510795 5.425091936047166 5.85249294602695 6.279920600305245 6.394186812049173 6.725324755882665 6.515905478817159 6.273387025130527 7.100934901506954 7.569651770917138 7.001730522778509 5.221205373898211 0.9690683981330712 -2.0414513959942826 -3.4397717301133595 -4.462059357308916 -3.8792924166817953 -3.2338024491330057 -3.441904632323088 -3.343944142547132 -2.908881519156079 -2.1673810406628964 -1.4729336178878623 -0.9984066084701435 -0.6134426804340768 -0.366204335191766 -0.03378833105739117 -0.4203206252192989 -0.11061975403556301 0.10535243052254117 0.4817281278204221 0.9788590988715484 1.5978132376069205 2.2870588151918345 2.9684190376626076 3.6290121034408873 4.254138690775706 4.835100924748079 5.394825468183327 5.938736146810607 6.463867556518343 6.948635864639468 7.273188406294898 7.415542018041855 7.402263359471101 7.071361493844733 6.003623441672485 4.213178873245729 2.1420684604107287 0.17278437194766616 -1.4295164376612657 -2.544467885878584 -3.17695537556961 -3.3782932431015325 -3.2967855280044756 -3.0114068666319516 -2.550427704142938 -1.9880626679262294 -1.4409812024724478 -0.9764621035415458 -0.6100697987084901 -0.3920917907884648 -0.09071677489164334 0.04632246440119069 0.36814578963934985 0.5099169479437214 0.7405834341735931 1.014565368214452 1.3339405290436854 1.6883296421172032 2.0728208234762917 2.4826897967348267 2.9117292724225576 3.366838170378917 3.8813490911223325 4.437074170637469 4.971165261578202 5.420906721701053 5.704565441106899 5.767932945384404 5.579175667720966 5.10499517397677 4.291324791346301 3.1778526561428833 1.8868842080116408 0.5653606243308541 -0.562794092792976 -1.389257129498549 -1.8863309175702794 -2.0797652010168695 -2.086021579090818 -1.960863644636215 -1.7151377086152566 -1.3924271819002443 -1.0639005303854792 -0.7762136086996274 -0.5509490285761578 -0.4252230533165414 -0.20218584550674576)
(UseCyclicTransform "false")
(UseDirectionCosines "true")
