(BSplineTransformSplineOrder 3)
(CompressResultImage "false")
(DefaultPixelValue 0)
(Direction 1 0 0 1)
(FinalBSplineInterpolationOrder 3)
(FixedImageDimension 2)
(FixedInternalImagePixelType "float")
(GridDirection 1 0 0 1)
(GridIndex 0 0)
(GridOrigin -118.84178962155899 -93.38426385170996)
(GridSize 31 17)
(GridSpacing 80.24711126699074 80.94253065042304)
(HowToCombineTransforms "Compose")
(Index 0 0)
(InitialTransformParameterFileName "")
(MovingImageDimension 2)
(MovingInternalImagePixelType "float")
(NumberOfParameters 1054)
(Origin 0 0)
(ResampleInterpolator "FinalBSplineInterpolator")
(Resampler "DefaultResampler")
(ResultImageFormat "tif")
(ResultImagePixelType "unsigned short")
(Size 2168 1113)
(Spacing 1 1)
(Transform "RecursiveBSplineTransform")
(TransformParameters -0.8169295882947523 -2.06859677541919 -2.590246653336556 -3.1575117658811735 -3.624812992082078 -3.8753566164954765 -3.718874700155678 -3.298683542449343 -2.741789510918621 -2.038615537142654 -1.184269636177132 -0.23483079853434305 0.7964586636246782 1.8473907269380199 2.836653924500303 3.6642719495608205 4.228786853656084 4.5225038894939384 4.538748412360915 4.290331738758103 3.7898200946783236 3.03120845975233 2.013090826778329 0.8499538648280973 -0.3492959881216686 -1.4521711119191272 -2.325785252711414 -3.011160438251393 -3.5581503907689123 -3.903797775683809 -4.101685417048536 -0.41724946777128363 -1.9234411688687345 -2.6658411250641634 -3.5502052813985925 -4.4473026406970835 -5.128895962693192 -4.941295831641833 -4.53039711965399 -3.8676663696849283 -2.921040067657851 -1.8391128789860232 -1.1375833290780175 0.25055278151494853 2.1863560524160066 3.8539865644450995 5.184087060415554 6.146913708480234 6.711698811746354 6.788305171175087 6.319922424691309 5.155081207520554 3.0891822256458332 0.7250738531783028 -1.7261362089136154 -3.790457975342961 -5.366056746745439 -6.081698544379629 -6.333531157657601 -6.467850563807593 -6.4884863572157645 -6.084909118210026 -0.16476994251151547 -1.6279599417140531 -2.3416370024079995 -3.4628482337197632 -5.115412361745102 -5.12117695746586 -4.8833110201453325 -4.607134833742258 -4.299415210501731 -3.331455061159923 -1.7599209231911026 -1.0486163376142275 0.10888454339229262 2.5266338230409455 4.434941956497127 5.89093317666107 7.195612122442084 8.190232472691525 8.06629695093538 7.418346435907738 5.342047104579625 1.4772674017195622 -1.7405315182278778 -4.873650607462186 -7.2422510895444665 -9.082753326840418 -8.574635666038429 -7.921515429241427 -7.783897543479476 -7.4407683446030015 -6.635222906809712 0.12354839023283588 -1.1727077934180081 -1.677787499572265 -2.9687499204252323 -5.405149398050916 -4.9527065191066235 -5.2669384619948545 -4.954822409471783 -4.9209078516201235 -4.195312163831227 -1.994622718102888 -0.010505919960604754 0.8445075594766719 2.393284199770256 4.259338193691624 6.266523714353312 7.985470833837534 9.435228917002954 9.047213655706132 7.808803602822312 5.686023571731194 -0.046723821256418906 -5.136001403712682 -7.818171358092005 -11.898253634623781 -11.919464425101456 -11.235225252054708 -9.051710575410109 -8.817921510141916 -8.31506031194843 -7.155733626049941 0.3456031460826736 -0.6289747165881111 -0.6749210814743556 -0.3663134789341878 0.7051383318792727 -4.666037660293849 -5.741642904371956 -5.031061652263812 -5.098027798784256 -4.455718304120631 -2.484540540589966 -0.005883629732492218 1.10558997123298 2.368357546932062 4.004162991147439 5.338864637439744 7.628475500692949 9.893183697883709 8.780896743777882 8.311376235437589 8.012811860177253 1.6716118214677589 -4.953110334656146 -10.769079645732472 -14.230224377873052 -8.904604574696638 -10.300351312200208 -10.475411388872379 -9.125838391268134 -8.752423446077556 -7.5559871392669 0.4576427477683206 -0.32632750643615965 0.4589343760948233 2.5074974059638087 2.2161048521253175 -1.8447643587415652 -2.5247440655167885 -4.105772845424874 -6.701530215640926 -5.457106529246755 -3.369184152490477 -0.6614295917198824 1.556336387866903 2.3516061909764354 3.63831315468082 5.162991933240489 8.03891628450734 10.045261656069812 7.335820805800288 7.368393955349577 6.381814026294445 4.7486281749135175 -0.5260102767530674 -9.746708494595191 -10.152011156133254 -8.451514135364421 -9.405706297964052 -9.924109045452768 -9.035814265340582 -8.882454431509839 -7.842445370231577 0.3954063731033737 -0.6002649609786775 0.32171565598623164 1.76764192406354 -0.7989971692768785 -3.4610685022503183 -3.244751312732945 -5.8892884067704125 -8.083146628681195 -6.211460687253243 -3.1796339041863733 -0.9851462953936606 1.4074260683908018 2.1631453927101925 5.073860121779639 6.429746371101314 8.659535239789047 8.757461333523084 4.655380733110982 5.36257772715026 2.4357273992595876 2.9571406403335567 -3.0102010243077353 -5.4517683565689525 -9.05364766431702 -8.612778338584725 -7.595377754253818 -7.700949456314778 -8.467895957960469 -8.78715273251811 -7.914318529679603 0.23694613932998246 -1.0494775015181794 -0.8795768324276243 -0.4975572319922108 -3.091635507952624 -6.266873668042765 -6.691493126575523 -7.567928371292404 -7.433753294569274 -4.955447212982908 -2.3088097469196573 -0.7793727458659032 0.5636080487034113 1.3073337129891807 5.692222329197291 6.7911388916143025 7.927718462982269 8.945665621329795 6.230152619532894 7.231088407882498 1.4616224450013018 -4.867778864901636 -5.170865393034344 -2.0451693241914364 -5.181839146253943 -8.720519712404212 -7.6005059672772886 -8.3015751699212 -8.779055162272119 -8.767607350989083 -7.799595087887774 0.05714128092241899 -1.4370655465762308 -1.522909742956876 -0.3457928099786856 -1.737527236118293 -3.449127350532953 -4.480946247041504 -7.414195616540773 -7.796427953758372 -4.240960445184285 -2.394133345633208 -1.2499913224903405 -0.034570952338860886 0.49397585371832786 4.291918419401539 6.701952984402656 7.905131957703169 8.862546457723802 8.474398964538194 6.976652004307196 3.372834028382027 -6.556608534146527 -4.549820105542526 -0.23775926505835934 -4.322225103278522 -12.551058299853333 -11.503279338475913 -11.400461887317915 -9.193410702016106 -8.645772561415574 -7.518539703484287 -0.17837600767374728 -1.637879771129723 -1.0435000771629723 -0.1082414440919245 -2.4073158878896916 -3.3952977046977053 -5.692623230660362 -8.301763068148759 -7.327135682444477 -2.8292550462792154 -4.609295300872482 -3.639184881108003 0.7962400727467684 3.2257383305744676 3.982879166280976 4.564325345977452 7.264853733512275 8.708959600936543 7.243087773625795 3.851688262956041 4.630374393226443 6.424118252304313 5.606148876809564 1.9466733265704594 -6.437989417750011 -14.935051069387278 -15.036819388111565 -13.726284609080613 -9.95565637789922 -8.329395916817889 -7.06620360493276 -0.5031947180124108 -1.813724565607189 -1.3123081253606108 -0.7499757489535831 -1.8618808088360694 -2.481555482726732 -6.076885582064323 -7.403612097496055 -6.377764667250079 -3.464275532921866 -4.132352981402939 -5.466388126827353 -3.2586769077531126 -0.3878263402431024 1.2623295151516087 -0.9373642336408652 3.7503673311225527 5.618611802019883 4.191283013134499 2.4954436973197187 6.372246345053069 13.399430200286314 14.79802838231499 7.481926022803532 -4.833775446187535 -11.75233008398922 -7.825652253958888 -8.954586923383912 -7.851031955079989 -7.180428429887018 -6.436660092893901 -0.8951288043755852 -2.8086190046875146 -3.113213270073303 -2.5222514865480017 -4.50370699912345 -7.6046900458790825 -8.062340936908402 -9.776883944324302 -11.521195542233334 -12.192123164845592 -5.920127274402881 -8.980472876945097 -6.177139279897554 -4.108442590920454 -2.620469097705689 -1.5810185706760813 3.4630023272558756 3.175294094297793 1.377291877599952 5.446746174596637 9.15599129490944 10.538042380598524 9.909432579502306 9.495649583241038 3.7608140853350065 -5.286008406171719 -4.985506059107428 -5.451418381727883 -5.603828147252999 -5.722924868928736 -5.671584883914193 -1.310192035477579 -3.837344893345944 -4.488881201030581 -5.401779581183321 -7.655067681781299 -10.054104097130978 -8.165095520173379 -11.986847421587813 -13.24777494839127 -10.586787754888892 -8.481440904791564 -10.008571127848674 -5.954413614111018 -3.498781421410068 -2.3737213846791327 1.1287960443232314 3.101943068788046 0.7977928911448138 0.07873265629567121 6.6127364411801315 9.87753976339941 9.391296236133279 8.295738064537264 5.073076116774315 2.075071480122661 -1.1160548720239005 -2.2921065581401914 -3.1129384104967324 -3.926218491308388 -4.3881151476183895 -4.80680565469618 -1.7088622283448516 -4.847233021499366 -6.0348630471534515 -7.797830249027956 -10.263140615167368 -13.204928261360825 -12.789266318087678 -11.444115116653004 -11.59347846728395 -12.759203815771837 -12.1336299395753 -8.236716469599447 -6.376667134776145 -3.4536475882957145 -1.3575093097814566 1.5744883182365492 2.2285130391676424 1.589633162121982 3.0482581819456454 6.736157272221458 9.150479867455081 13.559169798367828 9.182692684967853 4.267150264366725 2.25338108181384 0.5963194730306728 -0.5704995786758262 -1.6284721724171651 -2.580511440487958 -3.2310656378502958 -3.9529219536885765 -2.0455191730386466 -5.378694019347698 -6.866735032071172 -10.226959604607849 -14.286681871865376 -16.58456186793563 -13.965203458913827 -10.329758264867346 -9.949882138868158 -13.070963774942422 -12.51559262380385 -8.50455009738828 -7.508343712612727 -4.283093264547582 -1.7087486866222115 0.3416437227530775 0.7866935705296317 1.200311608843611 4.053933930114951 6.49321114407721 6.7466327117525955 7.658731610695396 6.112203363598717 4.231779178689426 2.856450697191225 1.593669436595621 0.4306492755557233 -0.635912061147359 -1.5795531959250873 -2.2547897520756446 -3.140225423956572 -2.257705940010131 -5.498624973011076 -6.8250832061466795 -8.943838344617369 -10.478509399288717 -11.211513777560608 -11.647072451266988 -11.118828159800431 -11.067714361480414 -11.539799595831095 -10.253806763759815 -8.2877008425172 -7.072613108527 -4.6516817970472415 -2.825417793014957 -1.3386185050038855 -0.3754091869405681 0.9636285457187729 3.1701413386067427 4.785005805038582 5.371681072101032 5.761348099818036 5.290850055931449 4.293018079066351 3.1697136812967033 2.0218178738496637 0.941000668954443 -0.03079479811533484 -0.8983056856326711 -1.533272430920729 -2.478017593321037 -2.255264458005705 -4.879122559787362 -5.83606427745847 -6.954356618342169 -8.013700911477699 -8.912450625872308 -9.397719211906654 -9.543020198298816 -9.481931048178833 -9.109018976478064 -8.235086666170815 -7.063970044853097 -5.8535963699058735 -4.605400765208552 -3.431743795043306 -2.285294817048075 -1.133539751352711 0.025885205186024777 1.2208394625757097 2.2503936586130506 2.966450474510026 3.3678553084247156 3.405229726099108 3.1594937772089886 2.712070352765364 2.144468143875536 1.5348283540111478 0.9378319817270462 0.36323945364718213 -0.0915704447709902 -0.9570463515030109 2.963961891465269 4.090587870063589 4.303694764696427 4.462354870719776 4.5688964277155195 4.767142568591526 5.121864257930898 5.514643083266676 5.810679050574331 6.03108705008036 6.189991827222295 6.276203073939517 6.324104611647516 6.276705496324962 6.072810955570314 5.724240220452857 5.241729948658032 4.73229710804825 4.303189772702275 4.03647809829888 4.01160495237157 4.105980733573123 4.1899556470056 4.231391019112181 4.219345251910824 4.032645320073889 3.544418148142206 2.935259489645955 2.3259044813167384 1.8188836052789046 0.6821008259268466 2.8443185396826003 4.046210803603156 4.175705731885194 4.2143963411455205 4.207613571554969 4.455095038264094 4.866759166327653 5.2437770702294895 5.659759635842513 6.250936191019707 6.608594331412444 6.776244350080352 6.920555690571088 6.999977220856004 6.695404440173927 6.036069987582764 5.089019211674904 3.9719523786244832 2.8463392629415836 2.077045924793017 2.2818947275041617 2.788222110107263 3.5306939470501444 3.6045004833080805 3.239117585019172 2.6496045099762404 2.140099782279464 1.5991670054334761 0.8766472791967489 0.24827696816246017 -0.7521253543458233 2.4703371784780233 3.621146604892583 3.734118439848036 3.612690263675166 2.5848680473104144 3.1399099858803443 4.328958628200576 4.245305965336363 5.083508250061964 6.283449057757477 6.094167984209332 5.681290793822162 6.353525389768395 6.97799240885985 6.278256080137131 5.694554882689059 5.007501356924224 3.2307585549579043 1.2195622475646313 -0.08885278700957562 0.08957657074743217 1.4214605263377464 2.8104586586261977 3.3989225839925914 2.4024121017155635 1.34017601271383 -0.0196473269275881 0.16741818737799108 -0.08269932283918742 -0.7221293878870769 -1.5445767246695494 1.8340858712484138 2.901650332432975 3.100575780904852 2.848211665797301 0.8091942884684042 2.7992990363475974 3.2713158405142804 3.0237551206790223 4.363480627681639 5.320267910341239 5.089107119701467 4.589674921282027 5.2303906409544565 5.645068872357964 5.189088823310415 4.510522208249284 3.8352634117896454 2.4694897779560625 1.6097018675075014 0.35615716705403155 -0.6238866098649254 1.2069846569373124 1.2619219453034152 1.1302938190166452 -0.873916347120973 0.20496968025856255 -0.1835866797633858 -1.3822108645955018 -1.4237215641279108 -2.1689590902628977 -2.634154319482169 0.9795636410817147 1.9630598211488328 2.3833579950036987 2.77301933019518 4.817925405955041 5.784266270195169 2.813251537486647 2.568927941739077 2.4002206622520905 2.661658478509716 3.1238422795802596 3.564817655956019 3.7723865547291893 3.8384549745638084 3.669742482833636 2.639841393756356 2.101856404075981 4.401870465221272 6.613668661895803 4.840611440053679 1.8295210195904075 2.4654762658518417 3.720967940993056 -0.7326098435775924 -1.6475487073185422 -4.600637293699728 -4.091173008384923 -1.761098710482032 -3.046807491019469 -4.0558596900909665 -3.9238181428315113 -0.08237174398335108 0.6935796622863565 1.3770269222079543 0.9969233972510344 1.9689290683947285 5.9513760743774515 3.634787137354536 1.30989999272715 0.4605689831906358 0.7146372524424336 1.1284417837966798 0.7007592799113134 1.033541803375546 1.5356178248875747 1.539155211176762 2.36802541944533 5.020110674972909 6.834002741212494 9.216164495233905 5.340140925143634 6.188434345156053 3.8299216544174755 6.61816581142755 6.489621058016918 3.62411949960655 -2.7880354349266687 -7.703091438216442 -5.109842012986301 -6.2844530891535 -6.401712000185627 -5.3372311534328665 -1.337170869601496 -1.0257579101075864 -0.15749103529767683 0.6832922125468093 2.6338449245358238 5.268097764759158 3.1597017077407368 -1.427901748063961 -3.1157060424197356 0.11210051846553991 -1.5013206247129978 -2.172132177934354 0.05478521808727509 4.699309716032447 5.277145108573491 5.246052585834695 6.131206831904141 7.055339019791132 8.48349683622425 5.325278864933946 6.960575239505543 2.8271664596583777 -0.9620076459993698 1.1562457859213016 -4.223862900287337 -6.236344199463105 -6.941976932752936 -8.357205621295062 -9.720975095976565 -9.030204670624258 -6.72369245822217 -2.761602593039293 -3.1067542162321056 -2.340597144562068 -0.4205172373540135 1.5640552518887738 2.4674890061066064 -0.8415595571513425 -3.6588312407431443 -4.765409462711192 -2.691571875656569 -3.093499791838014 -1.5657642407876484 -0.11100620311769126 2.9813265155901543 3.6488321625446924 3.6147939105264117 4.625870885698402 6.4764893036073445 6.202816298546366 3.2038761292349696 1.668767334196751 2.6207930845302334 2.5024262135059954 -1.287686809064186 -8.986965727192688 -9.875437848383935 -13.225508467142634 -13.20995031696431 -12.691139463291734 -11.305567075996008 -7.846742445281591 -4.332988562650808 -5.5010706447190625 -5.0893757997666365 -3.148856920496208 -0.4852645666958102 2.720525466121164 -0.020991381168369617 -4.729840794913177 -4.511496436670796 -6.489803630461918 -7.8469192192278845 -4.81609732420603 -3.5488299089862476 -2.2257516488182927 -0.7506119743768092 1.873331667130215 2.7297853661571394 2.6511656826239065 0.4014683325824899 -1.2384061957852532 -5.941780257926003 -7.019783610574758 -0.8904471768847104 0.25823271633440054 -8.696036783714831 -15.765062479254288 -20.372483847115213 -18.467996549889126 -15.286172737724655 -12.717202140862266 -8.464547643620067 -5.981917878480729 -7.986030044927374 -7.634241982818456 -6.02451683321818 -3.5087252673231704 -1.5548982760248424 -6.362473865824598 -13.314682719973872 -11.568357038382391 -9.710081221691434 -8.869835995223173 -5.063553258274692 -2.164618960412792 -0.6942026985470536 1.0104648142610864 0.72604218354106 -1.6041304670252798 -1.7051154767601844 -1.4902567276179268 0.6733912933045206 -4.187910438782985 -8.74488290096587 -4.875749015768835 -4.336981152064683 -12.701785276461608 -16.605528022293456 -15.476724253792499 -19.223800912770255 -16.59994415491787 -13.069845804880359 -8.570182629534491 -7.641682502487313 -10.874214513834303 -11.544935960005219 -10.016049058254897 -6.200055320406646 -1.2943612102194841 -9.748537355132722 -11.705054632391645 -12.243999301867618 -11.410599742892318 -6.794966063339797 -3.841768753179048 -2.457268367341594 1.4081798587912235 3.9048697036996516 -3.698829297704346 -6.377450325973395 -3.3468877825402616 0.4212299365607838 3.2081126717505435 -1.5776420680175625 -8.09659306395191 -5.885672043337782 -7.520835867306634 -9.223920092173437 -17.30458043836017 -13.409860803028668 -15.631951395093385 -13.981264384181996 -11.898626554779767 -8.155814163493293 -9.10715052934631 -13.491602918198259 -14.60950018851649 -13.457406558781773 -9.671581518548864 -5.689422454213521 -9.038199527288018 -9.379788691067889 -10.669569745693847 -13.104768142559818 -10.270563927328391 -7.806281916526228 -4.74178311216255 -0.3333988419961455 -1.0502006659361351 -6.279171718230575 -1.1084238466754517 0.8277380186220322 2.9325789538101494 5.809240703537869 3.4345153735455245 1.8925295679083047 3.386335355378792 -1.4837762047471037 -1.807836367708949 -11.974148679135624 -12.5742799036191 -12.253228715745912 -11.243764962849747 -10.114457038699468 -7.421328161742641 -10.160218813473223 -15.394991216847991 -17.202299699104422 -17.562946776210474 -19.793941017065674 -20.85801731856067 -13.534375535598597 -10.80621223831327 -15.847411286384059 -12.95327132154329 -11.670486028335695 -9.431403670458147 -6.48743151910464 -4.742407388156242 -4.241712788448943 -4.6530496045129865 -1.6866878258922702 2.7903922362479867 3.5691673133923847 5.119948513607985 7.454418384733611 11.124923417030788 5.725561184680153 -0.8932260367380918 -4.459743148729582 -8.159938543409549 -8.748648457787539 -9.05340011467932 -8.95271745838549 -8.430261543484718 -6.559510466674985 -10.890306877739699 -16.707566542531683 -18.984237412486394 -19.81631425483807 -21.702576014860213 -20.986147966419328 -15.407403066056713 -10.363306980946765 -16.370092270262333 -12.255999112836175 -11.677458713988157 -11.23046940755136 -8.165683819763924 -6.501545734446773 -5.993872580131894 -6.565973673756651 -3.2834592214708214 1.5118827639813721 3.5837400822842107 9.278063939406968 16.34365178552758 18.828423235701116 8.738065262805712 0.7036463478121415 -2.7220700929129147 -5.000252856738633 -6.111029320353082 -6.776169257914176 -7.022304009087918 -6.925287007247668 -5.692783724122303 -11.277829177524334 -16.94290596748227 -18.821228150531347 -20.040297421276644 -20.928336124084524 -19.870477787715625 -17.225880830152764 -14.01300957835998 -15.324256900890765 -12.804498445331165 -13.014766027775098 -12.515802733398127 -9.77115886414481 -6.762569442931961 -5.093401110094888 -3.9266710265250406 -1.8885840181033524 0.9121851037358448 4.5108910845277554 9.388546540243983 12.21718366720005 10.532657211851024 5.657890392900566 1.6985795466411269 -1.0250885297037555 -2.9985035039405648 -4.273521492005513 -5.066552357757015 -5.477248150659687 -5.572161427793754 -4.845088970087752 -11.2912546613166 -16.57174620582252 -18.100858682764276 -19.312636085612297 -19.884819128409788 -19.52796580021685 -18.12634375083488 -16.431083869750744 -14.708224914105639 -13.178388617834587 -11.976206871035384 -10.723047255980104 -9.06783908498788 -6.648349555381725 -4.7877307487000245 -3.054531746582754 -1.1882751157534372 0.8446888953194812 3.7464731500442627 6.338809900208493 7.108764807993198 6.444471528902607 4.361866789073584 1.8089098587798886 -0.2995808116408184 -1.9427797157282791 -3.0960433023702074 -3.8626203812665336 -4.321525629190788 -4.504347059240702 -4.126255828448036 -9.457965478271744 -13.503553125230034 -14.51982022098509 -15.333412540273267 -15.689803250461773 -15.71590798854141 -15.288202320476467 -14.479714755021757 -13.371543987947557 -12.062986312833566 -10.592589715035038 -9.037669890305345 -7.461893301798273 -5.881623288855263 -4.387716705632705 -2.9495213836519567 -1.541990183242869 -0.15296504767123692 1.2781184022508434 2.448104034266302 3.033580450365195 3.0472802857650882 2.4840912401210034 1.6208490019621575 0.7336300169793536 -0.09832833160598349 -0.7965515688512418 -1.359718646187699 -1.7958046059371786 -2.0691643926867607 -2.274560316431891)
(UseCyclicTransform "false")
(UseDirectionCosines "true")
