(BSplineTransformSplineOrder 3)
(CompressResultImage "false")
(DefaultPixelValue 0)
(Direction 1 0 0 1)
(FinalBSplineInterpolationOrder 3)
(FixedImageDimension 2)
(FixedInternalImagePixelType "float")
(GridDirection 1 0 0 1)
(GridIndex 0 0)
(GridOrigin -84.11250967127486 -118.25223512061646)
(GridSize 37 31)
(GridSpacing 80.01193389822805 80.01867158145005)
(HowToCombineTransforms "Compose")
(Index 0 0)
(InitialTransformParameterFileName "")
(MovingImageDimension 2)
(MovingInternalImagePixelType "float")
(NumberOfParameters 2294)
(Origin 0 0)
(ResampleInterpolator "FinalBSplineInterpolator")
(Resampler "DefaultResampler")
(ResultImageFormat "tif")
(ResultImagePixelType "unsigned short")
(Size 2714 2170)
(Spacing 1 1)
(Transform "RecursiveBSplineTransform")
(TransformParameters -0.7527138184745528 -1.295942872847552 -1.4916252234517071 -1.7102440005723851 -1.9182066711554335 -2.0960724998306417 -2.195390941253979 -2.1835200473694134 -2.025747108937266 -1.7383720386717525 -1.3375450321237206 -0.911205662175858 -0.5472891381692448 -0.27780220653538173 -0.13474907024374774 -0.0900909186686322 -0.11579140706515559 -0.20478677798471884 -0.35001673283176044 -0.5177316525176773 -0.6741835929091557 -0.80492636572837 -0.8955183684117534 -0.9592108575764411 -1.0092581510464613 -1.0601305804606804 -1.1263057993321075 -1.1928072330517288 -1.2446503713059727 -1.2831952251914058 -1.3096883709146174 -1.3085014898780656 -1.2624037029086497 -1.1883182937311998 -1.080866934888579 -0.9640532104616857 -0.5512405096895611 -1.0959368651511943 -1.866472924151235 -2.240995785321821 -2.651947198199781 -2.969550142564665 -3.1989908114484664 -3.3044375517000253 -3.2373175288209333 -2.946613500534858 -2.468520770227029 -1.8388504074832683 -1.199337577830097 -0.691724586239824 -0.3222658989977919 -0.09720000188669825 -0.009553061987678097 -0.05223255735746942 -0.17003241485992146 -0.3078158092480855 -0.4606119018989556 -0.623337449087485 -0.7997560917500766 -0.993953052610186 -1.1726315324451175 -1.302465856168819 -1.34572392505303 -1.2649268139003997 -1.1652517417106876 -1.1513749305983723 -1.2059208792252163 -1.3117267185332806 -1.411948627233704 -1.4479212247844 -1.43672946063873 -1.3690297934869717 -1.2662650210121646 -0.7803685946290518 -1.0982919929932318 -1.9211704143672592 -2.4950335432494914 -3.092947683104474 -3.404654426277543 -3.505728346703138 -3.4320036002266257 -3.1833743154883987 -2.753520765235576 -2.201034100707962 -1.5849677194289014 -1.0174496374144664 -0.610858062113423 -0.29420013483752977 0.00399412996145102 0.17631597637320437 0.11542140384681746 -0.03978680499098989 -0.14944310011324088 -0.25036795322962435 -0.3788860304579959 -0.5854612059705703 -0.9208501249091381 -1.287472977502576 -1.5879209766664015 -1.6663796223980685 -1.3680438469127794 -0.9988361570693611 -0.8627132056586404 -0.9020447928427001 -1.056787971165939 -1.2304238992322174 -1.326890816183437 -1.3673747728203685 -1.3483351913455095 -1.2808152746808776 -0.8299696588012453 -1.078195975736807 -1.9347182095139301 -2.7471894050529833 -3.525692651675993 -3.805921683134803 -3.6894204516087643 -3.5392954201282523 -3.0276112052136805 -2.542612930424962 -1.883998872064575 -1.3077954815696344 -0.935927394320193 -0.4248385414974782 -0.10337658418748036 0.3192488453880858 0.5473894676559102 0.4213653973818144 0.17316138761376873 0.01866079638675178 -0.08669857351589372 -0.17749336620121148 -0.38871723350116444 -0.8637243107169941 -1.4318976405006194 -1.9292260651115674 -2.0018123787833306 -1.300078727453314 -0.49898363779169086 -0.2634779187230262 -0.38958861386385435 -0.6781537010340144 -0.9802787688402207 -1.1504368291729248 -1.2397026421788404 -1.2772726936741734 -1.2562849186032212 -0.865946741154152 -1.0851950479820185 -1.9395496019296925 -3.022718608341525 -4.791739183064163 -6.186432872821251 -4.688783413145933 -3.679692424068065 -3.847586308360046 -3.579899537456215 -1.2590555553034766 -0.5686429633348645 -1.7873148702394892 0.6211962451031773 -0.8780014955020274 0.7908499285341529 0.8721622366792453 0.58911823039022 0.2514153560594314 0.231694381941906 -0.31655586546550313 -0.07684878333319604 -0.29122042550191657 -0.3576246749400259 -1.3082938363379042 -2.5156510154111307 -2.301036802461064 -0.657430511349621 0.1982841711052786 0.6063637511160062 0.42502150844004916 -0.25609647421722653 -0.7779802871054501 -1.010038116558271 -1.1105506323981051 -1.1861599919287542 -1.2058796507361789 -0.8800573404265036 -1.1878573888082273 -1.9450398098522974 -2.685312044383728 -3.162095731544665 -2.6688167509321947 -1.3581928992612429 -1.1741410587137675 -1.371755849474147 -0.16248520437965328 -1.86417602675638 -0.4415844080721519 -1.7126473853937918 1.9826848950509748 -1.9722150580303106 1.3530997038753543 3.1680884033232233 0.6182118810950674 -2.2065435612007853 1.5069753365653962 -0.3323866794512387 0.8289385766394313 0.6802563088165535 -0.48401898554518735 0.08650360088673924 -2.008882299009603 -2.6387871732270076 0.33692807121373697 -1.7794325322872317 0.5993343200390681 2.305610567864041 0.11509266513995348 -0.6369292464892687 -0.8778508231271885 -1.0054359100082977 -1.1099261518986454 -1.1538732237710836 -0.8768336756423737 -1.435351792563811 -1.9333404927194455 -1.4466445957277667 -1.6231073981536837 -2.9138398972277475 -2.885569821119436 -4.495952515276743 -3.591679124287215 -1.9951671827205335 -2.6148607729877105 -3.122057197537176 -3.566460192446627 -0.15719953949828264 2.7421500543939796 0.18697452477821314 -0.2498520404986287 1.4446073087666889 -0.28150261261797915 0.7697845346357466 -1.8873284402067556 0.9741315567235505 -0.434736483756059 -2.9108103930415785 0.5958445351452238 0.01894922571843688 -1.343943647129321 -1.5012308402892374 -1.3870367834379185 1.062746019895751 1.2852287768767736 -0.5756879506588749 -0.49438063778398655 -0.7170781702571591 -0.9358787568259701 -1.066969883305155 -1.1075872939884885 -0.8483478295157876 -1.7335635384280323 -2.1393674463727606 -2.019845329171203 -5.7496722561904585 3.257318832579133 -1.3749875592509788 -0.4572047913854104 -2.193509673771249 -1.0402766011113396 3.357312885670872 -1.9282388187958612 6.275217321276214 1.4541001351505438 0.7044176574048603 0.9742501805019509 0.593696951453416 -1.3501277677141814 1.8680466130335966 -0.9700216551411368 1.8583898455018688 1.3774767418592724 3.451988895055114 3.5782013303935587 -2.028484925832087 -1.2140408837065648 0.11205804970062347 -0.7086355399247533 -1.2211549828445611 -0.7035916423068397 -0.07669535045270068 -1.4140662117749734 -0.48361738927733566 -0.6238615634950795 -0.9012302500652014 -1.0336281675763899 -1.0549315672521533 -0.7962996068870412 -1.9868933757498715 -2.7942983619872592 -3.827074575372642 -7.9904437591249025 0.8105657991902546 -1.3478983969351117 -2.6852539680869554 -0.7800541993245653 -1.5240900076536483 -0.562941196323629 -1.766715219370559 -1.7774096953830343 -0.9187325193467719 -0.23137616091872765 -1.8633419265564577 -0.32876806770492856 0.7645524752567651 4.297974011093507 0.6203031810348482 1.8378432899844341 1.1201571301214963 1.436879787275287 1.8438106856357417 -1.6186472480957412 -1.7316700738313227 -0.9914544787338153 -2.2405161602104533 -3.280494746777193 -3.808640108691155 -1.4318435803647993 -1.6408147548123764 -0.7009925783651322 -0.6949803038241457 -0.8994865173282209 -0.9851604516944844 -0.9826597626880513 -0.7214833977627103 -2.127188853236764 -3.2987882388895717 -3.892087027932295 -4.273358454941531 -6.403597024629915 -4.217199051048726 -1.6350951352593128 -1.0688468673707863 0.1522495794660418 -1.563589168779691 1.7923878217631808 -0.6593832908087519 1.1525574580312112 0.6966534878744972 -0.6922142937984807 -0.2558706090408838 -1.1699130874313457 1.327416982750087 3.0918642740004203 2.456468505071597 0.879409312617787 0.09894631038753418 0.8616966319859432 -0.8887176364289078 -0.17046323717506545 -1.091201956588513 -1.4867796559999547 0.5669460228147488 -2.586096769328705 -2.8446329625196825 -1.3996404744839581 -0.8177930745350354 -0.7422522609643513 -0.8533736781042107 -0.892030872153196 -0.8739656283938322 -0.6225503517781703 -2.0861957259690507 -3.0487245301206705 -1.9017470314270777 -1.1991991923910332 -3.448845764878675 -2.2170798305219677 -2.073212415828754 -2.483537438846855 -2.84163162997486 -0.7445755626625643 -0.2827630283323275 -0.8913766342548288 0.8025845282427854 0.1090347339016541 -0.9767462414376716 0.44200070468912206 0.6198007927392332 3.1576519041600646 3.733079819902566 1.5090310366024353 0.3339477130817822 1.4163036849723474 -0.5282603773285813 -0.9531743662286725 0.6115893616511516 0.7370026342688736 -0.820688745540458 -1.0091771008613721 -0.7213878842126589 -0.8167627870922839 -0.866074921586402 -0.5875240859500457 -0.5762650918465324 -0.6849508260993847 -0.7249008914493288 -0.7120476931423675 -0.49807619468932013 -1.9164450255864558 -2.54267910553292 -1.7526390157858958 -4.969282784148465 -3.596029254393677 -2.4256526439759014 -1.0115882722775027 -2.0456836481043976 -0.3324073961001087 -0.7392419566509113 -1.30439257721749 0.8826030411902852 -0.060175136658957774 -0.7086061259321293 3.239163041202004 0.22401537245460262 0.6166954747078301 2.194456547946481 1.6188714767520176 -1.3001705145174864 -0.8768369942045323 0.24873563041748076 0.6702815929485607 -0.4617037747009166 0.5268213435142608 -1.8977457709399481 -0.0677833969002308 0.4133743665493792 -0.3066829605067805 0.1380762477033995 -0.04471167245552984 -0.1000921318947921 -0.25997975194818623 -0.43992902392043665 -0.5169201735141971 -0.5222062926248846 -0.3622634145011593 -1.6702724599004966 -2.2068737272989165 -1.5697603953972783 -2.738535652476926 1.7617263281320394 -2.5048245321148412 -0.8353489884996228 -0.12654807886882166 -4.044601632602357 0.5062204284974001 -1.6104754944910908 1.4257359974880484 -1.309914578957004 -0.21037791455292734 -1.5403661562511353 2.5354445734436277 1.4196133052666402 1.6952780611451381 0.34283894377925755 0.18305303947132834 3.0157568803482104 -0.36667735733378226 0.551699524479113 0.5592166395199135 -0.6326307476410074 0.48659956193069387 0.87278608616768 0.2509817069304279 1.0092901593834869 1.1299110505535723 0.8560228075316393 0.5094648221316262 0.13982782957426929 -0.16449817092721866 -0.30121457629213433 -0.3297226667287327 -0.2293292593021025 -1.311254553934372 -1.9284333200634425 -0.8685175685671156 -2.3997679577912483 -2.8628770373503545 -3.790513645582351 -0.7566080136166675 -2.9840789550823494 -1.2525380435181988 -0.3148895561799119 -1.5405323059610394 -0.6932833494374668 -1.9824001318821753 1.7382151308063787 -3.253466328572495 0.15018353402748247 1.4141143147397455 -0.5385232486915614 0.10979064752165175 -0.5773369896100092 0.1694388808828014 -0.061554300998125415 -1.7557535894731446 -1.190516902206602 -0.8307073745635456 0.908694620061647 1.5116661091557724 1.4783314058054398 1.945135324017001 1.9896368549399577 1.611408105768599 1.0340286327814427 0.49139242247909104 0.07743606981380188 -0.11115826889901151 -0.15960509578501786 -0.11324202875916989 -0.8032608081655226 -1.595615260918355 -1.0880678739546557 -2.4362554412732544 -1.519202824557885 1.772394080845767 3.3669256431016157 -1.6786028677888076 0.829627981895367 1.336344675982932 -0.5123064569314019 -0.20494733683579947 -1.145719145555611 -2.8072399720899606 0.7341423938757404 0.5805892365605524 0.3642337326483295 1.2042829368989927 1.7941301418928255 0.2879855005063402 1.8771585527099963 0.9255678026969705 -1.5811841052165594 -1.8926763834099392 0.37852058563514573 3.1016575357158276 2.8669576175728175 2.412231970441494 2.537008265933375 2.4484732516257997 1.9418748223631246 1.26402794854036 0.6638859100604323 0.2225822609053485 0.019733636716085013 -0.03696985079794869 -0.027998422610897692 -0.17059743534066535 -0.861638621021479 -2.7609426992799646 -3.564509842624685 0.49611449956166503 -2.4671504466453578 0.1680001869418746 -0.9270246747829766 -1.0793421189479813 0.6864611142342472 -2.0437588645182236 0.7775280118021629 -1.6637829526656465 0.9562887230179455 3.660234796776756 2.745766029919586 3.2986745837070597 1.3400540418194273 2.533120233437358 -2.0588975046699622 -2.718315202183014 0.21875762735136303 -0.9713657135453548 -2.840827035425385 -2.0777255684904805 2.58131306497318 2.9551715796507554 2.7904087073397594 2.7719861462136337 2.4805526088728835 1.909239272713874 1.245840620850174 0.6806743279923032 0.2745851714241671 0.08752270358560107 0.03361194278061948 0.024958773017248144 0.5625594686318433 0.8019998043550799 0.7855962609735323 -2.4741717195921393 0.06914097135839523 -2.0280028455255823 -1.194177598714453 -2.4003517928300226 0.7481985665158657 -1.1005164207777005 -0.4001221804767952 1.5379232429160987 0.6162410936469483 0.2992282305956288 1.71339975185931 3.9431997868899753 6.719823305780868 4.7642302348491485 4.393907329039189 -0.6545936025364597 -0.7721409103888504 1.8120249968613331 -0.049880604588990254 -1.3320367611375261 -0.2285491576508219 1.945782156695122 2.240489869665069 2.365005015946668 2.3063435140075446 2.0534893619037002 1.5781750896669318 1.0285447884305252 0.5659949142150424 0.23755468529198034 0.08842621523770408 0.04745747828241084 0.04419142114773679 1.0949687693441459 2.099379513327985 3.4615877356185387 0.10872047498123497 2.9781786229695526 2.3219271884122485 0.23147615486208534 -0.40278438528294064 -0.14298726636696962 -1.7121084422913047 -0.43204670138166656 -3.773790499106361 2.098465411381238 4.98462119119136 2.9159477544157264 3.5750220786207523 2.517441806637056 3.6490648841490283 5.179418523409993 4.094345839994143 1.8781295141499643 -0.36463563307932706 1.797907741791305 3.2548062524847636 1.4351910538285386 1.0739781831826325 1.133448714122333 1.3249000714086951 1.4201172282644823 1.3517270449678098 1.0545079123282188 0.6691441830432886 0.34370600923867556 0.11486199546080532 0.018384295844431055 0.000004362962319872719 0.028300157685988894 1.1258134278308225 1.9745702024430134 1.7807592307797608 0.8629024273682337 1.3248237317038534 1.9379025463494342 3.795142388818668 1.3534411710091057 -0.3007762300107229 1.7433789802421347 1.8463300748389078 -0.6520771976920693 -0.95802271531657 -0.5241977954112735 -1.8734419496793917 1.591449426380556 0.6151901345380203 4.093515812601498 0.41461833102334217 4.410837860029133 3.83640902125836 -0.291673614326519 1.5656246322633465 2.759936816134291 1.6465272402338533 -0.23363335434466792 -0.21727149705731105 0.1315596382485214 0.4141750273788498 0.54839312390126 0.44015756474389117 0.22450539686984897 0.03819494313665493 -0.08960902878167998 -0.12631629062280247 -0.11311760734021188 -0.02411307050603241 0.8167792464549266 1.569838591143969 2.2399598102605762 2.9747086522464303 1.6358642023286454 2.786209878377437 2.4688809919818824 1.3712351708783488 1.493661593547653 -0.45726822499019526 -0.026004470274930618 1.802326513095478 0.34484718828993516 -0.26891275779550644 1.3845749872170836 1.2450458181346793 -0.4857148648130385 3.626595954876053 8.313298044650233 4.78195497315029 -1.5825702832141026 -1.7833244776166393 -1.3930989969832264 -2.2371946335396102 -2.3117226097861936 -2.0261256298934267 -1.653999539626231 -1.0888948898806128 -0.5965157330059485 -0.2644475901792325 -0.19215380406472754 -0.24878265597323193 -0.3053038860394936 -0.3379631929181855 -0.3141755330234691 -0.26532372040926316 -0.0991808436354266 0.329333139518327 0.5841670687208824 0.1912030118089103 1.3255260067802828 0.9205579856201745 0.061690987492655246 -1.0201269197152747 0.4588120257276721 2.24397021729915 -1.9898831728797775 -0.2982936268546949 -1.054098563744719 -0.39556110869832894 0.188547986817601 3.489674119886925 0.5771168683356239 2.3702998987286503 1.6931957864299214 3.640051590419559 -1.7517720362280984 -2.5724553259263687 -0.8613813999945943 -5.312185136623418 -7.244725185856319 -5.219692127491232 -3.811142041348108 -3.0612006788519563 -2.2033640392269844 -1.49465151979873 -0.9954337779144116 -0.7705355779220144 -0.6949889247253234 -0.6421670966763735 -0.5925320190965747 -0.5136049489749032 -0.4300673677047427 -0.18304866561491734 -0.19180453560065786 -0.5221041843489348 -1.9316538508748844 -3.9663838492503785 -2.031099269053293 -0.45888390007609525 -1.0713474302347574 -0.5584082661122893 -1.3148671972798212 -0.2974095872768711 1.704546206884585 1.5572774463120558 0.6257021680678115 -0.43694040977510656 -0.19664053016910105 1.8507788385725878 2.512405415427201 4.47195731834733 0.7303396678631824 -0.9144580431526548 0.5547278614610958 0.06384502246073102 -4.946998097439091 -4.132155091325754 -5.3634129103468675 -5.150701319565613 -4.04177180330996 -2.97609447226189 -2.1382491634680947 -1.5419558180367516 -1.223029139549103 -1.0576617138082092 -0.926110595537068 -0.8148632321912588 -0.6928412832072367 -0.5806740830079671 -0.26176559575919656 -0.6018746013863404 -0.8859234749825945 -1.2859382049669918 -2.488259635336967 0.9357037493583691 1.0742403408794587 -0.22102587535127835 -0.9417441713193881 -0.12875345239943545 2.201125591346889 3.353564811730586 1.2964335700059089 -0.3410931263225183 0.7048541235597647 0.3197742617311647 -0.27287466402537086 2.4600752940487465 3.090294247324293 -0.5673286783428155 0.8509707193312919 3.0502086303596756 2.9080486085708865 -2.9644525109814825 -4.525357507626794 -5.412222272920114 -5.305394486524927 -4.180755921253985 -3.17818653677387 -2.3861995821212236 -1.8115997077394372 -1.4823127920139811 -1.2817752488414 -1.1120072734827449 -0.9668674488007876 -0.8201363727190651 -0.69040075655037 -0.32136871528312594 -0.9741708227612549 -0.802623249059004 0.13672756831356075 -0.8942150582518482 -1.0202412410308288 -0.17291571770196956 1.4669792888733586 1.3023281859525273 1.8285544910180964 -2.7975370516998734 -4.067724872852971 -0.9604419611530393 -0.17811884194196556 1.8743524443023045 3.0068123990249322 0.11519825544189372 2.4293588823520387 0.29695596367684396 -2.1046662368376974 -0.5589945764878529 0.8093036397016379 3.3609080377980196 -3.9622620241715265 -10.258038778309611 -5.731885665876259 -4.579320226740169 -3.7189434167147972 -2.95277900025419 -2.3339399359116126 -1.871673634010034 -1.5754942296367882 -1.3804223310648953 -1.2056105432482127 -1.0503981309041988 -0.8951708841170093 -0.7579578566722056 -0.36071828126659017 -1.3819010511620424 -0.5789600312828175 1.8550485201203093 -1.6368348806944673 -1.728635903815037 -0.6506928683159561 -0.26772850220187455 0.6287580806738299 -0.5460175400437477 1.3304356364383938 -1.457641603218399 3.7992321155674786 -1.945421692068483 -1.3217776254636648 2.734141832447911 2.582869212523793 2.830543510098959 0.7991588647628044 -0.22358328719707918 0.7251945409457284 -1.0708881229491967 0.17112258040808867 0.7066048506792965 -3.4254244634496502 -3.5426819656265707 -3.304403645224166 -2.9052270617176754 -2.44396815683883 -2.048073971563324 -1.7355826247367627 -1.5248208301225836 -1.3692572370491973 -1.2141056991965453 -1.0676234091833383 -0.9174313989775965 -0.7819842316530368 -0.3786481224551045 -1.730077121621506 -1.5419146370859875 -0.863710230070146 -0.7824474772395158 -1.3318168218210449 0.3547754846956302 -2.1655287649565116 0.838707734657522 2.084185658240966 1.5223082659143317 -0.9309202821382694 1.5913588164377932 -0.606876128337107 -0.13554560728794673 2.558631578453796 3.0292952026661624 1.8089904179601093 2.6512279320252055 3.478089856059737 0.9858124670001894 0.7707131546701779 0.6182964183159886 4.232306756507648 0.555928074056155 -1.3827476733496202 -1.896322003252922 -1.9480877201499414 -1.7903875176046864 -1.6223232241554018 -1.470651770141038 -1.3593377813874779 -1.2602548848954522 -1.1412691141137008 -1.0175563917000106 -0.8836883300521582 -0.7587027810476968 -0.3728161122502477 -1.921783982536561 -2.1254992496453013 -2.19706382742591 -1.6154644096011161 0.1921907897000343 3.21940533947862 2.722667292037976 2.2002901600457605 2.321710490914657 1.1370873458703326 1.4506342798343563 1.3774013844372581 0.7535945863505003 1.9443368135352141 2.9501776084635605 1.2200089503821219 1.7264395527068257 2.1391500827148895 3.1607596536031846 3.8483635104622977 3.756952498590916 1.626057841090579 4.0287596011212665 1.6111136247071975 0.031176593874818297 -0.7428344838011647 -1.0542298545634223 -1.1249737482603979 -1.1398870282288005 -1.1250507477734877 -1.1029569240323602 -1.0631902699322244 -0.9887736156717533 -0.8976909878277702 -0.7896721146236482 -0.6834098229963519 -0.3402878468116517 -1.9616850616710897 -2.1643589321583745 -1.9083319810421415 -1.3540272137861251 -0.3320932624392888 0.8106774648386303 1.301762778283522 1.290629793331863 1.3410334269307833 1.3953856021534636 1.2744298706704753 1.0764127464127953 0.9706006511476774 1.0243958827388424 0.8481985411364901 0.8340050998107346 1.3364465123121525 1.6505290830749242 2.262939888797187 3.3966854430851807 4.5646360333096485 3.034064633018214 2.683693681221296 1.9484962596942947 0.9366971914488251 0.16051565729550427 -0.27348384325076197 -0.5005607024016354 -0.6529369953026537 -0.7493873958753373 -0.8066865429693441 -0.8239144064567461 -0.7960489231878659 -0.7415025674251621 -0.6635217902599062 -0.5799826010772374 -0.2928584295117196 -1.836611846737253 -1.947460104593744 -1.6648060321477 -1.1389007345794073 -0.4008857350101159 0.3041442986178894 0.7377197178171405 0.9950680686465084 1.1725687301940482 1.2241867374080249 1.1050636462677417 0.9517091444627118 0.9028291149573191 0.8995565834065967 0.8839982379983793 1.009003853081062 1.4275869726764314 2.015769465158753 2.647116122457588 3.220365847500415 3.615646279803176 3.588170031627673 3.0674176202677317 2.291447289885764 1.5129090106016108 0.8429378947682225 0.3799290893360584 0.057792518043717954 -0.1894393569151956 -0.37025453701196587 -0.4930110456232371 -0.5614744873110061 -0.5784905294279927 -0.5613327871979683 -0.5153300305716846 -0.45688784204321126 -0.23480159971274556 -1.6670861898278195 -1.6838830397724227 -1.4140106688839411 -0.9805003674450173 -0.4629834879964545 0.046045234753732296 0.4572522567026468 0.7603086233406897 0.9453002078386826 1.0081838035065984 0.9448443864157148 0.8500991954608671 0.8190212306256545 0.8538464532138534 0.9570473672677097 1.1849460168898946 1.5936566438327897 2.111684669220879 2.6678355292109814 3.129034236018207 3.3619362860172464 3.3147554621960618 2.9363265995940036 2.3828752625579757 1.810591260921888 1.2748049590800608 0.8308078124964764 0.46608913324066686 0.16814642918906741 -0.0632336593899616 -0.22822517541173226 -0.33352720027500377 -0.3852622273675385 -0.3985198939305536 -0.37953809773075625 -0.3430629190013917 -0.1802999859490255 -1.3222254636210715 -1.373524623683678 -1.223672214659502 -0.9931565907329142 -0.7454499226241641 -0.48579502716045286 -0.21533857991329272 0.022129235540745498 0.1830871372398479 0.2783369528641053 0.31871990986952586 0.34938042470894703 0.41544740647352896 0.5379065021323214 0.7377511162286338 1.010685424900889 1.3524129386190384 1.7370158414554362 2.1385833040978337 2.471821176179018 2.6514534031962476 2.681194538318222 2.5647352530488674 2.344555583203122 2.063144489846536 1.7422157970991454 1.403486840985726 1.0731941812245276 0.7775789238893769 0.5258688652846878 0.32729421351866334 0.17686227759820466 0.06964451864934681 -0.00034512220718304736 -0.03818720299722538 -0.05220799801050342 -0.03809971032566334 -0.3973922137813095 -0.562220192715395 -0.617761684665613 -0.6202833126712316 -0.5030166303746905 -0.26272212127081473 0.11267493822489204 0.6071939610440504 1.205483149732383 1.8570259919397163 2.5113553771560606 3.078372963000154 3.467985653307898 3.6718968630136137 3.6818142638086413 3.5933043937216116 3.5019429528848955 3.4378192805940664 3.431026427228439 3.4631714787372894 3.5158647194483597 3.5830619966505504 3.6587130967715713 3.7132508924126846 3.7171217303147834 3.665449638762029 3.5533568175523795 3.39130579353473 3.1897558448434813 2.9575264992508465 2.703275117896315 2.434170865302827 2.1551117583247144 1.8967151283368568 1.6579939427268233 1.4553751959937984 0.8650662828663904 -0.48638911150907677 -0.882354540058401 -1.067416942398988 -1.1951404392202722 -1.1291208970227882 -0.8491399664882446 -0.3142968724632636 0.3865811344817563 1.1666096173067204 1.9853161828562584 2.8021033364116548 3.468115246752767 3.8345452837659746 3.9302705588667686 3.784197327142508 3.550056904525189 3.3815725559681487 3.3053113936456833 3.3478915484603986 3.461214341456312 3.5980279558140387 3.7232527091235643 3.8012740675820256 3.862975012047883 3.9395243691459396 4.017524406299982 4.08349531660201 4.097598324507465 4.020128278106365 3.8531912467490024 3.598825398454362 3.283928143349425 2.932153443050724 2.5886731540751886 2.2555099637823863 1.967854144183917 1.158064571430808 -0.4126354400960026 -0.8624407202454878 -1.0922768882318343 -1.26803849180994 -1.232141402715293 -0.9338298914434587 -0.2921086595674994 0.4958678289251797 1.2364141477485777 1.9632034562875507 2.7076541097724025 3.2871468851709844 3.5204580863332025 3.500278715280407 3.3185365511477682 3.111436216962049 3.0115541644379014 3.0121068767557193 3.1076409068392614 3.2628883384585365 3.4429783542733015 3.5615266450548084 3.5342519491926088 3.493773485132447 3.569798356038519 3.737583925288457 3.9731536836001107 4.171284981260223 4.228434667331466 4.141167118780011 3.905255529618035 3.572395537284747 3.19210802672726 2.813938132850964 2.4398325963718626 2.1157336269175038 1.2265768831729746 -0.2934440179205887 -0.8629350060289066 -1.269241596872487 -1.5076781641311976 -1.392476041403901 -1.2545836239743655 -0.16530790374500337 0.7200717930253923 1.1752528498341872 1.603609427839681 2.407855333188505 2.950638906514615 3.071981021564242 2.9745174611624496 2.6536495320396503 2.4491484958929304 2.492723139823913 2.594458981071358 2.569072657777415 2.6050078907607377 2.9297643529921586 3.205300815080536 3.1381120904584683 3.005478481694372 3.0641528891012184 3.2929329017585713 3.6885615459271124 4.058138879133301 4.212604814063031 4.195325913958504 4.0493107182853825 3.789069314959159 3.4242023506746366 3.025747050156653 2.6131979995759624 2.250219616653987 1.2805146599488046 -0.16810519518969394 -0.9905545297095939 -2.0713262928472997 -1.4004221108779926 -1.0047234192718824 -4.420109351885228 -0.6466365406338471 0.8962215224815265 0.7802644363279109 -0.3455224582564579 2.231251860901629 1.0539468847965159 2.280767814051349 3.700419544212517 2.3160274966664343 3.0250526352152054 1.9765042007675109 0.7574836141699728 0.5140930245619142 0.544658369762674 2.4632053500843685 2.8683770616645585 1.5796882621779647 2.0499706197341916 3.007140404959447 2.6693075946086946 3.73813851587047 4.538763243008682 4.479021476080501 4.024338710487561 3.883174407903382 3.7918813329239964 3.536842095089642 3.1594579741056474 2.729888351807415 2.3372528041289584 1.3076810762383697 -0.03157718835777099 -1.0073734272357024 -2.654184735986194 -3.410081457081131 -1.445932534784166 -3.2830458578202926 0.7154599767275575 -0.8922647163198281 1.0394116873550496 -0.14460415135672253 2.1609743038850215 1.22308238287809 0.4674324349436842 0.4233529156709326 -0.6295930580571771 0.8805664251710622 -1.3075481620668237 -0.13213396186109805 0.695558619409736 -1.2747818683620389 0.8838430643996921 3.991961051397167 0.7125833038286776 0.684242178503637 4.58455606313608 -0.49333819587999095 2.8522730820850057 5.774860652462092 5.93758376695921 4.214929050710576 3.908416529769052 3.6126645112376945 3.504799005981767 3.1992131292580597 2.7817764309694257 2.374161300189693 1.3123199464786748 0.12683175223297558 -0.654370643405562 -1.4001487613489387 -4.872002886782473 -1.3614872870970443 -2.4211900910430235 -2.386727316295075 -0.13716519932288207 2.403182634719906 -0.9153061137781668 -2.8757981353639965 1.3889089083658754 0.44707545130887627 1.3841773464679936 1.2443422249316936 -2.2303128289461447 0.019441688750087387 2.480762563371151 0.8583943733414243 1.1973579558479939 0.502828150133743 2.9042306500410264 0.6491361218630582 2.3235861897609627 2.7932916496673648 0.4673974866379515 0.9340324164172793 0.5118635605307488 2.6476117800777583 -0.6926898102630477 1.614068846431745 3.1420523434739756 3.263344449127497 3.0924054961142384 2.728339709507339 2.330504719176803 1.2827849569136478 0.2989434209096986 -0.1360117169020397 0.049927353401535535 -1.5067289765234912 0.29671555722734644 1.319399194271124 -1.6315034049758956 0.9357801614693183 -1.9017797219810932 1.4502799276702847 2.094994993341606 -1.4286576282380923 -1.215929178333091 -0.733820168219496 -2.346407237011085 -1.5940241500094108 0.6453572802030862 -0.27584217589696813 -2.0740110963308807 2.028152251914849 0.7138943078212725 0.5836847909747473 -0.1813273966701166 1.3659252947983938 -0.012945997780965808 -1.2013819971685336 0.5709306658653519 -0.30091493492105903 1.3838098803634464 -2.7381436698312362 -0.003999612330822146 2.648044753263133 2.9294212641690973 2.8827073829684133 2.583924352928493 2.215096588332386 1.2225166323818801 0.4770760683862105 0.3372471624648099 0.3758164237068465 -1.0133279420712251 -1.2067498141068802 -2.888037288167644 1.2131299650701268 2.967503934192598 -0.8531886049693341 1.0589746601974313 1.0876853475827124 -3.2305659561925815 -2.132663960582587 0.7021074823929807 0.6262285312486031 -1.7300784784592484 -0.14350756797668962 0.6154871504735646 2.4808774510906053 3.944424768802041 2.2245962568481996 -2.555511085131401 0.5050681985917336 1.4516421593757458 -0.6469181962841116 -0.4811747585488971 2.506920606046023 1.3852180924229032 3.383795585790943 0.09110551730453086 1.4135381308828883 2.432736982846281 2.6139195278058 2.610177996908057 2.360715788947731 2.0349202572443734 1.1337984907068774 0.6580524912830162 0.6289856960888898 0.7598485486745367 0.48296262383612737 0.9285258125261511 -1.5499155259654969 -0.03727191595337682 -2.4305262870190045 1.145779313097918 -1.4907785975699621 -1.1332724613762362 -0.3186923960523124 -1.7088705677775713 -0.5718188620408526 -1.6556034711366872 1.3734431017930229 -2.1292544417626544 -1.8092291685812536 -0.8932245253793477 3.1650185446948083 0.2617876918161741 0.005409271392658453 1.0990775247620785 -0.40674966518276773 -0.28701938969513935 1.8239622040412617 -0.3327072482758661 -0.9062222533400568 4.860019057817007 1.1470081181998204 1.98243196840829 2.187452002587769 2.2621458618946866 2.266839168316558 2.0635648347770634 1.791871204584635 1.0163219194967592 0.8385112935378529 0.6052035822173596 -0.5401851601324901 -1.409569943023511 0.8982499298430446 -0.44093094047055237 -0.9657760965141764 -2.444531775695064 -0.15885908312065383 1.3052436279711956 -0.22118992934957574 -0.24898994509483008 -0.49480776668128523 -0.8371114040044125 -0.8793842512760531 -0.522741873011452 -1.6818687917841633 -0.14696914812306472 -0.3823522361938794 0.24210686637391665 -2.661980081277897 0.06423489348023716 -1.2105508533855813 -0.2696736265500732 0.23393248400147884 0.3932171338348425 0.3607594560414442 -1.0066226033895171 1.2682245898359354 1.654299554016854 1.5428768738489138 1.6951397877800183 1.8157834093796594 1.8443459437826428 1.6972642717159374 1.487642549295595 0.8696496899840651 1.0217420621388678 0.6670938828258547 0.20991836536215888 -1.6978629803977079 -3.995488380153799 -4.467680079312516 -0.7406362189699572 -4.04458504681317 -1.1689637011312448 0.0832955024902917 -0.3448058483310237 -0.5085127073698201 -0.8202184588764322 -1.0140255926563824 -3.8723123730937763 0.34329998824100033 -2.3853115912303964 -1.2751936192227775 -0.009880877891997101 0.766134093016886 0.5261293350652108 -0.9383434720052256 -1.0351553696864906 1.025402550330446 -1.9774368804256963 -2.0951635658305623 1.391913459949638 -0.4775958243759653 -0.4093262160773558 0.4499794031653174 0.7767044294664371 1.1516667030763106 1.345898994549266 1.3911300912570803 1.2985714056080242 1.1531086379916993 0.7066333618080597 1.2107600290208906 1.1430051253480358 0.7140968729911157 -0.20525538747662309 1.4934534273968967 0.5439110650504951 1.2400096212923029 -0.6325958526867415 2.2793004852386725 -0.14318221036832518 0.20637913019085505 -3.2137488900884184 -0.38059309523860374 -1.3796136585690568 -1.351012114916228 1.4090340725650754 1.0728545966924274 0.29594388983510217 -0.07113542481589515 -0.26149403749626987 1.5511551102659513 1.1536488073257543 1.1322042801670504 0.09067034614894108 -0.43764792146395987 -0.8303619692905732 -1.5254872219039919 -2.549611871308404 -0.341541482024076 0.09648108331915878 0.4508784429009647 0.7720506376584527 0.9238274070623252 0.9555878056584023 0.9042664185496518 0.8190717872875157 0.5401501469274742 1.3012929548373409 1.4723079133567516 0.5193174389239738 -0.5449117932020112 -1.6999363421772624 -2.7948422832927604 0.45026856372670987 -0.4638886420097913 -3.024927909578797 -1.3969623230207369 -0.32491246727844947 0.1462104707663903 0.8401151812154161 -1.1200373454430936 0.739072856672596 -0.9278356221825388 0.3046446727864296 0.42254614188959194 0.7161872778908079 -1.4927184863305456 -1.9722226431555374 -1.5859909746360845 2.057437701655554 -2.8625806362894965 0.01901119585012285 -1.3018310185872366 -0.4184673022402231 -0.5169919036849017 0.14161821677429312 0.1869924863011066 0.3346798923526471 0.4940257190693274 0.5616545043466216 0.5716624133212644 0.5508969321576066 0.5160109911847175 0.3828155555619462 1.189107557133774 1.0839600770718754 1.581899870442002 3.4142182711770697 3.7043981901641723 -0.3082945254377468 -0.9599412349696189 -1.0637949597891816 -1.047159625856025 -0.07001495386626941 -1.4378853206009639 -2.477761618206293 -1.7059491978530823 -3.8581103956166127 -3.252059257062298 -0.2749878452050728 -3.4427710092168313 -3.3983739732112817 0.3390096846807247 0.43222797964993004 1.2471870442852797 1.013945283956043 -1.7650103759799376 -3.2090755707540164 -1.5049664916762844 -0.7964131512009929 0.24591345081650925 0.07037036092528018 0.1185444429601542 0.14366351792649346 0.1907021178431747 0.2512521408922689 0.2711078228604286 0.2724089293706122 0.27461326335004055 0.27458906947983464 0.2472950328044165 1.0666603353636335 0.600113075626717 0.5993363085993227 -0.7740979412798245 1.3812254886577962 0.8868268768178276 -1.7190610111541744 -1.2334808279829332 0.1371110049784143 -1.5339353443250745 -2.809931632635802 -2.477661067844463 -1.009268157223045 -0.5812214922226642 -2.97440947077264 2.992393215788538 -2.192122172969433 -0.34441339832301865 0.14269985075698427 0.6907650086249751 1.0419228543853556 1.2509269705909982 -0.2351767339151899 -1.5734759569604126 -0.8686730001927178 -0.2978722142325739 0.014540703898460098 -0.17829068148361202 -0.05602492486884146 0.00006399842449706217 0.027802246367574456 0.04318685369117521 0.04488827672261718 0.04701418771506937 0.06573744405111677 0.08802438153207598 0.1337883288606918 1.1263422949308424 0.6682065049068817 0.5175542180949769 -1.930565014425869 -2.0678358240486876 2.1082843558132995 -1.1272629623017487 0.46226672366080396 -0.43110944584107486 -2.7496178231377937 -1.4708199010517897 -2.544380831291688 0.20348864229798194 0.7197816292288532 1.513445241175002 -0.8895011642624454 -3.991802464128759 -0.17743803642814698 1.7812749147866502 2.4672557142456335 0.39497313168986364 1.5357720140179085 0.05802309527845878 -0.7206653511407622 0.7475475668168369 0.30712825239281866 -0.249447907519331 -0.46703458950246984 -0.35916962913731154 -0.205675085098161 -0.142592892545243 -0.12933877962300433 -0.12457842040562737 -0.11565526989643202 -0.08567211716454945 -0.050560045564457874 0.04246384115052099 1.2616535357568444 1.0492775472859277 1.9066674755715272 1.2166695620924464 -0.6429035648412809 -1.271360207310005 -0.8272631195293579 1.100447958400575 -1.714014405109424 0.8430817484822962 0.1207630403995582 1.4569894598902033 0.9250958716983998 -2.926775681317492 -0.07444030815932783 -4.558779802114628 0.2882174057771125 0.5987746029688004 1.9085665489108374 1.17968713547577 -0.28784352779847616 1.4329159924079171 -0.1653653573505967 -2.5346278613597235 -0.28272782567595994 -0.1955523862559993 -0.6006271039573581 -0.8009178966493673 -0.6429123984998308 -0.394985691957748 -0.28859910986707044 -0.26049083661510525 -0.24436551216981148 -0.2269809909261744 -0.1898533201030238 -0.14812045961623097 -0.026527081992092704 1.366264328002897 1.1044512090996803 -0.5240189334705845 -1.0177676964386082 -1.3382400821127718 1.2081521957193948 0.28174561269212767 -0.8000905443079952 -0.8226916792805742 1.8191910444697819 -4.0012732070338295 1.3661789615975182 0.925770960493654 -1.671930698611223 -0.3533804778083595 -3.4797169455249364 0.17924055951550702 -1.3330819992790817 1.7931660439605228 3.4691573183269164 4.12434142902184 1.9746890090033704 3.5918102183068723 -0.0722811280594024 -0.7721973696243051 -0.680345335873004 -0.8805145763747939 -0.9752175464192266 -0.7716927300607439 -0.4977827426718033 -0.3791157603982624 -0.344740339318589 -0.3217757587321045 -0.2985192119244774 -0.2570377538593062 -0.21154095596343345 -0.07302056469705384 1.481053108861029 1.1977989447547746 -0.5665251017384497 -0.6449919833247753 0.7545899503554134 2.9645517627433526 1.6493539579518777 0.5279651924713399 0.824276402754949 0.4368764201058803 -3.767126393921996 -1.926018016410248 -1.4427934535941933 -2.9058213809633036 -1.671992914424936 -3.556881712297206 -2.140504091962431 0.17750136479265843 2.949312671781003 1.8883728070349737 0.7874592520156255 -0.23088683235078922 -0.9798369100112829 -0.328317298560469 -1.0293694969892762 -1.132749490436349 -1.121103964805884 -1.0538291349303712 -0.8064069406610372 -0.5420673532890721 -0.4289939108326276 -0.39276621036063014 -0.36571246790590733 -0.33848813766779196 -0.294722523901529 -0.2476382127829301 -0.10144981605389719 1.6468296920060768 1.2828429414377451 0.9094640699159311 1.2535935080401641 -0.4469192176353046 -2.054671673540185 -0.4624698666560382 -0.07195572076280454 -1.7395597157582685 -0.7928948633595491 -2.210446720680046 -1.3966264331518548 -3.2800949700359 0.12918598053982067 0.40532876189555045 1.7030291048930397 -0.19412959280045583 -1.4429599554073815 -3.337539248988141 -2.7774335559765384 -0.8939837704374067 -1.0550592638879495 -1.3593491919672904 -2.2853868541652536 -2.34836650385835 -1.5224326469093623 -1.3015694065525723 -1.0709547399865798 -0.7949073935863618 -0.5592228707306635 -0.4539528610238862 -0.41581069466435405 -0.3854363709087547 -0.35526617981293424 -0.31043598701125846 -0.2632437144981132 -0.11625541363400688 1.8269361682381347 1.4194120346210142 1.2732308159145111 2.833635162331209 -0.5837740147814754 -2.135433420402071 -1.1441731154237933 -0.1678892340721762 0.528292403493459 -0.47885960281439877 -2.005722229103464 -0.5787241178445333 1.1300103663839371 3.831734919438404 1.9166407665890244 -0.853314571168796 -3.566156191737308 -0.7842601078558421 -1.6323410604600186 -0.84978316720005 -0.3614112947090757 -1.577476774599433 -2.0396884506279624 -0.8659618507734016 -1.8909607313300247 -1.8427606036709439 -1.4942913125729362 -1.1208491237487945 -0.8067336357878302 -0.577343240643146 -0.46916924856866954 -0.4251109238831589 -0.39003563937473157 -0.3569790563225657 -0.31160871463425033 -0.2651609711523417 -0.12185990442148714 1.9847764486792374 1.5288986484878775 0.029277231849097324 0.06483216518729243 -0.8055372870270447 -0.506782384338824 -0.8633431767536037 0.7982276740544105 -0.4816656317876955 0.12490849680240497 -0.21549671938230697 -0.7579237383117752 2.6698247726081488 1.963576930998844 -1.2507863951439564 -3.239659076449491 -3.3316454681319687 -0.9171936624676632 -1.2049524897879844 -0.5548114058519867 -2.0248971009273107 -0.16818467484480387 -2.6830726182658498 -2.235244162088819 -2.045521013343314 -2.2477042536428447 -1.7843098494853882 -1.2840345240596074 -0.8935730510712093 -0.6226132580365127 -0.4894064498672036 -0.43139108068135823 -0.388505589686879 -0.3519419171957873 -0.3057923342535037 -0.2601948954255977 -0.12268045084443789 2.1377853395190525 1.8536707941784556 0.9361791742485691 0.8481754792758815 1.5435646395014226 2.7233992327342613 3.8483264195212006 1.5040400645692493 -3.250868373267139 -0.8922580596278251 0.9726236988745444 -1.2595064974480434 0.8307462001836511 -0.6637555047929229 -1.610109178792136 -1.3135251829589618 0.9204108062769332 -0.15643527761800793 -3.0221879460968233 -0.779981907834123 0.14827676937517223 0.4754841750968281 0.733954271154141 -1.9601519973059573 -2.9701955846296246 -2.6625685692648595 -2.1036798506149577 -1.4924210017149455 -1.0106806715215155 -0.6813241866563243 -0.5128478878071298 -0.43629343144555194 -0.3837557657985514 -0.34318207988528016 -0.2959506015309903 -0.25112062634295107 -0.12030854785461055 2.303412471191395 2.1942346706253684 1.9717501285125367 0.8040478581221383 0.8000225232156786 2.597673559907885 0.6724581139014196 0.9900548612051348 2.3305157385912114 -1.9037646012227543 0.45376723541450653 0.28530420695430303 3.473892807012222 0.9409912919039556 -1.7865898358879695 -1.0081447273327964 -1.8524929668912171 0.23250008726590085 1.1042156972576973 0.36452328725484195 0.7828360915561513 -1.7126094757676282 -1.3522537323460844 -2.527502836421529 -3.3287980183757093 -2.982996114542889 -2.3761521128331977 -1.6946162107806513 -1.138797622400733 -0.7442822857547643 -0.5369191316279777 -0.441368030709618 -0.37876174063789475 -0.3337350758695062 -0.2850280148030414 -0.24070193382771637 -0.11633300263039009 2.346383541995428 1.9884358339639283 1.6323903988560382 3.8850795721060427 0.11491983205863825 2.118438079572284 0.35261227497723074 1.561228119354151 -1.4582976911609067 -0.7102506209832228 3.8547696383527543 0.4480647093203127 2.8623753137165027 1.4869200171452006 -4.496047042264712 -2.8556926303844303 -1.3941894173722464 -0.34121619762568717 -0.621971646537574 1.4989480085900269 3.034148031009802 -1.9297066196302366 -2.5321890596444447 -3.356276557212653 -3.49253665963052 -3.149382045445826 -2.5288759928083224 -1.8239327393763363 -1.2290590617114254 -0.7919112109422817 -0.5584764859118666 -0.44761059591260066 -0.37586414533871954 -0.3260744931349659 -0.27549565202268406 -0.23129008262967377 -0.11212944735718093 2.129308029463076 1.72358660050851 1.6325083753257608 1.4764219634798683 -12.560959255481118 -11.392757863862569 -1.3788934929815024 1.5538632138544788 0.4655871929429854 1.1014659487519285 1.7682861666251284 0.815769032476846 2.0296254283477104 2.360986256307409 1.4924553411062111 -1.6675596707111264 -0.9158195583924208 -0.379540360154411 0.19355340576341357 1.2907276047940688 -0.5081438437122633 -2.196478610296975 -2.2492146136318247 -3.2141466271781325 -3.331890161118249 -3.051229351418787 -2.484049419532931 -1.8193514506118527 -1.2449147553120705 -0.8123483590701305 -0.5746002501781495 -0.4558931438691578 -0.3772311622517941 -0.3224286246665222 -0.2696261221375043 -0.22508585647677892 -0.10897575442278326 1.7565267358421957 1.014207458572909 -0.1222689406177455 -1.9152142185067544 -5.112165649904393 -5.684781720722841 -2.659920729626751 0.07804878517914825 0.8333919434637813 0.8159905738512004 0.9958508531189944 1.2992048404309717 1.6567856109371952 1.7895068491585926 1.6587175485317873 -0.12191503083115487 -0.651927729979313 -0.5741231737529118 -0.6265058414772603 -1.6034690275683523 -3.602017906020277 -3.792934604157064 -3.2861211728255926 -3.000922431131298 -2.999921600796181 -2.8018752509632114 -2.317915516112458 -1.7284345668824053 -1.2105446541010447 -0.8118295434423126 -0.5853836083985774 -0.46448737386293715 -0.38096495327454927 -0.3213662888646234 -0.2663218322894631 -0.22122185834005847 -0.10663406268161375 1.3064089862009327 0.464642182357624 -0.5098999201746249 -1.779145315185285 -2.9563696074975208 -3.2824377607656046 -1.9621394046700626 -0.26546475970631034 0.5543609812029198 0.8709974766197862 1.0561660526004626 1.171406780556658 1.2757375910927589 1.1726380686669473 0.6620711926341653 0.013377489971132778 -0.49849656543532567 -0.8838461880925035 -1.1524832167911963 -1.4742995418409826 -2.0232256840408223 -2.4975454136957658 -2.6529502542647916 -2.681536662387023 -2.6616539885746797 -2.4864564841437953 -2.075164798750406 -1.5753403917641973 -1.134349650217344 -0.7915424368409055 -0.5871148615449089 -0.4683859800304347 -0.3821757643801116 -0.3186297902453312 -0.2619154356928437 -0.2165704002373427 -0.10370962431199811 0.9297760436385766 0.14060337506910728 -0.5107929527400368 -1.244874608366975 -1.736213569501573 -1.7657130857953673 -1.0749734848944321 -0.17484137885424417 0.42649587479975 0.7932964123832188 0.9914003525453291 1.0436481817781738 0.9727369880832332 0.737805749200442 0.29744358526182657 -0.20810556485680667 -0.6379556888311391 -0.9837065758577902 -1.2373031539943775 -1.4836021345196138 -1.8073954147809512 -2.1151774163871058 -2.313772667641508 -2.399755290492962 -2.3702185922465833 -2.194282527747457 -1.8406968728665427 -1.4226521517576032 -1.0534159687162146 -0.7626109211063253 -0.5798165652140118 -0.46510417730804177 -0.3781616852598627 -0.3122977605731095 -0.2549830178717775 -0.21002202442496568 -0.09989683716730001 0.41997035475552563 0.012022889147194862 -0.24203134989674663 -0.46393769383933986 -0.48399229048455844 -0.352690702110971 -0.09960941728838339 0.21142399382372887 0.5181183712337535 0.7555672448606402 0.8590076085981535 0.8337604778771508 0.6851489458084997 0.4429189406606612 0.13679633112912123 -0.19383123120179543 -0.5095990903247529 -0.7943665535145132 -1.031973035318024 -1.2329767179003503 -1.4079640270255773 -1.549706574493256 -1.6509539631609775 -1.6874040720166599 -1.634753287190634 -1.4989935294759835 -1.286123441490959 -1.0454217699116264 -0.8261716535354648 -0.6422713263963222 -0.5075931940584327 -0.4070024356747816 -0.32502220192458764 -0.26068322453760623 -0.20822802805506535 -0.16924485950088092 -0.07862713579205682)
(UseCyclicTransform "false")
(UseDirectionCosines "true")
