(BSplineTransformSplineOrder 3)
(CompressResultImage "false")
(DefaultPixelValue 0)
(Direction 1 0 0 1)
(FinalBSplineInterpolationOrder 3)
(FixedImageDimension 2)
(FixedInternalImagePixelType "float")
(GridDirection 1 0 0 1)
(GridIndex 0 0)
(GridOrigin -107.5827013019856 -116.42536632843664)
(GridSize 36 27)
(GridSpacing 80.12468372655484 80.2429824078715)
(HowToCombineTransforms "Compose")
(Index 0 0)
(InitialTransformParameterFileName "")
(MovingImageDimension 2)
(MovingInternalImagePixelType "float")
(NumberOfParameters 1944)
(Origin 0 0)
(ResampleInterpolator "FinalBSplineInterpolator")
(Resampler "DefaultResampler")
(ResultImageFormat "tif")
(ResultImagePixelType "unsigned short")
(Size 2591 1857)
(Spacing 1 1)
(Transform "RecursiveBSplineTransform")
(TransformParameters -1.5820362552293266 -2.2482566940214994 -2.398791337678025 -2.669430330550332 -2.967082248915477 -3.288243208069194 -3.5996888149209383 -3.8701070110090474 -4.083522969147861 -4.235977467124933 -4.340182526352145 -4.433595993636373 -4.535526139835443 -4.656483827037954 -4.796644940110383 -4.941544978830672 -5.084524290230234 -5.223306801932809 -5.353605222325711 -5.468810956498928 -5.567547838795332 -5.651397748361257 -5.728615581301624 -5.821884576828877 -5.927475537048594 -6.017711442815995 -6.069973875061503 -6.057563956092149 -5.964315159817574 -5.78145044472495 -5.506745870382373 -5.132115634704051 -4.699161144231859 -4.219866158774567 -3.9090343981429765 -2.5601303042007606 -1.462493266814247 -1.989909664840893 -2.104048724812968 -2.3859505694732133 -2.7847892215929946 -3.2811110647825834 -3.8146649230362635 -4.295447227015731 -4.688927386007908 -5.012472590600799 -5.288535999791685 -5.580610598116606 -5.908896002966742 -6.2620463830204995 -6.614989732825388 -6.9123657854227 -7.131354039443598 -7.268767894140243 -7.338430707927816 -7.382354809890119 -7.4205427164131255 -7.458443738605088 -7.5015599025171795 -7.545357019598671 -7.609918195442194 -7.7667786738351205 -7.975323233338816 -8.065122488168491 -7.983284432893421 -7.76684257575331 -7.427981472165989 -6.959646641665129 -6.416459329018179 -5.8026243691816175 -5.403688622846947 -3.584013270523551 -1.2035732940716195 -1.5399881636013415 -1.585995037995847 -1.754837876153739 -2.2170957188295644 -2.872267349319332 -3.5312220939246317 -4.082053316468813 -4.458610514011575 -4.877490567534716 -5.272801242094181 -5.691222378342982 -6.18084490549514 -6.686995836850953 -7.1548174969825356 -7.51307219175478 -7.742531089096213 -7.828035903514423 -7.795572282625705 -7.743669618583743 -7.714355754009966 -7.700468872116919 -7.695112100241332 -7.6363481022011666 -7.597547218378815 -7.887304311936272 -8.293930052946285 -8.560127805887264 -8.400716335787916 -8.172220285073507 -7.823672423462916 -7.314500937563613 -6.751624292489893 -6.12297762077383 -5.7185829946860816 -3.821478052475869 -0.7935676327408127 -0.8053717868018248 -0.6814011818446291 -0.29831423721068057 -0.8817107646104906 -2.0456539829667375 -3.059475051741581 -3.6765003374795957 -4.084158605278442 -4.5055647767711635 -4.898869852218101 -5.486972827652191 -6.236620566737322 -7.136655977648623 -7.717506519841494 -8.133161245997915 -8.353163735172734 -8.293232389748763 -8.031452174632843 -7.752046269482074 -7.5730899091014985 -7.583693640584958 -7.696980463873262 -7.59136274576406 -7.006868040490201 -7.825327998111527 -8.783454153821461 -9.643129051480779 -8.791092964377318 -8.441459633787199 -8.173153809017457 -7.507927054768975 -6.980415326015669 -6.3702077629559355 -5.969970233587202 -4.022509624485042 -0.28527994874490287 0.25014524986176156 0.8092978277542607 0.8212206265631953 -0.1686054951915533 -0.9361832004239522 -2.3912131329534083 -3.7420693116416666 -3.704766610376124 -3.714807649680165 -4.577722145773056 -5.244488926884936 -6.126079551290679 -7.786521625536705 -8.165713773459142 -8.743427321560855 -8.853795472008585 -8.489825669068322 -7.798606882581117 -6.783245299941934 -6.00027411761703 -7.093529614222573 -7.375893151871479 -7.192836650758771 -4.426293900411113 -6.054336467891265 -9.456886018833144 -9.496431120572854 -9.43202924913345 -8.53484626287442 -8.248513478388139 -7.573992537827422 -7.102338342286805 -6.528334215797605 -6.137300593682159 -4.160766184267626 0.24266569954469985 1.1809740625808864 2.1740985316411834 2.5586959167797656 0.7578300806671908 -2.1075431437946275 -4.520292586112014 -2.9690836968952925 -1.670354983877013 -2.4232379066909293 -3.66778299975241 -4.516876116233489 -5.6499517910783545 -6.977557943084366 -7.786545025492978 -8.5589291751185 -8.907711717356246 -8.596855501084281 -7.422771715836663 -4.467011233538594 -0.9064388298630809 -6.596250030531601 -9.596519356953829 -9.182380940161597 -5.683964204322534 -6.8615525965149295 -8.061329045946499 -6.125774092029799 -6.236027545437734 -8.534847959419517 -8.56361161646891 -7.710551760388261 -7.250420080964286 -6.694710696293438 -6.295148713564752 -4.265216795680023 0.7070642982081032 1.5312823402275906 1.9541524815375115 2.376863167871796 1.2493084238049423 -0.38702811310415586 -1.4368842298125122 -0.19446017426950468 -0.7607193251350128 -1.094179249658456 -0.9485315329191674 -2.957079659006801 -4.490887354022455 -5.33178506007103 -7.535480855833745 -8.680369060159268 -10.03859407492923 -9.268909275027177 -7.0674682924058105 -3.923939200142101 1.4740281884083712 -5.390360219989781 -12.132361274215965 -12.304289585615056 -8.8811346882229 -6.953435834548698 -5.421476482839817 -4.464402449093665 -6.621422989003823 -9.436483325914534 -8.756080164606713 -7.913956716096095 -7.368512574230791 -6.880471333206038 -6.436455597742269 -4.309093589900634 1.1434273977838156 1.8164363957873177 0.9716342098903689 1.0698698230883876 2.0612767772130782 3.317469636398838 4.421855591071387 2.663787706634915 0.6793994196268951 -0.31340341396041205 -0.5370855006904902 -0.06993645872894215 -0.909004647792635 -1.8806107155238783 -5.451759124143442 -8.178484212552029 -8.240114492141236 -9.424543017693605 -6.818449046267473 -5.87601193852816 -1.9167273090634673 -4.728384217987416 -9.812716476152834 -13.581723501962385 -13.645942220141206 -7.7169226905013915 -6.626656445034764 -5.513413533113557 -7.093024289902213 -6.44765253236394 -8.151530115964539 -9.313968718008024 -7.660870257769816 -6.968004953733667 -6.46542915366166 -4.26123338887578 1.5852510624448077 2.2250588118974344 1.2938445833404055 1.130087916794887 2.7383806691321544 5.40637027175194 5.7700136243856655 1.879015616472943 1.196419685320786 -0.03726459934090333 -1.1772522076109886 -0.4071089771409935 -3.3483320579050604 -2.2230088573375384 -2.1031330210914065 -5.411476928195414 -3.1068783338369896 -4.970436738048082 -5.10252859042893 -4.043529920303307 -3.933466724211942 -5.423969378702688 -8.563115067654849 -11.943504644535409 -13.043110819500559 -9.907474532223556 -9.66942405524867 -7.881169771631795 -8.078652310208412 -4.041246497836286 -7.609153991754063 -10.06017930544636 -7.895942470020129 -6.83156894904647 -6.280394882492219 -4.086481041242981 2.077023662368733 2.7922632586202933 1.6851820134974473 1.0088363930844138 2.895774623391233 6.226899124990042 4.9612012477589795 0.9099256455354168 1.6028060907508879 0.5753967021076771 0.004210269978389029 -0.6038526058625024 -3.5726745382695593 -4.802589317402893 -2.87713828288419 -5.563649455203283 -5.027628350406755 -1.7021336167016603 0.6969510460908624 -0.90464279159228 -4.848353572924672 -7.933213506698436 -12.375497990051949 -9.763392889796108 -9.363933020405796 -6.9054013084042944 -9.332302536969404 -7.673222534506956 -6.691975136857002 -4.1189244528053495 -6.230604806796885 -8.02976425782642 -7.095934261377389 -6.278570633686489 -5.751622752538496 -3.7410793053214886 2.6632953645843984 3.782849027376876 3.9136558040736147 4.31194826155136 3.1570178094450796 4.762718079486416 5.500732248094635 3.6567238640876933 4.219852990866568 3.525088610911937 1.9392725293838498 2.303712831545097 -0.46070767058901746 -1.9338474211483938 -3.08001381453404 -5.697827365333678 -3.6403929901245196 -1.7480284704537468 -0.06094456483221999 -1.0289447571446033 -2.2721454952742643 -6.1931000263277864 -9.941204226039476 -6.952517439457536 -4.9778119656260085 -3.231307453103649 -4.912064221586922 -3.2460947549132997 -3.954625942044251 -7.029910230477719 -5.920302177031661 -5.298769701869151 -5.408162927839002 -5.118148184791001 -4.749110830183406 -3.1809701119541356 3.278051364497966 5.060884393230992 7.025886241169168 6.173160170291324 2.8741609696919665 4.779028565937515 6.329619548851292 5.844645173318106 3.0988373401868925 2.726140606481278 3.149868851094969 2.436190496806072 -1.0806780919929022 -0.4979255208326501 -2.132396897335802 -6.806464495322214 -2.862436620202441 -0.38945061382615526 1.260308155134894 0.436820678275709 -0.2216462192536419 -5.573042512636111 -6.440713894663982 -5.875267748327705 -3.746806023961989 -2.0530559758445768 -2.461640095948093 -1.2255055815973168 -0.22816477012350492 -2.8013317710319816 -3.5273766865929157 -3.238977946030803 -3.601432082718028 -3.5959168606552807 -3.454995329713458 -2.4723655729361003 3.85518875315747 5.98362668738814 7.137861844724507 6.914742334889618 6.475380425474036 8.846353255115794 10.339187682944706 8.197350437537379 2.5525645632796117 0.20821585441659718 0.32354786554188814 2.452769425477293 1.0586150919074742 -0.7404286692244189 -1.4138206319535698 -1.8284759149391314 -3.029425964558259 -3.08934504756428 -1.411335188103009 -0.9302623639435826 -0.7970882823873697 -3.120557619905135 -1.5423145590406142 -1.28560618482091 -1.6015663072300068 -0.5865619284715957 -1.61330832841259 -1.3071912583631669 1.7846290383655004 1.1943527478673157 -1.5312524604886437 -1.1235305926344163 -1.636156360296363 -1.957027000354705 -2.0514622657077672 -1.6814602555610847 4.338107310025171 6.7133073750653605 7.352776658474124 8.16677459465592 9.643200827789023 11.684318540957593 12.172386387169434 10.433260933680646 1.8993446219837997 0.13813889810008587 1.1891630169021514 4.289029461127595 2.058114787770844 1.2104189171254105 -1.3258710087403367 -0.5522665776695836 -1.5763941109306199 -3.5524441309862507 -1.3348564545895842 -0.23365714190851508 -1.2852811488604081 0.6275775999207253 0.0951432179344465 0.43495391720147314 0.12255757143322132 -0.9897734605907418 0.7248149818497333 1.9507830529056795 4.449134434690465 4.360342404247962 1.9412789145670943 1.3773493956301581 0.23303854016086192 -0.4058189649449069 -0.6905469486886807 -0.8785368295631182 4.670064011217879 7.121407542599124 7.777340354837787 8.721705065733298 9.733154004895832 9.027432807319967 7.087112475689764 7.615138045277097 4.19661993067671 1.7418562760991934 2.570622499427805 2.2353988972117858 -2.514306598353232 -1.9856625217024866 -1.2036059475605503 -3.2738633464922673 -2.5717082222477052 -3.0389899213099594 0.20198025356094523 -0.3645325662637204 -1.9412903265136916 -1.6444457636152332 -1.8964864182443828 0.19635121891183913 -0.24204673846881303 -1.0684815086990718 1.1727391498382764 5.4645472215859385 4.577306220095166 2.3022903220668716 2.646792015504495 2.653349957505062 1.5806564251119781 0.8529742336120042 0.4757726891167959 -0.13386739777070178 4.855489497734687 7.217747621199757 7.753985221435229 8.423033614018836 8.4949483452276 6.782586873565603 5.739787814764567 5.786569127987177 4.171879812209205 5.031482380561403 5.473671192413274 3.9444208737969637 -0.04948189226211987 -3.5041903697612184 -2.1522210267028057 -1.2046054119345522 0.32716428677855236 -2.035733899066361 -3.764234466464408 -2.761482794837807 -0.39652800143295974 -3.045313495402761 -2.8030319253542615 -0.7797595416030525 -0.6875811684704299 1.7180026563995006 1.224584183816865 4.312758670729724 3.4901694623415045 4.818657271912534 4.477610612764585 3.6295672183690675 2.5194164872513545 1.8192537902196917 1.42635204508442 0.5207499975247544 4.89886277694554 7.108222215942063 7.521930516392906 8.118070966590729 8.509031431084408 7.562838367233513 7.277676204983008 5.524434892758493 4.00194286132039 4.377509037468535 3.796635875503403 2.358801252475403 0.15683839988321424 -2.753181040542398 -3.3051292575546976 -0.038193057951274145 1.7204375433053132 -2.0472881384755466 -4.537452511354693 -3.939370009246418 -3.9415305943798353 -2.1277067843659516 -1.4070478103149735 1.4491664257774297 -0.18133054059250073 3.0380091793670507 4.1941341146099544 1.3203623297066793 0.20768696267128092 4.8108423532260876 4.203489002419322 3.6132443141082686 3.058844205589108 2.4931444236740647 2.140097506349312 1.0535174266621374 4.795807575563155 6.816684978504763 7.1241168652478155 7.60779437293833 7.891678430386766 7.533860086995168 7.200747100607516 5.980533801003164 4.923025246339966 4.513440510034578 2.5161703531024697 1.4176755203577704 0.4724392994286932 -3.0106121186149086 0.2010847733072375 1.6729916522064274 0.7319350029744013 -1.156526623867217 -2.017478739553505 -2.645915830323949 -3.9790863526147544 -1.8183365087105146 1.969738435257601 7.21852922838753 2.9838072691418245 2.5280861993705925 1.5234438971383102 -1.7070071249852565 -1.671842687614366 1.906284820965107 1.9930181344797022 2.963174253996543 3.27026837429246 2.8881173816820054 2.5991832826979167 1.4319652502862048 4.54199073320449 6.369793738225181 6.621111168542356 6.937757366477659 6.925968398630837 6.707523901241439 6.54641723700943 6.099799961619208 4.810615281168432 3.775359649520228 3.1076246125437588 1.958337414470484 1.559060951246857 0.004132058172083094 2.3607086109266873 1.6941841201307708 1.6522633438652643 0.098763966684972 -1.0347304211434702 -2.1263146798906893 -1.9603524268115877 2.2571679917365683 6.621409030198439 8.978322151716306 0.3228362932477697 1.4256425625685314 0.038339297904541485 -0.8801678173467405 0.9524167162137842 1.5629853925566233 1.4971162475054953 2.676298503624995 3.238728973512567 3.0179729274697835 2.785898840010205 1.6236141905852781 4.173074088576496 5.802671896847691 6.020469374809018 6.295289981273991 6.346422859583403 6.189977348223053 5.820188060668418 5.268184878671912 4.453441811124694 3.54199149485036 2.6812675202358323 1.8382877553105486 1.42404646864297 1.0709985874201868 1.5733302144421941 1.4293617177529392 1.4583223068933853 1.0407010230623739 0.33543511233894635 -0.4255819804097887 -0.19338864417007798 4.091645831019417 6.808765693455421 5.78157310144745 0.617542880388648 0.7443056995695861 -0.07232493442324094 1.557811459138807 3.10757295345976 2.0112427377582427 1.9742629464413441 2.7185943247847586 3.0779787812446973 2.949842744550238 2.7597170370209736 1.664714826213795 3.7244958235521177 5.1486456014123245 5.334713202130062 5.579755685414008 5.648767338629004 5.537308449218276 5.220571572954828 4.743345942849056 4.131328073668495 3.3939720305566214 2.6149176790996846 1.9710336174817806 1.548952697852059 1.4017181475919471 1.4696468587945606 1.5291443569189003 1.480103521490757 1.242663117758239 0.8872454638527109 0.7097118166316936 0.846106705611239 1.810208207184581 2.9422943146368823 3.1725727561932726 2.6309326448482016 2.1774986985392726 2.060857502188191 2.2226553865863763 2.481317165537385 2.5395434711542832 2.6142980124756168 2.7846431920528874 2.883657134964717 2.7505605641669377 2.579973646952031 1.5914110406213569 3.225730777588921 4.44323235507464 4.601914340505461 4.820606572557532 4.8995687146476 4.829289433394771 4.58591257667223 4.205932341319715 3.7160379847583704 3.140931004615333 2.544035743156303 2.044965304504489 1.6983037146065112 1.521025278698861 1.4773463525223276 1.451294110158901 1.392004016056505 1.272837179746071 1.1400010726934138 1.1393176520701735 1.3418716696509587 1.8148190409352516 2.4254595978962694 2.7524314541796144 2.734449677369922 2.6397826501820587 2.563598082223604 2.5207347444161456 2.524205004846744 2.5726847631625693 2.642155574326014 2.6663815883050472 2.6215794482926302 2.453087349076218 2.295109226868113 1.4375265578291934 2.703183921611294 3.7171308252528443 3.850781076923633 4.041932386923251 4.12556885175707 4.091653895087654 3.9184287690495165 3.6329797339976646 3.2572231943110768 2.816364750335176 2.3588242144457756 1.9696892900455916 1.6868670983514897 1.517243219751936 1.4404168010095852 1.389482060300752 1.3385551725466018 1.281900432357595 1.2470756604694173 1.3147557237809544 1.5100323496981922 1.8335392964778767 2.2156067191835382 2.4748713823799484 2.5639188563455195 2.546098170124245 2.4667389387582457 2.3906647001717936 2.3479804818730314 2.3464901754204224 2.3666413753421103 2.3411471552395966 2.2557841125467015 2.087947898531304 1.9512789295861126 1.2354357363680248 2.203610380715639 3.0309636357583107 3.142995882305687 3.3080436106823368 3.3926505346516636 3.388397338169419 3.2759132547345304 3.073970069255959 2.7979564680341023 2.4661959282082484 2.115170042072428 1.8095365396073033 1.5794349273070318 1.4333508772386503 1.359361697434264 1.3116784665129329 1.2734314008647316 1.2427850750128107 1.2366380168448445 1.3045985015782977 1.4582457565597615 1.6883376861075556 1.9506485400865476 2.1427415186953063 2.2290169960377857 2.221725133985183 2.14777901392547 2.0711085146296697 2.019294464150976 1.9991034911251866 1.9950474947381007 1.9507522626468041 1.8579565122895898 1.7087130920515547 1.5957008772803676 1.0172128938330367 1.731303666188551 2.3873039629915738 2.480308269222201 2.620435133353087 2.702574358459334 2.719957758305354 2.6560306862395535 2.523237426507899 2.3316677415972196 2.093853919078523 1.8356231315000202 1.6033114715930423 1.4196705930514173 1.2930451865413788 1.2182902189115825 1.1683272711970127 1.1335065114771978 1.113356886520326 1.1166643129866651 1.169884466841512 1.2769450436497898 1.4280019388476688 1.5965277775324116 1.7273566950352055 1.7969644248730572 1.8009895519887476 1.7534757782986374 1.6987332272289015 1.6552894113440437 1.6277088739668433 1.6058284005470078 1.5512370307404872 1.4614681190557783 1.334922148015002 1.2438382429394808 0.7947329417162559 1.3532655390465342 1.8737115197162275 1.951720818691771 2.0710171064552734 2.1486211615505186 2.1791148369396427 2.1486475291051326 2.0655451186334024 1.9361716459924567 1.768789732456481 1.5813036274144372 1.4060987545345742 1.259989790233604 1.1502752352833623 1.0761295621629272 1.0237145733013153 0.9882123352153119 0.9692667448957816 0.9706892377204882 1.0047489322715548 1.0719697675363193 1.1657192019395186 1.270236001986944 1.3541990637743804 1.4035158893752067 1.4146166728773086 1.3937978111589022 1.363475170520748 1.332899634035314 1.3045303267482489 1.2727444478872976 1.2155036015634426 1.1344223038750776 1.0294780613129166 0.9562431779786995 0.6104135045615506 0.5450019672722981 0.7688680331752371 0.8101435975346933 0.8760899061046142 0.9319079731112144 0.9754658563665283 1.0000481460184905 1.0074322133813298 0.9980231107409439 0.9726123636423053 0.9346173114923358 0.890949564727516 0.8458020396633427 0.8017827302695306 0.760720191956915 0.723217131981255 0.6900300170098577 0.6618036390793477 0.6389379362657652 0.6216944920429432 0.6098105052822415 0.6026073379194486 0.5988384284585551 0.596454084500049 0.5938768324907973 0.5898089267721544 0.5828581616441229 0.5714139706840211 0.5545972266016423 0.5322654218270663 0.503957733828254 0.46757302655793315 0.4263062064446579 0.380895575981155 0.35126264397006113 0.225381985477053 -0.7997767332958008 -1.4567628953456742 -1.6427154455570607 -1.878005655918097 -2.040352113325863 -2.1237585762715234 -2.1153146558484264 -2.0441122414214026 -1.913434269742771 -1.7099935680622946 -1.430118684789754 -1.07626242230685 -0.6481519634538042 -0.14541850878992582 0.4366498570272454 1.1135835218547923 1.876859755008363 2.7020899300970536 3.5442825844211177 4.322584888580747 4.997835205136508 5.56283759661889 6.0109593257364775 6.346062686410755 6.566002358246937 6.6648852199780055 6.639050541634814 6.481899873849129 6.202685468456169 5.82539609964481 5.374657832443078 4.870742726477701 4.36357604620187 3.8614330891355695 3.5536999485047507 2.3062983353818876 -0.7448498643735002 -1.6642194631003548 -1.9187182573455102 -2.2277504126217607 -2.400633739009583 -2.430307030637818 -2.3112943948107896 -2.0696555799144116 -1.746309612078255 -1.415377657798199 -1.0966421081080475 -0.7681283424294099 -0.4125880876355948 -0.010844268555049306 0.4700567144864745 1.0911822064048962 1.8649636417497029 2.7722844629513737 3.755367938998219 4.701117874167828 5.526922430507435 6.140073423771333 6.546349566520783 6.876091125673653 7.150208278979305 7.302239134848111 7.306512927100764 7.148330277198931 6.8388598466065975 6.4198815527135045 5.928568107066425 5.3989938847497205 4.88372337891243 4.3769178966918485 4.071249394695116 2.751376806916854 -0.5978426482617066 -1.5053162362775128 -1.733357715977476 -2.1114816818713 -2.283125954692083 -2.2632412380218696 -2.111215767245824 -1.7283442166328022 -1.2167501776330043 -0.8982866956886206 -0.5492112630179877 -0.30575856874351276 -0.09586060633333421 0.13015396902528636 0.4302747445765031 0.9054248232932641 1.57979650996059 2.4471598248235638 3.4547956937377875 4.511884192933439 5.481953053425657 6.099037053811964 6.367837523015517 6.5983211523777205 6.857954532608697 6.982903342812249 6.954810195747278 7.203803633530957 6.752824712906566 6.05758748296073 5.590387701959925 5.1213397368161 4.679704920576295 4.230775654078273 3.9575307737805536 2.729836983241688 -0.3713077758416327 -1.2551145387759255 -1.400327031477704 -1.8035620814704885 -1.8446655918575905 -2.0248093217622793 -1.9703677236317805 -1.291830123037101 -0.39572483513053375 -0.17435141930210513 0.2271747294828627 0.37964941103022865 0.4514530437811673 0.32494965126805525 0.30526461997018006 0.572277710515586 1.1237029728459884 1.9005645911505482 2.8394129005465443 4.006023083332784 5.220934668069306 5.857035181687335 5.78712855567693 5.691102582358682 6.123437026403158 6.276389576017849 5.718687976474016 8.184546384097876 7.17906175675057 5.284376569956857 4.778183487480429 4.466292670632666 4.252780930158195 3.91990781358573 3.7019847690188636 2.6259917261936403 -0.10441857195375912 -1.07027326552154 -1.2837774784304634 -1.1849398108197544 0.25310976951631214 -0.38008108613802993 -3.574536900120997 -1.6130285400481539 0.6566159009987356 0.9460034455557652 0.7866398253092978 0.8314948316916249 0.7988689601321917 0.6139160523195524 0.36763729709426124 0.292206151163001 0.7015441621252069 1.1947716795355259 1.8332746402554463 3.4127040951439 6.675471774374269 7.5042612242171485 4.361034371611153 3.570777761163581 5.416908145662833 4.821703473047668 4.522822918969351 5.695402604143018 4.2953009545531895 3.015605175925352 3.838553841497862 3.8839581371790386 3.700663704999726 3.520671220128202 3.375473457872015 2.4727098788384896 0.19687960527912754 -0.8643552028447137 -1.474275857074912 -1.046735191624505 -0.10424797513939585 -0.35606110466788954 -2.066792947943016 -1.3286670585215428 1.3470776627068675 1.789083855798923 0.8328001301178769 0.8523193787611104 0.7150334669800625 0.5188344892374923 0.15460934627784942 0.18496750522449096 0.5073665103352271 0.10617777317146145 0.23860787900786581 1.8001575060025259 6.834372380099261 7.464680432886408 1.830268211915562 -0.532363831968559 0.4676582976431078 0.20774511470052878 1.7949676095581868 2.9189198224017265 1.9673729365189814 1.1938980724610118 2.5379038233175026 3.075165468874041 3.1947548948574807 3.1387377172732847 3.059099257931021 2.316818166531759 0.5245221371827778 -0.3324796598935412 -0.4612255861466806 -1.5756167106276522 -1.380217188603667 0.13865855787763198 1.4156973931783292 0.2735614130007719 4.355148605911806 1.769173167449609 -1.0300042370764342 -1.134977257429226 -0.014717003306611416 0.5748629094967002 -0.5524905802754833 -0.7805520853724492 0.16613358701812292 -0.7003646138352234 -1.5623937322490946 -1.4472793797087322 1.1404994187001083 1.4103875187275758 -0.5511329728397468 -3.1104994638188153 -2.997260732652988 1.4016470647635069 2.885297102097391 1.6051597088156715 -0.17067359498931217 1.4915120470530425 3.4428033385056707 2.8508518241402694 2.8408382070496088 2.8498183603892193 2.8039384802988767 2.179911200890446 0.8561667988844964 0.17325913295528153 0.5089912020050019 -0.44195316860987177 -0.5212625398608068 -1.3935855668617914 -1.0172289662807619 -0.20308546798946644 4.21088853241739 2.8813280497198686 -0.7283091228660671 -0.9133935259935076 0.8570557422091699 0.8458115472878067 -0.8384252708702288 -1.5629029591467432 -1.447308939591339 0.2948558504504033 -4.172433385628657 -4.76488378290755 0.5504391245839764 -0.3151450716117966 -1.796028484403425 -2.337275044136025 -3.251052670131029 1.3055620642446295 3.554896283300081 0.962979918615584 1.1385130825379572 6.828993949378846 4.884193935401943 1.113770394953896 2.4891739439184475 2.6690717916058855 2.619806071541722 2.0594430242764923 1.1692339286087516 0.5972380090952312 0.4247689321862485 -0.3066966636962587 0.25612190433298326 -1.318490056604397 -2.4041522418979953 -2.1353643355947463 -1.7459986509204373 -0.7956281469762834 1.4147522090577311 2.6366080745736453 0.0941228792672025 -2.519737383802804 -2.989359441155704 -1.9450484256767513 -5.001158418398039 -0.743245385737304 -4.375980097921029 -6.329985543412006 -1.4209121308281787 0.7222416356022994 -1.0618834802581925 -1.9831207956109425 -2.836231024974549 -0.690767541430336 2.64831954966135 1.5869606785250852 -0.002550105351056048 3.6467909887697383 3.7159645853767636 1.869887599419001 2.619376124528938 2.6100226281653516 2.5143449858507814 1.9510584930711476 1.4172066447345628 0.9583510459906711 0.9801082192989272 -0.7548815328150809 0.3332388493328372 -1.809203199234529 -5.6952744927961625 -2.961979376007131 -3.151458163906292 -3.1907804770546178 -1.6488220317790006 -1.673712124055946 -2.2570088681969724 -2.6025025696840145 0.12092091129431057 0.43363123240881635 -2.121639653277606 -1.4853606729944708 -0.7156177863716392 -3.132168542113796 -1.6882645786633121 -1.9757163756797211 0.48145103314331766 -2.2203446340051656 -4.379743866164731 -4.346792742622424 0.9489400298082769 2.4366733143911974 -0.5188784640235895 1.2925314193541007 3.0075068159244887 2.575146027391313 2.6922566472147964 2.5676475375491985 2.4315562327636364 1.8547135496598857 1.5536188466789607 1.0883073535751604 0.29318467002240334 -2.2462142860922567 -0.6619632776208695 1.1466806528443356 2.000686803475196 0.9649756540681472 -2.0449841651787652 -2.199640140604748 -1.9099019993313855 -3.0574732844484567 -0.49532579184479664 -0.8689659148101256 3.1200769474324628 3.2442051022987894 0.9999505462106155 0.7734807590748974 2.1658355316118176 -0.7550996871072951 -3.3097206259770413 -4.836113223783426 -1.9091378957033058 -3.8240659226819145 -3.40969435640769 -5.30494122989837 -2.0818709335548093 -0.23344250878482642 -1.0738654380083765 -0.11174304004769628 1.0349551103208978 1.9244669650351602 2.414288128509054 2.4364606804289486 2.315276673208257 1.7702303244065545 1.6054890781967863 1.1789558967431535 1.4961065814709742 0.4082197329018895 0.24589164652985632 1.5401172315750613 -0.40849843980165124 -2.5213550977933608 -3.0721288318169595 -3.4715022719499187 -3.5485343328066965 -3.6714742385514842 -2.0480307691308783 -0.09766071153388195 1.332730986413927 1.0801925440717677 0.27023945189229975 -0.5597509430781301 0.9412938745043574 -0.534907189256316 -3.2701865725579946 -4.909032772344632 -3.21076384124478 -2.0413957444871165 -3.204584477089259 -4.240148512324899 -3.9286616454305503 -1.2022209335217935 -0.3717640428035081 0.23418482058753076 0.9464388889320701 2.082966141841442 2.182295156721851 2.265567917991411 2.1890501960981155 1.70182358276765 1.5998745976200612 1.1706037507561102 1.232065863258317 1.3645028421621674 0.8430405261635765 1.5681159307434227 -0.5410026910955553 -2.424585991794317 -4.858867769727093 0.6796037482497145 -2.0529543932242267 -1.6236599843728297 0.3248428766317438 1.204490417141018 -0.2777817898217857 1.3390907803536598 -0.33327396003216747 -3.3446450065046647 -1.240643125834231 -0.7924445129585046 -1.0669752837575315 -2.680641715301686 -2.061614610118309 -1.125440448610191 -3.58222138551126 -4.623560692715102 -1.7760724355657649 -0.8534962151814176 0.41410530742848267 0.8011467231993619 0.25948916777454456 1.2868855224294036 1.9171151005146165 2.1039729439006685 2.076452989353744 1.653698739802398 1.5630031578588968 1.2025055091729122 1.1359520387185769 0.8171478674099146 -0.7807134583825421 -1.1977401498478444 -1.5291619543131505 3.634574886828836 -6.593144246576912 -1.7237051416928393 -1.0745621096560647 0.5007151220604108 1.6174299963218253 0.6513477311336006 -0.6607389925725013 0.6512761148467439 -0.9766834254274327 -2.2920354603733575 -1.234240993280118 -0.7110725871022744 -1.7420191622081602 -1.1994037197874405 0.39083979814819153 -0.6255139544189195 -2.9573321268078714 -2.7887845146245533 -2.2170066836526066 -0.6396583973864961 1.4845496372536715 1.2930260643584706 0.7226009097255198 1.2481229951275294 1.8846855182313984 2.0322272697105865 2.0207985157983583 1.6259835196948311 1.5210973206246516 1.2016656443206633 1.1310965365787826 0.8674399756818225 0.7455711499329339 0.23340751688627154 -0.1876171886156499 3.309191612847679 -0.033263700661486366 -0.7228804719371331 -1.5386050353164586 -1.3493603075347207 -0.7683967800352274 -0.8555383602956728 -0.5570903406314388 -0.8309389089213753 -2.394114742829897 -2.800086251246231 0.002902512389917923 -1.0801485034518918 -4.005755498331145 -0.3792278014366831 1.4115451846079972 0.9282859254856509 -0.8763376853338201 0.5677111721129421 -0.3745705692143847 0.9874364814154049 3.7006032385356766 2.6845116432263194 1.7002801316610308 2.1137134174977135 2.1897005748960674 2.130885187818024 2.0653581980603826 1.6188000729848189 1.4601747357074444 1.1474398258113194 0.9466879850567199 0.5982252613314714 0.15072450837773912 -0.11724688079098584 -0.07539877594431729 -0.08056540605240296 0.8443485902783541 0.17316993003249181 -2.059277836491453 -3.2678516283432493 -0.8541314357202543 0.9878717670006837 0.4667508452864437 -2.1397312815442553 -3.1454732986943927 -3.8122774638513715 -2.4455376378825013 -1.7821702669080592 -0.04229695233382821 2.096740064567976 3.4435819350366126 2.1178365874327048 0.5441529691112263 4.569226284421292 4.146458982244104 5.68664137181608 4.540818315165328 3.7460390345951646 2.7672703289382397 2.8811462684740348 2.583945552742672 2.289014937655328 2.1465253562574174 1.6151904071468035 1.3663175858856322 1.0717478183437121 0.8311211256988591 0.33274227051040667 -0.5582274785466229 -0.9850453487760475 -0.8369978190251843 -0.998548411346609 -0.5302345359503874 -2.7842280464081517 -4.6160555091126705 -5.486488864111561 -4.313649268350142 -4.044250256329848 -1.7883024955647158 -0.7543967642625377 -1.2937589326492263 -2.7475485191740794 -4.929874043228091 -4.693577838094637 -1.1956248542709802 1.066195877165705 1.5067961897972042 2.499145846057483 4.077440149540529 8.427501110906498 6.814548293795155 3.2044043436591054 4.303617273248729 5.163980714511669 3.505029377758493 3.2563057118298024 2.8302470851313317 2.3956570045736623 2.200647232533781 1.5981957949143402 1.2401964069051032 0.9366810160226671 0.6899523092682974 0.10777731753980663 -0.5796451008930555 -0.4069321910621406 0.11758424881569358 -1.1456436539645203 -2.0036624351653174 -3.037492456354913 -5.199778385134431 -5.79162804725006 -6.888701046393434 -8.398550005799429 -3.7692056773058478 -2.8389335390455934 -3.0981741000970966 -2.7125125991342434 -4.981616782243873 -6.156790898043634 -2.5351049114281814 -2.1012125843499345 -0.8922447066453817 3.5780528926400685 5.719803795655969 7.7855269557506785 8.741913941136074 4.076163816135565 3.8733838209109717 4.302768075645442 2.4645597138323905 2.8246222990363203 2.8538077246596187 2.3883720067582486 2.180140993782179 1.5485035430184186 1.0838692405134105 0.7692160007604162 0.5630414409480295 0.20914504128410688 -0.18854042867107018 -0.34798913631956224 -0.30384052832003305 -1.0835312953846932 -2.884698048700183 -3.738198926091789 -4.766114026175225 -5.169005026207086 -5.535380973571812 -4.810357233537346 -2.183239746495213 -2.06253787379391 -2.666672978548531 -3.727279598932002 -4.615428667516122 -4.222842698326813 -0.7049374065181815 -3.3778871066432443 -2.768464758453749 -0.6798620750825332 1.6244707958337843 2.310991543024796 1.9098917972211373 2.528004676748841 3.8332873884831145 3.0560490010569032 2.229609628007853 2.6903654822605283 2.577052483783397 2.2050939190109426 2.037471558062349 1.4467964280654788 0.9081318466151052 0.574004933354729 0.37330712260575155 0.05308424283785257 -0.32950377370413375 -0.7422034852361926 -1.155604018090935 -1.6651473245106747 -2.454477509694564 -3.180926799372137 -3.842799582269948 -4.326599265995468 -4.565066359301859 -4.048054397888338 -3.076003795672852 -3.0828735967346232 -3.2947787492383207 -3.6634915222185014 -3.7744603002713037 -1.7637889302504097 0.044566836239775476 -2.277156437351824 -2.8438938863644503 -6.385521175597975 -5.903625408658809 -1.3997589960687928 -2.1623077467281826 -0.30201866701118857 2.1257629772152886 1.8945177415592611 2.115897999010678 2.1811700103998257 2.120293318189336 1.9117791571254066 1.8111423584121062 1.3071729385981852 0.7238699908825001 0.36525104271715436 0.16337936926639704 -0.1496270799969905 -0.5172226139149553 -0.9352864196124686 -1.3985434163106023 -1.929441000910172 -2.519577581564548 -3.1506435878490353 -3.751442991605774 -4.170280541574861 -4.345317124206145 -4.250177215037454 -3.9989341204587365 -3.941909212373854 -4.093093679168769 -4.154527554863213 -4.00673305166118 -3.5228684500235983 -3.0336779446242517 -3.238631265417154 -3.7696452521372104 -4.5784002683170035 -4.3331001216363925 -2.4789579042592553 -1.3819232818127671 -0.18272486852971193 0.7821855528324275 1.173552557118077 1.4890702152127482 1.608523968122394 1.6479629529566395 1.5745405483553834 1.5395834251329412 1.143664262004113 0.5403833395327834 0.16127117426227847 -0.042137039312181095 -0.3550773270349345 -0.7184577137002447 -1.133434936204231 -1.5922019026066667 -2.10621954518334 -2.664075202018748 -3.243301613419901 -3.7930783166354565 -4.215875957719587 -4.4720279414898485 -4.552276450329796 -4.5094237790607865 -4.499446010232213 -4.548038661227772 -4.562013351662579 -4.511668882034036 -4.381675853328197 -4.236859767003175 -4.299835955264615 -4.491505020885423 -4.4018888783589905 -3.8932113021302355 -3.001793708035 -1.8730755889250472 -0.8548468318758125 -0.07752404933417466 0.49657256394970195 0.8812985091376242 1.1060692907077105 1.2099440500306082 1.237972298389649 1.256366486827874 0.9682993790595451 0.36649097089490856 -0.01991220145940027 -0.21872727762819527 -0.5262517963793525 -0.88299147206164 -1.2912389733584066 -1.7409098503402525 -2.2367464662608567 -2.76597523584528 -3.3062975360913662 -3.8194480960571497 -4.23841101876806 -4.534893017077763 -4.704728084082845 -4.771942342635041 -4.807619291587544 -4.836929426660256 -4.848876403760213 -4.84258814178066 -4.81550285854188 -4.777694424258791 -4.77926535502087 -4.760829670889888 -4.529977225284068 -4.019945360368045 -3.2342789697788468 -2.2663726849001673 -1.3526272915380566 -0.5968035734890473 -0.010103720814669776 0.406346070881641 0.6861869389534023 0.8582332145108854 0.9452882226434753 0.993819108961652 0.7921691184265013 0.21189507049958686 -0.172489028339004 -0.3628076699086175 -0.660823527479245 -1.0082525736163266 -1.4068860517998523 -1.845037410673016 -2.3231608418416063 -2.8285446648195607 -3.3415224891180446 -3.8311828042190186 -4.245980406495349 -4.562455284338308 -4.77507248681005 -4.896975289944348 -4.971408938174661 -5.017304740297833 -5.037113695637875 -5.0342233569569546 -5.010554508791355 -4.961712315686653 -4.887626675130189 -4.745617813582431 -4.431670745511068 -3.915619183709093 -3.2116461280851674 -2.3860158522672354 -1.5891608126861285 -0.8963721210071622 -0.33459577010588143 0.08665671797167113 0.3883098283385577 0.5883973964160805 0.7020534948641327 0.763699755925701 0.62847153803644 0.07962725101023083 -0.2920184715267576 -0.4694244342965196 -0.7509079135983147 -1.081322225092396 -1.4623402855748617 -1.882111309961114 -2.339130217767922 -2.821349176638963 -3.311269317271731 -3.7830687735822286 -4.1957871777440445 -4.5285423773581215 -4.773437439142487 -4.934711429156185 -5.035376748942878 -5.086716013052983 -5.093601393751038 -5.060354118382816 -4.991675758999693 -4.88274779671937 -4.723041020956202 -4.487297274098504 -4.122874949231577 -3.619443758635659 -2.9936017127140584 -2.2926078248540502 -1.6129141092951487 -1.0075512221798322 -0.5031649516684826 -0.11116711783853908 0.17910871921822866 0.37831219611950867 0.4971980042226655 0.5606997308727901 0.47733543487657687 -0.014094985917148514 -0.36596662049579487 -0.5290099667419778 -0.7906882932236537 -1.0998865697110871 -1.458350262861065 -1.854839286706935 -2.287324947866608 -2.7446760993114223 -3.2110985766383697 -3.6641234140933405 -4.069423158992434 -4.407567751675232 -4.668683032088391 -4.851125746175781 -4.965442827336391 -5.01666630120144 -5.007283820239759 -4.941004630744834 -4.823766231906517 -4.655525049072925 -4.4329420635791354 -4.1442648299204725 -3.761438493886892 -3.2828294911594007 -2.723750893875833 -2.1193676755616027 -1.5368402454463796 -1.0142621038695552 -0.5718806887871337 -0.2198537142299126 0.045759715627970564 0.23118607586743742 0.3449782849068441 0.4052214800516719 0.3584063167682959 -0.14597020512924205 -0.4010997469706607 -0.5120679378636134 -0.6948335617377954 -0.9140242895054006 -1.1712315990570716 -1.4584667341363946 -1.7737428540217195 -2.1093382351931416 -2.4545510762262217 -2.795007024573524 -3.1100905858568653 -3.3859372230019926 -3.6130197077623265 -3.784550799455689 -3.8973198794344523 -3.949206016338794 -3.93951858721576 -3.8699196545317758 -3.7450648222725116 -3.56867952082764 -3.3444721850820582 -3.075587153741962 -2.7630234337798787 -2.413685823357842 -2.0383800234231537 -1.6534545243196084 -1.2843087854013424 -0.9470469210557487 -0.65177354059341 -0.4053430378311396 -0.21049846587911758 -0.06731097302154514 0.028657489645968287 0.08021560343794987 0.10932498585148051)
(UseCyclicTransform "false")
(UseDirectionCosines "true")
