(BSplineTransformSplineOrder 3)
(CompressResultImage "false")
(DefaultPixelValue 0)
(Direction 1 0 0 1)
(FinalBSplineInterpolationOrder 3)
(FixedImageDimension 2)
(FixedInternalImagePixelType "float")
(GridDirection 1 0 0 1)
(GridIndex 0 0)
(GridOrigin -89.94104430015545 -95.83691113115506)
(GridSize 35 27)
(GridSpacing 80.13123831624983 80.23549774979293)
(HowToCombineTransforms "Compose")
(Index 0 0)
(InitialTransformParameterFileName "")
(MovingImageDimension 2)
(MovingInternalImagePixelType "float")
(NumberOfParameters 1890)
(Origin 0 0)
(ResampleInterpolator "FinalBSplineInterpolator")
(Resampler "DefaultResampler")
(ResultImageFormat "tif")
(ResultImagePixelType "unsigned short")
(Size 2544 1900)
(Spacing 1 1)
(Transform "RecursiveBSplineTransform")
(TransformParameters 5.064106259667498 6.175552907002072 6.257413990089841 6.182088686964299 5.959562018507664 5.632036487220546 5.179793754619815 4.626982702702533 3.9932800900657974 3.2932929599292606 2.5413693118642344 1.7127107113638682 0.7824717285851082 -0.33311831588490787 -1.7178263939833962 -3.347940096698884 -5.199792282953716 -7.284935089560362 -9.614593800264926 -12.088217438911952 -14.604529984785483 -17.012270824133036 -19.160482553459563 -20.9708416763918 -22.363814361865895 -23.152242547444928 -23.14748152998365 -22.434406404142763 -21.09632803737137 -19.36537841099682 -17.45781160868637 -15.558667031559851 -13.59803718267358 -11.862105798266871 -7.087011920709559 6.157164639545945 7.397222894581116 7.490742663166656 7.354651714988598 6.943779945513579 6.395381571252076 5.77739039531691 5.105529705733323 4.391258136910586 3.687261949974946 3.0456455306462784 2.356056154070361 1.5072264338320163 0.4793138725851039 -0.7608324847677888 -2.358169202101997 -4.446476928157398 -7.006677021990668 -9.828122606794444 -13.153152319744878 -16.649289118666115 -19.897649763154252 -22.868865155588995 -25.4978451371527 -27.689015687219 -29.22989165854998 -30.134058090563993 -28.8234338592126 -26.72761882657214 -24.439950821474287 -22.1113913079978 -19.881136558815793 -17.56403569720223 -15.48590046539909 -9.551721817533185 6.142908287792188 7.400475055977156 7.578077240414452 7.478021199474023 6.892444592346129 6.192743705103661 5.4839667682895055 4.864868759739457 4.270275139624114 3.918187944429925 3.2614984984818896 2.4595944231927573 1.610499940742341 0.8063623366326782 -0.07742539813831947 -0.8952216631904737 -2.453298320825164 -5.281342875808338 -8.081422010427193 -11.74053449844715 -15.853506354302176 -19.459428774492626 -22.752571813320227 -25.642024514590535 -28.163140710130534 -30.369049335762323 -33.72330042736015 -30.41780321191007 -27.03361726053567 -24.620298596396957 -22.359093835691954 -20.24015082841967 -17.993140704765587 -15.955522313619637 -10.001823944001904 5.921737423680503 7.1599556804103965 7.526908367969892 7.6676956138115475 6.208126737379018 5.8426274353328775 4.815323698023308 4.41293706126549 4.839225886263856 5.3321815255350415 3.9427251627616955 2.493887353390862 1.8251793837594692 2.0423089839589714 0.18810013575299023 0.6058955553453509 -0.9393635747099748 -4.841780436755414 -7.2120452719182975 -10.420024812250015 -14.014230656130305 -18.184111477669433 -21.704029797379484 -24.767974475818125 -27.89994975540704 -29.992397965028665 -30.706607380315305 -28.82661979408155 -26.239884650799905 -23.818713199830395 -21.827339994116823 -20.03799747913735 -17.973496135317376 -16.063004980242404 -10.286401446601811 5.5352957938959335 6.692426946921137 7.385020081820249 8.249676960439423 5.606998420781365 5.1225878781669545 4.0904861496387 3.751241560727689 3.908728736353903 4.155845025355102 3.5526104120566337 2.7142580011703568 2.047606250347727 2.2922943130755136 -0.864069317068803 -0.7773736491472663 -0.690361225478133 -5.518793000879143 -5.299792544315256 -8.768530040657472 -11.786682040706271 -15.82050458224822 -19.3649481838933 -22.477943790112985 -26.074343639159594 -28.649010245610878 -28.1543515277225 -26.690846294824084 -24.52417524319743 -22.68257576158052 -20.951282621555034 -19.33974882006479 -17.528793508526736 -15.81031509757676 -10.372299003048154 5.0682103416199995 6.111085269038574 6.919629607590253 8.233910263413804 6.618652021826736 3.875646335640303 2.9365553886189977 3.0034357211829006 2.553635113486664 2.51973743642307 2.9112316544698973 3.344673199133425 2.683688328644337 1.6621358428742274 0.5491662992211064 -0.7386053184926844 -1.8778300814295856 -3.53968230011873 -2.4971608711042617 -5.609037163104056 -9.22405803928915 -12.772919636031611 -16.2572372599303 -19.10000753367923 -23.58311530017685 -24.657509442605466 -24.947472886241982 -23.368295826752945 -22.15617162502386 -21.03468584489317 -19.72402616823461 -18.40175458207269 -16.87694231790067 -15.374361952968579 -10.352770569098544 4.54346312859376 5.460834501140676 6.329155853154653 6.978099378197022 4.900932564803778 1.678130432308626 1.0360604272274998 1.6451996497151016 1.655586491941708 2.5718055769375594 3.44444861614793 4.364458844533324 3.256566237582101 2.61790904716234 2.5993388180586106 -1.5431212269179788 -4.701496892005422 -5.460663627741733 -1.7085583932767714 -2.8764352683833305 -6.7114267085047175 -9.833459125934173 -11.700082349155963 -13.386342151688108 -16.854481842572678 -19.894019864887124 -21.416533735866683 -20.640227582840858 -19.68787161934808 -19.17580286878441 -18.243546785611482 -17.253702563951023 -16.015361539459082 -14.730960130386963 -10.185922980766769 4.042895052816389 4.8202535045198704 5.887952860632904 6.342181724955816 2.4098280946896034 -0.8694182050713635 -1.2285464003751925 0.008952852531863835 0.2878748148485282 1.9613448705718528 3.596482151959766 6.561639834749252 6.102433730381701 3.19748011889409 2.5849132521363773 -0.3269934249416166 -1.8209709282016873 -2.8178729390971764 -2.815263452606428 -3.3182917066770004 -5.545951701047451 -7.271167752203498 -4.49040551218672 -11.412617330900455 -14.599766485943166 -16.33809559706536 -16.160384601306284 -16.745559899326132 -17.067008585104084 -17.116348296447732 -16.631808066832246 -15.963228481994516 -14.997528230579265 -13.9184469691221 -9.881676494596547 3.643986886125089 4.2627100730628715 5.513196950845128 8.534992956081663 3.642969146514137 -3.2641134477778757 -2.2488368464188935 -0.8294224334439317 -2.5957413100915296 -2.3155935756647326 0.5672864755035896 3.96859093911126 2.007839718038253 1.0821716038639217 2.4009628138950605 1.6017661254018731 1.2274853164387565 -0.6505822326916886 -2.5178895109300647 -2.8630609525233046 -3.0007152047054375 -3.076347646242985 -0.4519870316227775 -8.171462198849497 -11.494489583947827 -13.541683570003821 -13.67453842014292 -13.101529491241953 -13.611740616653494 -15.030370175410955 -15.061289858434304 -14.576222286982157 -13.860935004955287 -12.960695251188083 -9.440494584731999 3.3921196438124976 3.7658023111318477 4.850749740762148 7.441295129058841 3.08136931884515 -3.1177532233840393 -2.693203184582271 -1.327606306654196 -6.40985922473225 -6.474331281449089 -2.2472524761565804 0.07860980027895774 -2.4704215805250573 -1.332640443263574 1.6153644327202328 2.552206550240203 2.542722722006359 0.6794409917296987 -0.7229950692888704 -1.4481712678223393 -0.7253987249658878 0.7894423076886709 2.769645041472722 -3.239789932057412 -6.9724545884627585 -8.383513582237958 -10.153151296324703 -10.721009415204723 -10.774213238786945 -12.7568630102463 -13.790414511581714 -13.280645749552878 -12.66406359477055 -11.863002890533139 -8.834845748548851 3.3323046896915596 3.309077565278066 3.785081755636109 3.641430667231955 1.0874869221718513 -0.025203522131033898 -1.7396191616384957 0.6037689434779243 -2.9648031244930446 -4.57521027902868 -2.1417371205204807 -0.9252488630649691 -1.4574852529290776 -1.2810998053573281 0.06196743130982906 0.6829773571311216 -1.1895057071853514 -0.7706335844819951 0.9633176200941769 -1.8740043896143312 -1.9094742589842728 -0.5200977390431099 -1.9218473848302584 -2.001777779831625 -2.67470858766363 -4.1878844689764065 -7.2195252231419 -9.531708368410479 -10.71868142623098 -10.27871167145552 -13.377209311389125 -12.429576583614324 -11.46438491203015 -10.629311133666505 -8.03644279181581 3.4392044075462387 3.0875585902617964 3.000835613954864 2.3161602992155674 0.49066551529381747 -0.8978785062134255 -3.119521782483955 -0.8989696273810104 -1.0222396429083958 0.3016554208681662 1.886645441052707 -1.7714023938166803 -2.1966958873586795 -1.2527249965988116 -0.2587747945491799 -0.6022355233419023 -2.969530098173656 -1.4351577809789142 1.7469498361354998 -0.8348358567133773 0.4936168649083638 0.6626883961955473 -2.222109017177823 -3.2553585405774634 -2.292581502136424 -1.4448788784138578 -4.526772750777355 -8.540802573503564 -10.563658296590544 -11.903705490355836 -13.597404586790262 -11.294406759435576 -10.095656532821529 -9.25368261829052 -7.107135901258693 3.6872794710357284 3.2914792045257197 2.942594744127341 2.1809506965707306 0.8226540930160217 -0.8269210267787541 -1.7096331379576735 1.0051876662094337 0.22099032099449858 5.021378521949901 3.827938713275924 -1.4578915359520297 -2.9073540003003386 -3.705228016455655 -3.8212857405970877 -2.3681638161600223 -2.6932025344727735 -1.943570208058435 0.031913234775408694 2.0412935891613664 1.0244330779924775 -0.5476475308490609 -1.3235044934024605 -3.879116526937282 -2.3698069472278807 -0.526959613246788 -0.8567838666556226 -4.296877203028058 -7.721046079840655 -11.717910443503337 -11.43636517891937 -9.332369054107454 -8.390876615137747 -7.730002004809027 -6.108947898555387 4.0137666552265125 3.729865928921247 3.289125526367979 2.552035372742762 1.5568029218338295 0.540893410435124 -0.6261830981687203 -0.6923831277579815 -1.4671842401605812 0.5505649954919573 0.5193932542085488 0.722709998099898 -1.9706659326954876 -4.672032499570788 -5.948358711266284 -0.7291598981050523 -1.3790133892274012 -3.1926006588492997 -1.738374016125965 -0.9282805491539214 -1.3048199530869915 -0.8536490814338343 0.18826695049734832 -2.204363672516143 -0.7248183149559041 0.3357316594770035 0.8022448471245288 -1.513939532156146 -4.058815479369061 -8.31039086232305 -7.4310831246795725 -6.726170973126502 -6.464649546611609 -6.135651054361856 -5.086811731644003 4.355844871222343 4.21271522601703 3.739494162947316 3.0265735723106286 2.2288729928427333 1.5477951317402854 2.847290880982516 1.0490817874430765 -0.3497133431825845 0.0017294206548874938 -2.1676781925772057 2.5159829115072183 -0.07183892878908878 -4.709535123515047 -4.394424234720103 -1.0382204821132641 -2.6465500219164486 -1.4933466240874054 -2.366217107046775 -2.5977770405862337 -1.5577706540866618 -1.8313503299358742 -2.662382580854251 -0.5949648364219691 1.034312453608594 -0.23217347329736823 2.216534819894648 -2.2823130087650236 -1.7948430888452631 -3.3391370928990973 -3.827362504185379 -4.0410457264635085 -4.433763026376381 -4.547536592662623 -4.08553482423076 4.671812857676298 4.663785427875482 4.169241819377247 3.3273718434823465 2.239879803660265 0.7100561445271149 2.3438641304789725 0.16618549641641434 -3.0199720168818818 -2.548961653331307 -0.8484175051339194 0.608946502278899 -2.1829792927157348 -5.1657015839502 -2.8297982832380493 -1.6878490808509572 -1.6010388702327158 -0.6400266038902102 -2.0126869291821685 -1.9590168361207558 -1.6871325222672215 -1.4545545261229953 -2.1831736771379298 -1.6072846255485431 -0.21646579182853906 -0.7781685088739371 5.256778136084334 1.981966658844731 0.2930501227948032 0.29166853917008834 -0.37278926591514644 -1.8229587347365064 -2.6840543737666698 -3.125580276131301 -3.1385895835390083 4.919937217392715 5.006918848708099 4.455365529936116 3.1948533974286266 1.0401320039853952 -1.3094529923831881 -1.3340688167354624 2.8500091400903513 0.47481967036716327 -2.003209940390212 -1.1989065102956198 -2.101177865291902 -2.538030099092862 -2.454625679149431 -1.8861222897601941 -1.2222763555505676 -1.2902663829797874 -0.8690885069049792 -1.3026155032664022 -1.8602015421269043 -2.016508940315041 -2.2803821302316676 -0.996983472629124 -0.30988260595549894 1.7075037924143186 -0.4082569288717188 1.3432997853272053 1.1284860332531823 -0.015410378464978346 0.49885577798284725 0.2544022152506688 -0.8511244169326417 -1.5951041111191835 -2.0296812941840887 -2.279510797612668 5.053417245456247 5.216763899881109 4.626212455993691 3.0124860386586625 -0.07499516933061555 -2.826544961586923 -1.2917654785458594 2.6141073933618073 1.0183175669081308 0.04982310464988993 -2.196059233148293 -2.9938050638145404 -3.543043205183065 -1.5979664041494535 -0.9719719612564993 -0.8371230715244052 -1.3307558344980484 -0.1287656241044904 -0.31252540560011255 -1.5165535937615517 -2.3213788677905494 -2.827028388578697 -2.0779974323380683 0.26698160487683986 0.5394069071138513 -1.6144870104577838 -0.28934260352748825 -0.7676888586065579 -3.1365128187029883 -1.558104848039255 -1.8241611131122801 -1.098836999418208 -1.058383623897029 -1.2730256351924223 -1.5684389413919289 5.025405048583174 5.268027463947704 4.7108019098803355 3.164330894486173 0.17293442779141271 -3.0489778485317958 -2.7945052142147 0.40978583808264335 -0.30863772746195967 -2.1082145318175676 -6.5237466788502 -5.346302587595673 -3.9897152967040403 0.08842056218898552 1.2523773159497198 -0.06632668363329478 -1.782199212589583 -1.9757264323813593 -1.8504841330198918 -1.5881989675597972 -0.7004791834484265 -1.2618237801141907 -2.397171632917841 -1.8491025360850826 -1.5071580169877112 -3.529515897409656 -4.276025526479712 -2.928006661711254 -4.114320506630412 -1.5399025476970476 -3.466344554844706 -1.7161577555383578 -0.9594397665696046 -0.8685967322633479 -1.0655225302903613 4.868239694438127 5.182741334519865 4.699316234220315 3.457594583195733 1.2126043540375508 -0.6561504564035294 1.4817578839668395 0.19058533353967222 -3.496133322900305 -4.9313334027371445 -4.849480952998974 -3.4341514525617236 -2.0063098797652383 0.8284166096567348 0.7496646034990083 -1.126083496759142 -1.7224889168262008 -2.5833093713942032 -2.3548785848718112 -1.4698815064573303 -0.7812724291459576 -1.326139425444394 -0.3897363393240755 -1.742906719641914 -1.8417178103851342 -2.6058770257956816 -2.9670446472318313 -1.0154030762185533 -0.6472509925251515 -3.018432527148519 -2.4732981074943527 -1.015030045027274 -0.9945430689761469 -0.6837342769960283 -0.7502909443932712 4.6140286910125425 4.983578964231686 4.581932505814122 3.694179209629134 2.284001898709451 1.1224142483563522 5.342600471844133 6.989636921465492 -0.1104658698807128 -1.432049491441412 -0.4437642758837752 -0.4748820065613119 -1.3969318418728427 -1.0867489981282372 -1.1950142015303569 -1.9054103502578619 -0.3342648973045192 -0.17511172435808187 -0.0133416663935412 0.8109625985335345 1.1142164773826866 0.5503550994976567 0.24503635562610326 -0.6000336082512654 -1.7193883319296546 -1.6274261593668016 -1.191017519149168 -0.7389215945666013 0.3372986428455764 -1.610900812232336 -1.9558208064255616 -1.312499279365322 -0.8958996595998324 -0.5857607540471125 -0.602253804198712 4.284021039229512 4.688417182783464 4.362940239719632 3.7667624350713433 3.0070058407765927 2.2262824339771683 3.1357484019568083 5.23660337795797 2.4320333052313328 2.1804925916646964 1.0546610797059432 -0.24197055696071118 -1.331004784163171 -1.3225453547189907 0.9066481651191689 0.5757592586682574 0.5632035518294412 2.9726392446973513 3.501938593316525 1.9790909072353684 3.013772471223327 2.325264884450609 0.32086975353459485 -0.2211618041891555 -0.8736872383791308 -0.5234000990210596 -0.41580076278968514 -0.9407343880790806 -0.8762485920558579 0.8981788272971183 -0.3762560349063716 -1.1458210254173917 -0.7809609918643127 -0.5911689890729078 -0.5737811796139889 3.8953236641233255 4.310689348108892 4.042625114854351 3.569510883504082 3.011878656203507 2.4871046637184713 1.5074720632942114 0.8283021043467534 4.0306444680932865 2.2524879429064413 -0.41030646958755224 -0.8314772187326267 -1.3987054722206926 -0.7727705989375548 0.2962768141850972 0.8328917128809991 2.4621248197895444 3.8314826981345957 3.5313447131262556 2.6710800395920544 2.896761234168177 1.5112253163246763 0.02971992919024703 -0.2523289513034248 -0.5955993112369322 -0.5687207370160058 -0.6738315671251945 -0.7730876962012694 -0.6982587003895049 -0.44628819308839196 -0.7513471098331019 -0.9287749843952906 -0.8301202180281273 -0.716153860820867 -0.6167569467452645 3.495280298807149 3.906955515974422 3.683991986348827 3.2563014895498643 2.7038216867094262 2.13078131451186 0.8097538219761472 -0.8750495669398636 1.9599087939333875 0.9844407850867655 -1.2790150246412364 -0.9055374825352244 -0.9686245801221784 0.03492469116710085 1.2408066528792767 2.6710490717703466 3.881991274195867 4.1756100022190905 3.9726435757765737 3.554532341751509 2.8095588525309334 1.8504913829981031 0.9388793985436383 0.17415679264715683 -0.4542970938706839 -0.8924136305299581 -1.111290806328046 -1.162337241534562 -1.1036464237371217 -1.0350709401564733 -1.0548301823532653 -1.0788107493265038 -1.0110032390958807 -0.9162684259723761 -0.7018125904971853 3.0735562755272716 3.4694985866575743 3.289763593731648 2.928964627177295 2.4504681383389864 1.9367689070920664 1.3067534576452156 0.5857710844190754 0.6428358049750655 0.45077525492031517 0.08381031051632394 0.16699818377851167 0.672273669699304 1.543671972693033 2.539211045968468 3.5007795553823784 4.279620290628517 4.68221790210143 4.530296825397801 3.96028631206361 3.106618575172745 2.119087466832882 1.1501854405630108 0.25006562850248787 -0.5327582625776605 -1.1315862222216542 -1.4797131732897182 -1.626508433970686 -1.6214060496478129 -1.5443287663759087 -1.4733973835149965 -1.39314685907784 -1.2693702053581484 -1.1423586996632236 -0.7928082463188547 2.6933457767306432 3.065320486916043 2.920364786224098 2.6247617372621916 2.236888576962427 1.8241207097512797 1.4307025888480567 1.1042600421944393 0.8922918637220474 0.8290772187630578 0.9515197130318009 1.3024268774453613 1.9243202077605508 2.6954800096760856 3.494361225578907 4.2111804752357695 4.735871201849792 4.937192526115645 4.684358492838406 4.082342796322155 3.235261305880347 2.249308806201305 1.2306336503261133 0.2504803610322517 -0.6199547862794349 -1.303434555642216 -1.7231140601177646 -1.929695228306889 -1.973701085669699 -1.9111648304590412 -1.7963866587627206 -1.6510393759026192 -1.4726008789585736 -1.303615259136555 -0.8494969499117644 1.6141227824473765 1.8679090489632642 1.795677557356838 1.6451731801841456 1.4570593948057962 1.2744335789526933 1.12548838298518 1.0522562483107651 1.0958462383630843 1.2918998650033615 1.6758925338652393 2.193906562068209 2.7920856734601176 3.4078761049087345 3.978751748223048 4.434144345959264 4.703477105216563 4.711109917531409 4.3814101641138885 3.787453257309416 3.002384748636308 2.096779581645598 1.1411570825399115 0.20834441786816996 -0.6288090460589434 -1.2979090750746516 -1.7265545466803787 -1.9564626732349208 -2.0292673572370785 -1.980061879014819 -1.8419867962809824 -1.6578185093972277 -1.443274947628867 -1.2461547412758576 -0.7372823985486711 1.1179215882331255 1.2287262325753594 1.1624248917795599 1.0446639795214365 0.9067659273952283 0.7880089949714291 0.7209148150808539 0.7361670906783474 0.8639326652440424 1.153185718979986 1.6528831912358508 2.332377249216054 3.1609426951049313 4.115725456397062 5.173868223116798 6.203384673454898 7.072329397059756 7.676716458420511 7.912398338337235 7.889542512004888 7.718535462972594 7.411964118665642 6.9826257173716995 6.458372277293043 5.866544417112127 5.270980611379277 4.735752246255562 4.266601035085676 3.8682028376794158 3.5063055076463034 3.1431163047775112 2.8060631557137192 2.478655467349061 2.193918717413496 1.37317107108108 1.4888863772532235 1.7521254887308657 1.7486496075194362 1.697829508956852 1.6119047543374194 1.498705961268961 1.3514197646699362 1.2176009668984997 1.1439204736305724 1.2216122088371368 1.539805778138165 2.055662192605388 2.7263076235454013 3.7117765182629885 5.168753649946169 6.6956438154598805 7.921148226950787 8.630805058882702 8.801767110120954 8.58003630710687 8.274155433553828 7.946775012514689 7.445995211094931 6.878641615893045 6.275765546503842 5.648029081978036 4.910299704138992 4.817438412557593 4.682835027630397 4.436769452732206 4.134229633725019 3.8384600834463285 3.5332006807556833 3.2402389241290424 2.21336765848423 1.5238506378263315 1.85829608639141 1.927973199685064 1.992153666855319 1.9615013509497272 1.9128780005966233 1.7919835271198148 1.4502089432197447 1.1945942728778782 1.0172647983117002 1.1922842973299483 1.5162645203352516 1.8406648763855906 2.7252997011319873 4.729377165896873 6.1480186963119445 7.503359693566162 8.158437906902565 8.133514917440253 7.7932916141600135 7.397343375085308 7.229723041679316 6.682032425618837 6.148016297555138 5.7858945861841695 5.000411690186776 3.3175581620339623 4.291435536020991 4.768330510658811 4.6927522152243215 4.3555975980586155 4.051426937271098 3.7955961657618746 3.538312918259584 2.5034952110912356 1.5044003432052193 1.8701749690886675 2.0477968781333025 2.7337692769113198 1.8081217352850927 0.8955012051105721 2.7614980678647734 1.9924796585423765 1.0490122422538997 0.47300072770769924 0.6677290337354529 0.9029745533298031 0.49057643964327746 0.8616080986900975 4.1469057111950915 6.372396074339747 7.474547731969758 8.381934145166332 7.04848662038722 6.35027935992005 5.8783329465787215 5.984240930696933 5.536075071582549 4.879917534780524 5.017892519328828 4.518123445599021 4.410057458963953 5.001996255040974 4.845418742035127 4.942051883450696 4.634418025537857 4.2216007681724514 4.033399864903472 3.828650389948429 2.813232581103232 1.4251370185944339 1.711924623430701 1.7460401995126922 2.4959838175902824 0.973991213360371 -0.5799854407929432 2.9673616147083846 2.432826584411917 0.8548671648460253 0.20005137632255135 1.0037858229986563 1.0273098770249312 -0.33054792334682925 -1.667584174922424 1.6377442807017015 5.655926855858684 1.6090274713140973 5.751922415957712 5.683054723734258 5.948048223525243 5.103712165243929 4.594301508258753 4.1241244994397475 3.5091920707794055 3.4600810676759073 3.231334038534928 4.431314423507366 5.238570842423727 4.563106302205467 4.593235386057667 4.490326458672453 4.319855603108198 4.216383421323516 4.0645610630708955 3.08591554494916 1.3041836316320992 1.3911296466095908 1.0531603336092605 0.6575078211898711 0.5515331706558719 2.186294948909388 2.8173706270023477 1.8127128653003843 1.0586640870077206 0.6778918975315017 1.2486088525878563 1.078517400110683 -0.47126617501738444 -1.555974148739948 -0.9165816158690631 2.6333242797988823 3.6957853378947663 4.219083648902526 3.0342125864977163 4.68719037397981 4.308681862832282 4.039578062172565 3.0986137703192447 1.8538159794704787 2.54091157416687 1.3720336216071969 2.29100904889147 3.4693321612131256 3.8535731015191494 4.18044658975689 4.287223074618609 4.365481953486065 4.355963738175608 4.257900071723502 3.3220512957262454 1.1389873914673057 0.8865476900733447 0.05698305976934426 -0.5691658961889662 0.8285172560455969 0.9065115294452706 0.7953090475217387 1.1953022238811422 0.767206138942189 0.41918441770495946 0.16549003803277937 0.1520874848020024 -1.0440367813518556 -2.4308783650663104 -1.2009482432279068 1.1999795976841188 5.027156532664748 4.060528386496953 2.8419931927440287 4.072062051475331 4.001287359397671 3.9280777453513904 3.455778788527869 2.4618312409467547 4.353934735292069 1.4378972301841004 0.809853766654591 1.868917998610693 2.728517784100664 3.753707555824597 4.119366736955762 4.3170810278214065 4.40561832973076 4.3637205910430374 3.4771744937254425 0.9310541506720521 0.36371868031126847 -0.8722040123699769 -1.5234932403614574 -1.4342736683951436 -2.0194776373021086 0.6908992685854892 1.129601299367794 0.39965539067408073 0.04382394024210689 -0.41991686877501616 0.6298640180871261 -0.4555175653352098 -1.9729110771622238 -1.005928877446822 0.9767838629531391 3.608637058005909 4.190036300217472 3.0828508544174853 2.7557698848214005 3.5022938360626683 4.032945409869294 3.9781244563911606 1.2811253416277202 0.7798910959376386 1.9487350075030396 0.3239919638175843 1.2700041446202208 2.2500256010756443 3.375557217813117 3.809523296858366 4.119381192493069 4.3017811057099085 4.3279227780976965 3.515189519297351 0.680463425874825 -0.013875773127050798 -1.3605918231738878 -2.0645360713781775 -1.5980963948243798 0.924008491877243 1.783982507174249 1.395299466751502 0.569956135324219 -0.08043629883487415 -0.03478294937510342 1.323202414898225 1.8651199786091353 -1.3416027423407855 -2.6391451100230117 -0.16242672758624863 1.8368111719346738 2.824437388885249 1.9806369816347216 1.6092864815149623 2.5527748661044116 3.3711848884983673 1.471230302692561 -1.067840224140489 -0.6908027868498586 -3.7603249314855463 -3.203380075417694 1.9085582131843422 3.250860670927962 3.392334772236328 3.28680233405148 3.7190345737358657 3.9764536117710505 4.09240800557288 3.39684410543245 0.39655427398032905 -0.2781227880656766 -1.5065803283127153 -2.784359934879017 -2.1892031709017874 2.5701382965356037 4.624982899778953 2.4772606958009256 0.954343979516285 1.138098002516325 1.9774536851107118 2.5284001656109503 3.459664360201798 -0.8252942888936186 -2.8673852201373315 1.0661814709557957 1.7211984587329439 1.3967331593361783 0.8423611887496129 0.9660526132145055 1.542431825288549 0.9479993910950292 0.8840674137978407 -0.7838123245844231 -0.1986765139094445 -1.9015279621120256 -0.4828080827441808 2.3389212948516422 3.253820354243903 1.9854276555941344 1.642002905719143 3.160924976128007 3.501445985658107 3.6359819680990415 3.06817582838018 0.08858729821437085 -0.46152272492630064 -1.4106112440626086 -2.3490519769479894 -1.7513999300677292 -1.0422088035043016 -0.840402922745405 -0.2837744283851085 -0.951295592413801 0.7877434767461042 4.318247706808629 5.731982664814254 4.338568124980294 1.5949116367531375 0.3897494266352276 0.9060415596292779 1.8058719192191295 1.3343004882034504 -0.3447464907543892 -0.017816922168020714 -1.2582174575941203 -2.6982519899189343 -1.6923292088850255 -2.569865072772818 -1.4646407087642102 -0.7562598061847033 0.23286450632439532 1.6722356932922213 4.065889304940048 1.978378404101745 1.109131990343137 2.678724440826803 2.949677706919256 2.9370334148593322 2.4749709542324383 -0.23982296669619785 -0.6319875066320529 -1.240612706754667 -1.7821812166066981 -1.732377941907877 -1.9921935275167795 -1.89281137857484 -2.2794186618803227 -0.8620529319715002 0.8681653016701093 4.413429384846493 5.378157533843741 5.001504473088303 4.697032759508131 3.8577193921303294 1.480321604684186 -0.4577279296424333 -0.30217513453737793 -3.376703661263652 -0.3742353111071053 -1.3666692502625188 -1.245266614597867 -0.7244874958829615 -1.1641430953575338 -1.4265334191866776 -1.4492055232948404 -0.9697073874531118 0.23474151467741644 4.333849957911179 4.421587270607698 4.483080835002349 2.57940157179082 2.179630962125822 2.0175542704222247 1.6955598688300968 -0.5849592181761387 -0.8555036866327036 -1.166706312611542 -1.4072599094630769 -1.3159840739018094 -0.6218977848449636 0.6162593352205669 -1.2430927082449121 -0.2661645625159433 0.5490345920043502 2.702877510259719 1.8237648886510862 3.2570059367280035 7.5932894345993915 5.574896828834434 3.3796027493335523 2.9473534440307145 0.8320807801309459 -1.306514205643547 -0.991430898425777 -1.9045714190147798 1.5044043340779427 2.6530944834583354 1.7897879359691453 -1.1237869101750182 -3.4787798232251377 -3.450015872918977 -2.209078253957308 0.06989360271179686 0.480906364176421 2.076792487317556 1.4543317206758581 1.046694145741987 0.8992217211618171 0.8083412400157406 -0.927609520191792 -1.1117914171423744 -1.1897534386245299 -1.0692803995033489 -0.5365579929033595 0.0008483099104515953 0.6685826512009769 0.2416019374314879 0.9602307112502164 3.6490780015123065 0.8592205747031997 0.6222937651599494 1.4568684339648719 6.744197983609055 6.935350952564098 3.514621173847999 2.419200660302576 3.5588145805056026 3.664889482306736 1.3862288912305318 -1.22807283917891 -1.1590371650198716 0.26170701492809273 1.7380131051774224 0.42491944605873067 -3.0868666436573626 -3.47572731998115 -3.913907684829347 -3.6541982845207905 -1.6247892482791002 -0.9599619774977931 -0.3138680782901192 -0.21942431116050543 -0.2851102891788085 -0.12972882245705167 -1.2484831109027892 -1.3804327064596655 -1.3153249828394982 -0.9959764078138271 -0.25919485783101154 0.5105920665766485 0.9325496409742431 2.5465586991788625 3.190770653938287 2.9057088109438047 -1.7520959482968985 -0.7361022731426312 3.1091164857946083 -0.32651409572541357 1.4194491285999813 0.9687343489383567 1.2574990172440537 3.5646618836307944 1.6561051441749999 0.7616884424878138 0.2007194222521816 -1.3399120365445523 -2.3365539180816155 -1.2503312068428 -3.2695564568902094 -4.2835739033001 -2.9646495733965295 -2.985863526936717 -4.849070799619479 -4.5894710553530995 -2.8096041422905813 -1.669925936166853 -1.3856475557889922 -1.4026460787158865 -1.0617310429664877 -1.5420966250216117 -1.6504083283012483 -1.4999931079556028 -1.0890626410920754 -0.316673902672475 0.8322187008514916 1.037762863877509 0.7135343194047092 2.981174412523697 3.1246921150988367 0.6482690150592015 0.40573677091259397 3.5947417073731374 2.225546294229216 -0.7357057518957207 -1.5219519623741995 1.7680684767901527 2.5640291643947983 0.3172315418645617 0.5081630677903772 0.7734853025191544 -0.6439661962243002 -1.5800265737723018 -0.5629153724701162 -1.5862728622443227 -2.358222601211406 -2.281384384141401 -2.782843560529456 -4.887322747090528 -3.382451810941566 -3.0730741740905456 -2.4267264007208773 -2.2360551760858396 -2.3680946023697085 -1.9616107887849232 -1.8029194785238085 -1.9103190159802506 -1.6997039995938905 -1.243391833623535 -0.5209534415149745 0.05021782413568026 -0.3311145718736254 0.8152771089452321 1.9030744818347514 4.4930514246191375 4.374395265891933 3.1112056452722925 0.9312319036346292 3.1503974291833527 1.0860084336572253 0.21947703693756057 1.8939655791075036 4.179587307934794 2.2692431379836324 -0.278097099757122 -0.27427102274065635 -0.6131161740639398 -0.8764857263216455 0.3277039081428525 -0.39091060593867916 -1.5724213196397587 -2.5579182699740395 -4.1200166307899995 -5.587223860345359 -2.699939742007294 -2.520715479430436 -2.2748865409633536 -2.5583881799841124 -3.0963678543379096 -2.8032952223535723 -2.023195248396386 -2.174426582292882 -1.9441845943169946 -1.483227715013396 -0.8004609409790527 0.19819174235075798 2.987555297502407 3.35087734432651 1.7300666669096654 -0.8178260947100219 2.9282537326859313 2.775171210832192 -0.9038215840087223 1.9862878574229637 1.7736557418083774 1.5954581518740647 2.4880439298037884 5.178279875093449 2.704043842618328 -0.40597423912013264 -1.3303086518792115 -2.0658735748646575 -1.3225884224225604 -0.6183236959334903 -1.3796337436193178 -0.6103222887292366 -0.023211241046303194 -2.7765555041913585 -5.365199802975736 -4.584456345275863 -1.4241121803941055 -1.4411666897858741 -2.7972247099106853 -3.728241965380603 -3.5389652866736916 -2.195144089742687 -2.4569157019708445 -2.2628944044717194 -1.834923077304976 -1.1313839676033464 0.08131670189922159 2.5305754331566526 2.315979986872386 -0.005318676488220935 -1.3347478989214847 2.831960021157019 0.7969965191670969 -2.174107938120838 1.5994691189279782 1.3803730226012956 2.027958051453502 1.8351645662053577 1.3897617299313236 1.2643674670304876 -0.18634363758749986 0.47403521100153745 -1.3356341411459196 -1.4191574767379873 -0.4660139987202895 -2.6404774944580565 0.2323426208704254 -0.524973550861751 -2.665895505678315 -4.439497792403028 -3.0689684742488965 2.616930306762945 -0.006691668233987804 -3.39630112413903 -4.404338248374928 -4.120746648722765 -2.322678010740483 -2.738686808678595 -2.6195723359654335 -2.273434986461007 -1.5723923490532812 -0.4532235175102121 0.30508214716762566 1.4132949708318099 -0.7890010564914581 -0.1921757641816142 -0.5928093422310492 -0.5237758900474463 -1.8254995216300174 -1.874367145885878 -2.241331006451995 0.08566718427025585 1.0771035690326192 -0.27981721794689096 -0.5619808452700482 -0.8587305246839381 1.1287177099953616 0.3589940759123208 0.7704160246510124 0.794829205041512 -3.142599525375607 -1.9433689853364495 -3.144115595067864 -4.834339359252845 -7.363884172282754 -3.525856503122521 -3.0661275910134345 -3.61180298759909 -4.369153962848383 -5.094250167128276 -4.555000221925274 -2.409559981255019 -3.000612611817204 -2.9781109646075716 -2.7729248416304157 -2.32689911188859 -1.5335209504842544 -1.6785046356351734 -1.7240928340478652 -0.798417153413305 -0.14752074643715982 -0.5080293637954497 0.0591889825305638 -0.29010652289055683 -1.0252202348112849 -3.6263366917451285 -3.4129645394129295 -0.09360951491020891 0.5084958141562078 -1.525195867649437 -1.6385394289022073 -0.3664594818566677 -1.204651726332902 -0.5776484203256953 -0.6424719738584773 -1.8867302016159662 -2.344902803562245 -4.340146919105014 -6.3764750138077755 -11.002208988028201 -8.264705881159072 -6.18010055962629 -5.823118909827741 -5.543032949569069 -5.767251540572173 -4.847725289381037 -2.453548427890417 -3.2146530473033548 -3.291992943374101 -3.2420016543186243 -3.031965964286467 -2.44348906581729 -1.6238803202562662 -2.763823855496409 -0.3794535266719406 -0.9536902453195049 -1.4393060319308308 -0.8015369176609094 0.810579387061206 2.338948723101612 0.07828036245412212 -5.422000494791086 -3.339789393378807 -5.68583244930822 -6.794223365798548 -2.5895157639672424 -2.3082407878222897 -3.985511730947884 -3.5288759583921636 -3.357400924921442 -2.7503830284718918 -3.013369361439509 -4.776024247807415 -6.131655181836529 -7.18825378488862 -6.074640670988211 -6.532411902600583 -6.554257905820022 -6.40334094027609 -6.240815513666258 -5.005843636689244 -2.449969977450559 -3.3496326928001072 -3.511775589490262 -3.5867590789639547 -3.5360439815574134 -3.2581750810601937 -2.502768717816712 -2.0288115826423483 -0.013958943518086372 -0.6780120791378472 -2.8128099736214267 -2.722022012891835 -1.5315208907699647 -0.5047626939348824 -2.947191502610269 -6.555676789169968 -5.421262225001059 -6.9144309287391525 -8.504500493331838 -5.266918767732289 -3.8768098612542303 -3.9851453643529657 -3.81728351653365 -3.406443320057603 -3.0700472404009544 -3.2124013686215385 -3.904999288506216 -4.841310942961728 -5.876799258853656 -6.632814894677126 -6.985012102817106 -6.757546147576676 -6.539323697608978 -6.326261506960804 -5.031465085313081 -2.413853900819753 -3.420156981348656 -3.650264754914051 -3.8238305129826125 -3.896117866917279 -3.7911229420034687 -3.0185668592897654 -1.8167441608281183 -0.429497402354944 -0.2952108191852642 -3.490899500489854 -4.3117276646643425 -3.6675729442075102 -3.565532476550273 -4.777302471945203 -5.989966047977119 -6.362754029061163 -6.3210074741947855 -6.282829528097537 -5.5269560704354035 -4.89233446603952 -4.41399060920284 -4.009551307195664 -3.6727765942230888 -3.430070628827604 -3.3952604428769586 -3.6802149290108273 -4.232766968307955 -4.994691558853439 -5.699426855794389 -6.077517622319192 -6.256949897333166 -6.300720494878953 -6.192143047604284 -4.961400501062028 -2.326300152528624 -3.395430427671917 -3.6734528755032465 -3.9231650240913223 -4.099889702013058 -4.163463454650517 -3.929520854030535 -3.427850377509475 -3.3014269857748175 -3.29744358344854 -4.118043031207695 -4.88494189614227 -4.987849064843636 -5.122525081762048 -5.759155863519396 -6.434578509802055 -6.694904239855477 -6.63954525478807 -6.3718024012999095 -5.945684615909723 -5.421175754955845 -4.880216512455095 -4.405080849271349 -4.017048806892484 -3.7369001197146954 -3.6290782777721127 -3.7575063095633983 -4.087230850574944 -4.582672620620808 -5.110697005262164 -5.534468173603506 -5.847894814242429 -5.981264164733709 -5.9245083722382885 -4.7655503858946755 -2.20146864711673 -3.2839805763017793 -3.5863748766832924 -3.8813480210039004 -4.126634162265743 -4.320887143668618 -4.403463968927173 -4.433629896191515 -4.467709550298846 -4.640171466705993 -5.085112867649847 -5.547396306279753 -5.771711363751298 -5.957033166613231 -6.302497853932795 -6.638505535935297 -6.795239354819357 -6.756809217493566 -6.508311839675284 -6.107894299032402 -5.6130455972938895 -5.088618833161367 -4.599881925782791 -4.186266820511182 -3.88715750364313 -3.754242575496003 -3.8390969802596673 -4.091836025097088 -4.462218503556322 -4.86507391575514 -5.210825502597911 -5.486646216838518 -5.618960101178561 -5.579793954997313 -4.494660739044089 -1.5807445381451677 -2.463223805431807 -2.739190723305987 -3.035588959589482 -3.3182439366947256 -3.607730773835061 -3.8771852011668937 -4.1474110275837806 -4.435940032827804 -4.7363868522052055 -5.042145062581321 -5.338304192511336 -5.609879881484967 -5.844247035799132 -6.028837720956621 -6.154115551757933 -6.210536721019139 -6.149404764182263 -5.922027394835962 -5.5730749849920285 -5.147309599478225 -4.687455038786608 -4.236190274376084 -3.8315927001068704 -3.5118124171823117 -3.311695734261632 -3.2660441207656743 -3.3372048274762345 -3.4873561950132808 -3.6757171568784313 -3.8582745076395124 -4.0193713490383125 -4.098678442271621 -4.065638275539491 -3.2674674236611794)
(UseCyclicTransform "false")
(UseDirectionCosines "true")
