(BSplineTransformSplineOrder 3)
(CompressResultImage "false")
(DefaultPixelValue 0)
(Direction 1 0 0 1)
(FinalBSplineInterpolationOrder 3)
(FixedImageDimension 2)
(FixedInternalImagePixelType "float")
(GridDirection 1 0 0 1)
(GridIndex 0 0)
(GridOrigin -98.4987729120668 -104.76987394077861)
(GridSize 39 26)
(GridSpacing 80.01771257943412 80.0439361911961)
(HowToCombineTransforms "Compose")
(Index 0 0)
(InitialTransformParameterFileName "")
(MovingImageDimension 2)
(MovingInternalImagePixelType "float")
(NumberOfParameters 2028)
(Origin 0 0)
(ResampleInterpolator "FinalBSplineInterpolator")
(Resampler "DefaultResampler")
(ResultImageFormat "tif")
(ResultImagePixelType "unsigned short")
(Size 2842 1805)
(Spacing 1 1)
(Transform "RecursiveBSplineTransform")
(TransformParameters -0.8953474790007908 -1.9012623473381902 -2.2704094701414954 -2.6998583539070404 -3.1391735093210844 -3.6068647231339876 -4.067824091026217 -4.589719384484594 -5.2363378705466355 -6.063079397439282 -7.124935881081285 -8.235049781031822 -9.206607869663026 -9.88359785415699 -10.109342268942113 -9.91744024917753 -9.34187813219894 -8.387486781983982 -7.058818798693382 -5.552466479122711 -4.06510384247632 -2.790774099293501 -1.9235378533701901 -1.3640481629769523 -1.012952209147212 -0.7873479924222022 -0.6043937107593389 -0.42793647639068433 -0.22175335910941388 0.08454802536618573 0.5612949171305712 1.1134532611717307 1.6458270619699709 2.0685687120299567 2.2892219235543547 2.364320788422684 2.3144363176473455 2.1875186453675273 1.5304743370607419 -1.414128952837792 -2.8073469851711144 -3.26729936066948 -3.7898292439647223 -4.329828215757719 -4.932868318308673 -5.569751250131789 -6.323030215524144 -7.270071866846652 -8.448005500494657 -9.893760628856144 -11.553448689385108 -13.371666537812443 -14.811413781763415 -15.336868971948029 -15.027479167346122 -13.963397715777731 -12.325684118109505 -10.295877173305179 -8.103789713910173 -5.979343353248369 -4.146610486195863 -2.829536267876548 -1.9652780440961202 -1.4912952494395018 -1.2285648914697953 -0.9982095801538231 -0.6689002727852594 -0.10959440276212233 0.5532063315914322 1.1934312411894967 1.8226374517558879 2.4520252035712713 2.992772223916028 3.352255454427807 3.545885653900295 3.535899447098592 3.3862251264473118 2.4194547200784258 -1.5527057601509107 -2.9814748877778166 -3.417848465918098 -3.9078715939804916 -4.426133536663449 -5.037305951704234 -5.729423484899419 -6.560919486714689 -7.5841144588647715 -8.777602720599335 -10.125162717425239 -11.844373422354304 -14.044673313125399 -15.888101949152514 -16.506728270140297 -16.096982895596494 -14.715107246146616 -12.729351918322743 -10.546956800513192 -8.288691049574947 -6.21652413367149 -4.408557419995587 -2.928389112467317 -1.8687300233558806 -1.3098857562770012 -1.0144104592468752 -0.7453857591844655 -0.27679100120783806 0.5843164942233079 1.4895953003952112 2.051688774158306 2.4618665282125964 2.879725320328557 3.2775037785363907 3.612019595118195 3.8393492919321 3.8554983835056604 3.7161831033411006 2.682676038172907 -1.7438164333571764 -3.210280291501442 -3.6075457299618288 -4.052167825658136 -4.555050262492931 -5.210953642752506 -6.036462470431643 -7.036942321274212 -8.209410363388118 -9.432453307444389 -10.741026648027198 -13.462162190539951 -15.456021179714897 -17.3512671451761 -18.102465904265983 -17.610701002276283 -15.69375822818023 -12.884645890150486 -10.539628057056113 -7.994606477360702 -6.184661186788508 -4.781875009613555 -3.1534725535722585 -1.7841203057366009 -1.0803190452857965 -0.7108471008022571 -0.6371948241452088 0.5096684172244939 1.362681152279919 1.5659164624656867 2.044497439515444 2.94610849429704 3.359462793444419 3.640402608039386 3.9053759337019684 4.13646434938683 4.187985752098048 4.086716231367572 3.032217314515325 -1.8962846019731383 -3.3338813910506513 -3.659058825884376 -4.025778728480356 -4.496852028134761 -5.223260790039088 -6.280135333784199 -7.5736929873798635 -9.002012876714227 -10.277140027413944 -11.249181657627348 -13.432302990076185 -15.002593283125504 -17.430403816360958 -20.406279718045447 -18.912904149414953 -15.455167422269755 -11.549751217787685 -9.303864331803755 -7.139614475118131 -6.786764131070112 -5.823507790079522 -3.4114547264236696 -2.189344080046715 -1.1078359856555442 0.8478999946073706 -0.6310215939288883 1.9261627175158105 2.4730050457356723 1.8065886277348981 2.3730349255191863 3.0913930482651373 3.588948306997503 3.784912173978215 4.033240736397836 4.251621750023814 4.344567832357855 4.3013991993309215 3.3172144189573007 -1.9992856568488422 -3.3244083763953625 -3.531538801179798 -3.766395247461799 -4.159405636282329 -4.993535700042304 -6.477931567815119 -8.339902014830892 -10.3602291511679 -11.881425762758436 -12.136793234088394 -12.16776980425157 -12.798808341519546 -14.216963576949787 -15.683627479403007 -12.66855080588767 -10.979687014464291 -9.415297083859853 -8.249313826575321 -7.660999568633331 -7.511988242469289 -5.699620739995083 -3.764986380304491 -2.1326175348735483 -0.10792638093837673 1.303431116444444 -0.397508056478474 1.7483608796114745 1.7672870652580182 3.5232465172677774 3.961059794455401 3.168267974728115 3.507317122372183 3.7216243443113717 4.475609648061277 4.688814967307477 4.389635752337941 4.4508720995962365 3.5537073807714297 -2.051258259244457 -3.196151413895509 -3.250336830273373 -3.3001904728368983 -3.5427807485853378 -4.495820615257919 -6.624908072074891 -9.26196261754469 -12.063025724833583 -13.992580640035538 -13.676525927254103 -12.522950971030308 -11.880615796078418 -10.905585387049113 -6.422338871391125 -3.3052187776838187 -5.973185686738902 -7.259954299746181 -6.846386480594884 -5.639175621904783 -4.694660075127817 -3.1421454104605857 -2.8412824415967566 -1.2689985972578592 -0.51107814509881 -1.1111771451561825 -1.5747643174356223 1.316261800197675 2.278830031220842 3.2073295211841746 2.848261904339972 2.687506762889191 3.1521930619120058 3.50651632412798 4.099767226340313 4.333544756256152 4.256080940965432 4.511240163542699 3.7327336780702067 -2.094834542292093 -3.063030563925298 -2.962264396175921 -2.781358966090476 -2.7358981943992595 -3.5626020508669343 -6.677895468142515 -9.455632511069274 -13.380961849618208 -17.574359312425326 -15.614668651802777 -12.83118689593526 -10.546765303059153 -8.508720072941296 -3.908865412460975 0.6724861840172317 -1.631602641994973 -4.408045025422675 -5.62493697908857 -4.967243173123251 -3.747638149558933 -2.5609332607630946 -1.7899767540292812 -1.4699865324979897 -2.103369606190205 -2.4632905851526807 -1.060819439766305 1.9081192680182564 1.5010905076559076 0.9761302499228665 3.289563561937575 3.501355786820889 3.1732068832204203 3.009900882887701 3.1382821379985866 3.678893382950045 4.188423205580527 4.509367764891589 3.8906235969278806 -2.1553926428682635 -3.0187615507270733 -2.8180400590442596 -2.438501571191518 -2.022856902752651 -2.1184862830185596 -7.029708085904453 -9.457817269387782 -12.558670896118324 -18.655890701426998 -15.8796864816057 -13.567377389534746 -10.525110063424172 -7.70322620384988 -3.213083072620969 0.6905794561658346 -0.4919621223688535 -2.5499575945352198 -3.992612551006534 -5.127869217094873 -4.065805972314654 -1.5570933901522321 -1.3789258052629565 -1.9902128139899664 -4.063133669990142 -5.4798805640638335 -3.0163241745118587 2.3279528911546152 3.7562303279293277 6.478727949603237 7.283048391134102 5.629703396231307 3.475437780970899 2.298804096809995 2.5830924089240668 3.372689949493871 4.062442136035335 4.51389124778628 4.022827148764677 -2.258605078474941 -3.193137209430759 -3.0620028821255043 -2.716173113982361 -2.211847080166419 -1.9173644524265638 -6.565887932467834 -10.564014736522179 -11.431882694051039 -14.205677115061423 -12.417471378683562 -9.597587983024269 -6.50943204890698 -3.8278172631883076 -1.5341882593682 0.42888593061798863 -1.9746262222494102 -2.902591959503592 -3.1136335011192 -4.8138515425568125 -3.672914494194855 -0.9315488804478168 -0.28988033254917206 -2.6174286995831237 -7.623547047999356 -10.108562928752947 -6.632061353118052 0.38125961803540237 6.836998235932443 9.903636472156181 7.9821786418168745 5.900847676057651 3.6521219637688573 1.9264446613401394 1.81983576969598 2.593022189205134 3.7585862844718725 4.424192142707393 4.07360552605587 -2.409919038235951 -3.6065706297770257 -3.7233562259125716 -3.6496776462737017 -3.333309484732811 -3.6434154082993926 -7.606773998906849 -10.291558434767913 -11.200522070745599 -11.188573254090356 -9.512609944074256 -6.719492613323544 -3.3765756423674413 -0.5996682080653803 0.5537878006740165 -1.0230007698485442 -2.9988451337237536 -3.695879562175802 -4.514942511835528 -4.5403700013999435 -2.833151422384029 -1.733036326996745 -0.7855240932275579 -4.615209704404055 -12.982342146588103 -15.789008994406833 -11.153364026825132 -3.106483715407672 5.590511485055858 9.01723150262321 7.594175796418086 5.1186621529429965 2.622901713275314 1.612566786866669 2.180664832469085 2.8674982438694094 3.3886470698463795 4.269423814039613 4.075057343063036 -2.594785556589826 -4.1738161714497535 -4.625885248866337 -4.870772173583595 -4.6386885436807965 -4.590512403798693 -6.29275477651243 -9.167039761391376 -10.179201199469345 -8.913711556703488 -7.009856082363047 -5.276919831467096 -2.5749114629338097 -0.9477182464655136 -0.07910024919872935 -2.475722793310735 -3.994195270615926 -5.123728163944074 -4.979815676862929 -3.8362521453077147 -3.4690349331105357 -4.36542229656951 -6.099566618497363 -7.726671514813547 -13.8221451096137 -18.313678788755762 -14.154250465064798 -5.395719891749262 3.1936717490795594 8.750654963315927 8.032561163466772 5.045477563697365 1.9513610348672812 2.275535824260803 2.3559196703585905 1.24559842539881 4.0519211102925725 4.693330557705223 4.180117972878286 -2.799371778138401 -4.835070235772435 -5.6587135503388 -6.221350502896665 -5.969605024193373 -5.29886851542181 -6.021224123734881 -7.999147849065638 -7.469535325663576 -6.488322761529314 -4.763714792005147 -3.101550527501392 0.13334483098877511 -0.10952140992189052 -2.5621275131543833 -5.617440773707142 -6.723137958429015 -6.973104431131222 -3.269495103709711 -1.7472054720629189 -3.070304742520837 -4.708630038027164 -7.909368065705591 -9.121466516394527 -11.5469836099407 -14.657198187484326 -11.441312727134742 -4.162743723906064 1.421887571361053 5.903211401417946 7.447298929791957 8.758736664783056 5.611344588632955 3.345414860213367 2.1386692617086487 1.500941211894914 5.62980564667743 5.54625588709804 4.363720442752207 -3.011458196267486 -5.544507540996071 -6.7387609445567955 -7.688081099114701 -7.630244615243497 -7.20345418007058 -6.8677975491337016 -7.306767049309834 -6.195896585317318 -3.9464821568783153 -3.0999006846672326 -1.1619326316441967 1.8351012560536255 0.5766698727614644 -1.5864936297787389 -5.593150109718577 -9.962454376705189 -7.109403866933846 -1.3745015235335496 1.1426924673019097 -1.650185546015506 -3.9902806454582977 -4.839419332999805 -7.0157859543249135 -9.17172924784505 -11.288360267346759 -8.9417687784455 -4.524373501985452 -0.5108281236301224 2.4057176953027155 5.241134661640484 7.590617618015131 4.903428184552115 1.9050866147314323 2.035272693509982 3.4574986946067403 4.768879281091071 5.118071899502523 4.389863280344023 -3.1952320701964627 -6.196370642960996 -7.726495815911381 -9.096666936421327 -9.427020842422767 -9.269985402297465 -9.675149403629415 -10.101180726119942 -7.757263206714987 -3.446671544766031 -1.1893463829069775 0.9274080748487992 1.5221999776639412 0.6798352018622796 0.5299727344420618 -3.2565411571776046 -7.007125080497215 -3.9956456265196634 1.693612512214548 2.7702335352352288 -1.815560120393311 -4.107000222269985 -4.1743554651785235 -4.8009999011348725 -7.744157672473866 -9.80368282045289 -7.719341030027932 -4.497298951707957 -0.6291813011788369 2.1162483085861834 4.719973978710541 5.330871604789022 1.514385522600106 -0.9534788206118359 -0.7558540515164484 1.2306831349403355 2.172557645172169 3.8850547134968463 4.270490835295003 -3.287231096141557 -6.625622793334398 -8.44321177132066 -10.162193795406699 -10.744021986598817 -10.13309381995553 -13.165678696328 -13.633028192182577 -6.109113089555508 -2.847119407423785 -1.0290292052747971 1.218564220889393 0.8352075631502642 2.0226024587954905 0.9098851343487058 0.5417612423956589 1.2512368469034012 1.5380568448998235 2.7827706960371095 2.327326042687187 -0.6453936002970508 -2.8938123021454647 -3.15372838114127 -4.2084331112739655 -5.851639686387109 -6.959534098707302 -4.3286133868846575 -0.49334739652220494 1.6199720403758215 3.4618568078683833 4.585634651930736 4.466900422948191 2.1862667847127533 0.7346336781943757 0.38707386902536445 0.6141417862789467 2.1476204059405264 3.523612548219492 4.283674162780343 -3.239312395228722 -6.671632332159165 -8.658848882411455 -10.565566172400093 -11.191085804893302 -9.135148250123166 -9.856440601213643 -10.59844982946936 -3.9756007796576247 -1.300472859927227 -2.031183014684377 -1.633222765342975 -2.1432848268717533 0.8046488680622765 1.0463281056561728 1.9735587280862075 4.3167128149930365 5.009367269968102 4.405859409034502 2.9520504397467544 2.28014400892219 1.2481506774550182 -0.46463581041373025 -2.2771747306479266 -3.685912258475801 -3.4011016073834113 0.043893751702081985 3.4405811586643145 4.367647171029779 5.561115959359222 5.375842801312982 3.928415663345508 4.915066829769798 2.8121293876823676 0.025157654610893584 0.3657497817991613 2.3563739498262 3.672600381771007 4.41134958233814 -2.9935224519803225 -6.093674229956551 -7.974824060193754 -9.771675968498842 -10.369357708322847 -9.227083647061304 -7.337648575334121 -4.4186044168433325 0.10225770064907225 3.6650486353526355 0.4685702417188808 -1.1478787250550766 -0.7180191236014809 0.06172339188377832 1.271986494632111 2.828373460150378 5.410783911734077 6.366280132091475 5.9989595515713425 4.462180196945791 5.15586069947448 3.7779325795622327 2.105577745491191 0.8982574477232266 -2.0311438090314393 -0.7125930976062081 1.258431273373151 1.1776777827938407 4.1260054843526675 5.579892568286355 1.0064765481811553 1.3748178354942207 2.1288763196840113 0.17769444225269823 -0.48465731719754024 0.6270575997093121 2.2143582671437465 3.758489031113262 4.35051255514483 -2.559532013581178 -4.914117045994195 -6.403650912387623 -7.776775925526154 -8.103389157596125 -7.001659084150284 -4.100946077068873 -0.20523273274153211 3.5253684509545336 6.1726221351598936 2.8650716808477714 1.5679981292181404 1.3480987687918764 -0.15275417263585273 0.19621231998808736 2.077291564829759 5.381668499468549 6.251552687771341 6.838640475329164 4.5041165792103905 4.983249104991119 4.818483987928639 3.9496163649730884 3.2815628313421628 0.920450233763172 2.1340979630425907 1.8952809191990478 3.2270155417534934 3.770232442174937 4.615779986218697 1.4538118896840952 -0.20092610458715518 -0.8270197191521825 -1.0225193333142248 -0.39898668350139505 0.821989710526288 2.4221795772161716 3.7246165557217936 4.027762704969888 -2.017140088303522 -3.4098238817554045 -4.337561955346729 -5.080307619026872 -4.933427117773292 -3.4052384047541575 0.03904139047448279 4.09970890396698 7.4976007069379325 9.267766690640547 7.438141364623839 6.735841229778362 2.9977871455952485 1.3010325832706322 3.201128856909848 4.910708234522035 3.95269550174023 4.721265045261628 6.59695203551954 5.606998147909737 4.979098279254443 4.921742833708171 5.313446134770844 4.656497733371197 3.817072791653441 2.949079939502977 0.6990436152229395 2.2586299783563137 2.2832082246096532 2.017362582331905 0.5813679523919518 -0.8547929714905004 -1.4609342386349644 -1.2727197436039752 -0.32084112468773884 0.9790015444702834 2.3786742729621997 3.3956355253146535 3.5232349267629024 -1.4264942726187761 -1.8084788895745012 -2.121043426785877 -2.1631188885530275 -1.470102948958623 0.3615760048836778 3.7325333983254048 7.525830051772068 10.664602744640522 12.107147074552831 10.645987883722873 7.62308522772237 1.9708083164276229 2.8774493730278006 3.154906892863415 0.2798072544302653 -0.3277507110715592 1.6142605377808927 4.291370013627288 5.520072765172946 6.493713770250044 7.301375450250256 6.679586127856488 5.223986038543179 4.230728192716225 2.223636889707635 -0.5374830213918766 -1.3004952221228285 1.7764029276583722 1.4236300594343319 0.24592874434797748 -0.7296744792331411 -1.1641026441093405 -1.004553369671449 -0.20626255641829333 0.8878645746003618 2.0228851438628204 2.831251403989851 2.9225563536340835 -0.850970617882715 -0.39930023085919186 -0.22600819035298078 0.26748979399811557 1.3454130996336955 3.3157397054668807 6.396113816249556 9.655114950532571 12.363868353256454 13.522667585486571 12.225112032906106 9.458381144453076 6.845375952440609 4.825922766477121 0.12984291514899549 -2.2210115180641217 -2.352011591858735 -1.9522043170768866 1.9374280731897495 5.592853291643172 5.98337410380462 6.903829639122962 6.959016493548123 4.513764864044475 4.076341477586938 4.598105139197933 3.193587624775822 2.7301445260200814 3.178910330176502 1.994024055066249 0.8769526078503215 0.08897023616233357 -0.3423975765789005 -0.3430711599996668 0.15635875848663217 0.9352001646996951 1.7675196338454093 2.3638454533986812 2.3800783039162816 -0.3364858478165794 0.6932233490907007 1.165434924293862 1.9589191167627737 3.1989472686682716 5.1003297139016786 7.783926975276811 10.540132103507403 12.843858573453474 14.135893063189766 13.898365718036375 12.86770472200773 13.046158610336887 10.110421903104168 4.502280010945966 0.8054374889328264 -1.923725480006421 -2.7177890700830196 1.4012455835354105 4.755527985088158 6.3387563421010675 7.238500576962553 5.795276755699319 3.8629864034497365 5.991262893737236 9.07861845394694 8.833535496514129 7.926288529030273 5.473560975763544 3.561677640516091 2.2738951229798 1.4169659123734344 0.826082737458413 0.5831588569606452 0.7692554296557018 1.2110218135840642 1.7240929626926436 2.094131340601311 1.959743393493567 0.11159750328036469 1.5224592526896437 2.1617548885230495 3.09037553243142 4.33524755344901 6.0284181734532805 8.221779039987338 10.462998426531643 12.342689577167281 13.610172936100788 14.035014489430301 13.797799286910946 12.532637292349238 10.371836153728639 7.358366112642723 3.041177869725937 0.2638692521557419 -0.21859638753715005 2.2776932251621425 5.158036741546774 7.227549591209986 8.097269999636959 7.259726554771957 6.648381514608667 7.951591873631965 10.632167783142627 10.555441302069733 9.160534507023785 7.2907738402708215 5.35951319478384 3.967829049096767 2.9470822098037006 2.133887850314602 1.6128194514174936 1.4681839672160297 1.5709304393138894 1.773794450478971 1.9257594142245757 1.6156537628506484 0.41686389393862566 2.0420234339830783 2.7550467958108626 3.7199739377141605 4.906425261876665 6.404581906450154 8.218870218372361 10.053057260963016 11.60558872753413 12.710794101751151 13.203481097429343 13.147157163171356 12.59965561956022 11.162216432090027 8.056866976323501 4.788413042264522 2.611179101735525 2.1415800798275404 3.7006928095898215 6.107614612696216 8.273892726876252 9.658424741409855 9.707945111428087 9.565639115758463 10.317951245645961 11.299343927143033 11.049060537163582 10.010230753004214 8.503368849250192 6.85364541813191 5.458073150047595 4.270574147784712 3.2450810603496083 2.478672939014024 2.0675681852300567 1.9109210989139915 1.8821043233447001 1.8719518124084025 1.4113887894244987 0.8061582389399313 2.417680499103972 3.0819489346201925 3.9038434250902494 4.798864816557221 5.799602189513007 6.853336314283388 7.880956870394245 8.797178533670325 9.520197724799026 9.967736753539352 10.125903039013515 9.980802919005535 9.394077869142922 8.227745568592916 6.902011775822383 5.836640251626014 5.442732576597461 6.129328391073244 7.445791361484361 8.940580566569414 10.241995265389567 10.978316119017974 11.264880175355582 11.21712270001613 10.855643630751038 10.200851183465366 9.326422058975789 8.305931912271399 7.1872365992699665 6.018356315334019 4.873952929270943 3.8285783631015984 2.958359424328077 2.337339372473422 1.9201898240064126 1.6315134908802953 1.4340526516660153 0.8716075403849761 0.008671289214461638 -0.3235691941249775 -0.47091771371414126 -0.7054318264890885 -1.0551511692330862 -1.5731158897648434 -2.2948356065936926 -3.1864013208585913 -4.212650486023581 -5.338037046703298 -6.526820813150577 -7.619251115613558 -8.455589495994706 -8.901450798189241 -8.821910040147506 -8.414858688920177 -7.878605138474754 -7.33356428929796 -6.899882893645156 -6.484848642625442 -5.995838065480646 -5.34880475288674 -4.459676476923639 -3.3847364520684433 -2.1802734834295596 -0.9283270500637594 0.2890692584253976 1.4107523479388053 2.37556870425481 3.1225114222512955 3.5906273602619785 3.8327839438806723 3.901595176864011 3.8478844736878806 3.719759101231437 3.5510536387235896 3.338315754678019 3.1239496340721 2.430824318355418 0.05827712138296214 -0.10070116768882346 -0.09261436130193264 -0.15830974767326297 -0.413269232408581 -0.9779262771826462 -1.963714788165389 -3.2933229651434828 -4.888666409866536 -6.637355794813554 -8.4271577224866 -10.192542195215362 -11.867714489019475 -12.948106627297305 -12.930265648596436 -11.977480713169907 -10.254925503908192 -8.438371542647152 -7.203217336970294 -6.340067391141696 -5.640376712454907 -4.901463196328498 -3.920637353920577 -2.8042422613495384 -1.6587137267906753 -0.41350193664297946 1.00302930996144 2.431414499582336 3.7118797087926536 4.681505859526061 5.1776234802830965 5.363281627658536 5.401027766342039 5.290236199705167 5.027617282143336 4.686778879522679 4.299194386173427 3.954963199970203 3.1571670415685387 0.08163704678337819 0.07912122950136914 0.2087450343376201 0.29222559371834333 0.16804158094519378 -0.31292241388606423 -1.2997424238219313 -2.697594148283681 -4.40994204077854 -6.283915139382917 -8.159110370089815 -10.062104804597908 -12.264083382381875 -13.874638856431023 -14.062520782939961 -12.916389782878078 -10.503790213083684 -7.887063553008359 -6.178180571215277 -5.108485005595679 -4.448771985503501 -3.8526997608816993 -2.944472737654867 -1.9587375839714716 -1.1241842712229873 -0.20822912630590865 1.024731348484915 2.4227481811864253 3.8246061299431275 4.932539135993037 5.343766371624083 5.565374903521223 5.693564348790515 5.652378187928616 5.37379864816749 4.964153898844724 4.482741685018701 4.064638331856781 3.255977101410988 0.10396248511740507 0.2474868769704631 0.4886748812999964 0.7130615834260148 0.7222067026412158 0.3441961469774318 -0.6018397597399392 -2.0198553939671657 -3.8122247648858667 -5.872145405571305 -7.960858508936995 -9.20255084199003 -12.357331107580736 -14.787541561147506 -14.818468604469867 -12.975267471146744 -9.616119270997798 -6.155835575113696 -4.3573810847934595 -3.073975920678246 -3.2331162879604585 -3.117463795201567 -2.2378504800094143 -1.2564637186879324 -0.772983661718428 -0.4253859371526613 0.24218506166204706 2.1694526204407065 3.7594971520258906 4.759745373543039 4.0782689133523125 5.304721492344902 5.962101563734009 6.02800471698248 5.820798373939464 5.407215077515609 4.767964330542574 4.224570059902671 3.405457321854471 0.10915298534664129 0.29864606214434075 0.5680575855376759 0.842933280687475 0.9316014779089556 0.6807157638702104 -0.07282839751089551 -1.2897980731252772 -2.9333837609128044 -5.022659826441245 -7.4791784031182 -9.479500704447462 -12.584722946792247 -12.414535730322527 -12.670596650715058 -11.844420678877562 -7.267526480113166 -3.411710870194123 -2.8869454054078942 -0.9648242856883246 -1.2831172567021576 -2.6287113846919574 -3.007761087041379 -1.4123817856928278 -2.550267337231134 -2.7955992942486034 -2.3254730787381344 0.10204632188826517 -0.0022919813463918633 0.23474600642960294 2.92756702335088 4.462447185038489 5.772463060485841 6.160096483904096 6.106894351598941 5.674661560285347 4.8613299209391885 4.281018834550037 3.5016342840575585 0.08324585986988721 0.13114857538443034 0.27795816000997586 0.4418150962441099 0.5205310880685112 0.46985711968938204 0.2502276100819546 -0.306011313661014 -1.3272773565973628 -2.967336552909127 -5.301558147511786 -8.218023194159045 -11.961745978833207 -8.34320387957307 -5.999661538875233 -4.159088761355174 -1.7040633925860031 -0.013940791100848011 0.99314227550752 1.659718120696227 2.146034810676761 -1.567880777548853 -4.533827421447161 -1.0518225747362302 -2.0232797444857957 -1.5894083470513454 -2.8914880198085577 -2.2365468226510217 -2.5157705652198525 -0.5874299448423096 3.4067097552794263 3.504531914367779 4.699433686797378 5.724877181986472 5.8953781920509645 5.7018296228900605 4.776408870562661 4.174934273888175 3.5542300150614605 0.037737180697610784 -0.21700678782167443 -0.32590924850016706 -0.4334820859566 -0.49529243272275686 -0.351686540272841 0.21463569997391502 0.6990232650122975 0.637184744856277 -0.0411294733491489 -1.4507860507259436 -3.0317627972134944 -4.429470479024289 -3.8757091501642114 0.667559466831909 3.607352673612871 2.124006952289753 1.4331159695227573 2.396736956327613 3.1258938900121787 3.3015507191084543 -0.38507470842274266 -2.1428203779869706 -2.1533419421268776 -2.3510268559797693 -2.8991486177632018 -3.6393620096582757 -2.0023354398452353 -1.7177207686811886 -0.7629091402999891 1.0781372809949186 1.7318684930371568 3.2625317047175075 4.7362771289256544 5.149880777918901 4.6331856192292875 4.396495264428343 3.962828477537659 3.5901676943468086 0.013093651468901386 -0.5517216273380064 -0.933824674690044 -1.4002212297565098 -1.8105419389720456 -1.3955673755891842 0.16961451309714567 2.006441896815514 3.4228389432782933 2.36786190741815 3.611985568926134 2.340883615325682 0.393535702733281 0.1475486376347346 2.6350653606493473 2.7817888095084764 3.8405330768385983 2.459516374715454 1.0209647832181983 1.1256427613595625 1.2920799066362396 -0.9100196733543857 -1.287770871526523 0.37842201595408675 -0.5272519786114076 -3.497903686023316 -3.382473387461358 -1.2121390690571867 -3.185086135500573 -2.808576940922011 -0.24055134049405572 0.6100071417677714 1.9440360164861947 3.529201288502152 4.606341996160599 4.727481956476465 4.232359710651691 3.8793154379360058 3.712929522719236 0.04212216675054739 -0.723316762676352 -1.3124802060661742 -2.1266956339890433 -3.0151285073871565 -2.036854502612859 0.6777399282911566 1.726177380530809 5.465536649560669 4.954999643863488 8.658940467504511 8.996185003512567 1.6261935969583359 1.7078552683096981 3.2650997656880367 0.824541640469936 0.7239085495570289 0.27443762806201116 -0.48168093509134935 -0.3629584677736401 -0.07260645411212144 -0.8057679705892092 -0.27035403236217403 0.8846853586600819 -0.2897881066896192 -3.026149370543855 -3.5216962441893234 0.06308119465472424 -1.170548395108306 -3.3793543168604314 -1.4277378826810263 0.32645976658724746 1.32487311491255 2.5859737763367328 3.7014036255176634 4.163638973544818 4.127849810487661 3.9542545980951376 3.9654197606890285 0.1678500632931457 -0.5435137344583073 -1.1761241360928754 -2.155354329515518 -3.4031482587102695 -2.9206055870761847 -1.3607799618481158 -2.173185904363692 0.8649469807273372 3.0232254213410323 4.0494959379364355 5.44091322009049 1.3152674290598532 0.9345737898754983 1.8688578834522502 0.9799967115932445 0.288117113590763 1.135286543306886 1.5368963081424614 0.9035531983509224 0.7878264272967804 1.435326827680531 1.572608474815904 1.7848631118730447 1.369486136892126 1.5697972915332497 0.27041708245748436 -0.37107221631289516 -1.5871787765395289 -1.750574954575474 -0.9542418123429652 -1.3654197514827835 0.15443418076075532 2.132503755055175 3.4027242945309273 4.176256818769121 4.345291135265435 4.211171913406575 4.33576254096591 0.39493102599605145 0.019503685120794385 -0.4720410093234696 -1.3693417760288216 -2.7057251661864354 -3.1014546456803065 -3.8000379103407256 -3.322105214586023 -1.3225278313714974 -0.454026310974079 0.3064281290927656 1.0274090443369441 0.1972148065653891 0.4408772899200734 2.519786455069004 2.718834043511689 3.318065551452904 3.870527055244229 4.967130166965218 3.2676247064814934 2.2536137055363175 2.2063510906552493 2.78150256682675 3.152128557165195 4.314207921938529 5.372642994533241 3.4552537248060875 2.1732346144017582 0.26919815324214746 0.20065664811088477 0.6584279443279631 0.2108247944434323 2.011462535905619 2.342189786796843 3.5623925165587176 4.078169235009085 4.425992342976454 4.645565862415745 4.873100510419474 0.6902716752363326 0.8446261622837697 0.6268186330563799 0.05219905151865227 -0.99987605606518 -1.663326297596528 -0.8790157329742507 0.1138024637662057 -0.12681723219209592 -1.0914528363468465 -1.3608950817915808 -1.186930941286078 -1.543780759612772 -0.028160462812139388 1.5218607883851871 2.140451697876525 4.809794315068984 5.273663046886451 6.360870894437867 6.043930377099462 5.4305636629609575 4.717831506941993 6.398534744757417 5.391654664611498 7.456142403327743 9.588486997201088 7.959655550776503 6.726631474421971 4.640796014866521 1.710345815871873 1.7775737510892675 2.179653337496764 3.9587258576874786 4.162783671848747 4.623904210274611 4.5058466530866585 4.19137086982543 5.188093686932474 5.6537081065334505 1.0291531279798107 1.8396696302089046 1.9840474679622286 1.9001803058721105 1.413374676535277 1.2103884698408849 2.3324446033016693 3.1844319977810263 2.612826143118129 0.11506979526227591 -2.73164276380937 -2.7497406566675187 -2.092008589240976 -0.616552627799907 2.062100059448452 2.687412908328379 3.6057620185899366 2.7552546854067943 3.3118875948698734 4.471016855000929 3.6524391247869796 2.98550398321489 6.190329664295919 5.921285780841443 8.739780836815973 12.524501963775942 12.450598661711151 11.245641359939455 9.174556905264499 5.7743539413433425 6.050682677260271 2.0512578819347675 2.225749406097305 4.40239341645087 4.34980790432784 4.170899532591712 4.152095474373522 6.170497186561791 6.833873676319904 1.385777468016314 2.900660889266784 3.4377271038829083 3.8196359305165286 3.740480383254606 3.531912869148275 3.6622611397825007 4.36777110356754 4.470425792630419 2.4631517055565415 -1.6802979758896133 -3.4826185770986684 -3.3839403213507984 -2.9315834239510483 -1.8076074583377675 -0.4342503674187942 1.549310545119718 0.8579064094936646 1.633411405016167 1.9961268779404102 1.873822159392258 0.6462770650636753 1.7756957994877418 2.543006350740086 6.425851673186023 13.218213256445422 14.495466262998825 14.252114676027107 12.308207831384722 9.971739696149811 7.416814129636925 3.121423174086483 4.024017089753621 4.598947006208538 4.369992610625537 6.421941891814898 8.286811285277063 9.532416507334982 8.828577990144705 1.7323175724341529 3.9269153337669933 4.841797821329013 5.607233233022099 5.736468976955633 5.678555951546662 6.505480596671974 7.969717056210117 7.722933055636344 6.014018786131926 3.0039245309412457 0.602289627627074 -1.8052142864999359 -3.289776206152031 -2.3635711633673786 -1.5497166035996368 1.109490165823354 1.1516711073920471 -0.3280505821933684 -1.4618610230382953 1.3635576780544898 -0.3985361439795372 -2.5420498971570273 -1.1155332539083656 4.115731723204027 10.851466708080025 13.343337655399456 14.021845310954536 12.649046452318958 11.092651485150023 8.898188993121993 6.071125127936158 6.626767998642904 6.949591137299599 7.912189954059729 12.14651587008851 14.469509694505925 14.509177539839465 11.400723504606994 2.0372113960596305 4.816335036700594 6.061954444997963 7.21211129560455 7.684190149785166 8.189228361721502 9.517540242493151 10.788132367283737 9.95516910891559 8.860844650927522 8.549252959549037 7.337795010696891 3.55036105040414 -0.04053771629786329 0.34402452865190675 0.4395027473054944 0.754324415096293 0.5133534311655158 -0.9765967973085283 -2.050060321614355 0.01828886834565916 -0.6076349221246664 -2.205483661078945 -0.7809925430656325 3.3853774575834334 7.809613534048169 10.78490647959613 11.978441172708353 10.257220897874914 8.738190661322928 6.805899262254742 5.849990506012934 5.817074841609025 5.1654746773780404 8.352317168475723 16.355351425578483 18.426507293216623 18.831899691744272 13.63413703177253 2.272943918120989 5.4672306559237835 6.947311168437025 8.441784061218197 9.372516679507067 9.864113811768888 9.993914882611124 11.385596223157759 10.740105493509903 10.737798415724049 12.1962711837006 12.479068501183582 9.609148424060391 3.111065379523065 1.7515198248273305 1.9380986162156357 0.5543594776344546 0.2429432557007849 0.5843684023614385 0.2725412632771711 1.6167815395925123 3.6915764302206657 1.944240790702952 1.0694130512176336 3.445696305445692 6.053790748043563 8.749220048236996 8.89290437944734 6.985966602227397 5.815035776344808 3.8370743845254873 4.735078155153934 4.921686305739609 6.119521577737929 12.922972489561547 21.284752650462572 22.380858964451267 21.564057849891086 14.969077343006695 2.4070409712255523 5.740137228509036 7.27220274062248 8.895682795055553 10.07154051982186 10.631546607840765 10.591123209665968 9.974683529293545 9.50378856632258 8.281638282499308 10.7149471402202 11.374189285535637 8.120801556446287 4.005253946900949 1.0447286767638255 0.13338051061572148 -0.5219665579797357 -0.9954968126624745 -0.5760123330240788 -0.579183671142175 3.3215960345173587 7.0825715068590664 5.826608821860277 2.6897124510240924 2.391868161113622 4.751223466440259 6.495254984411356 4.003517888513799 2.4768408227727416 4.234154245616258 4.521072228884033 6.045130399138515 6.513904701135409 8.142248952860689 14.574964558493246 20.372105913197277 22.14061686040547 21.49511778780201 14.86162887452902 2.437815599528482 5.640456616589078 7.043622706972096 8.552479683587888 9.719479530681767 10.434120186020616 10.457977787719376 9.84503774065991 9.220559968696138 8.556238640893707 11.338421009123712 11.701692376269232 6.488023431024714 2.651342417662672 -1.9562352485877659 -1.7991004551583791 -0.9420439010389101 -2.0806040599553706 -2.5659977488233436 -2.9438376532969985 2.200158610889017 6.831732042263998 4.924616122072004 1.1493487579043749 0.7031646679782545 1.2982617705176454 2.380537256189999 3.6035732795424105 3.952542264605764 6.941416728017393 7.79196083852451 5.495872053079721 6.319784273093123 8.822712310712696 13.067343462990973 17.084103599135403 18.844608808734893 18.849750198045694 13.376271890755561 2.395642165450524 5.3178344512786975 6.494942369722924 7.74417148614953 8.724009116006236 9.280021149090688 9.107911074442239 8.615966707190811 8.255342218960685 8.860780420637909 10.693832593130887 7.493991913504578 5.5855718406261134 3.4239431016976893 1.1145398291912176 0.06485395960320738 -0.5165553876858264 -3.5009377539513715 -5.7254962657347575 -5.831702009799112 -2.176812382443203 2.0242618490403714 5.14112194234386 5.031256576859358 3.299735450278495 0.5454481034460711 1.093472665305333 4.747660916109979 6.624711138515736 7.217233272204984 7.130198592734828 6.755853684425872 7.547764989328038 9.144154673983826 11.430790602307528 13.746721479208786 15.148884175093643 15.484677557006577 11.258066859300147 2.3004605860533083 4.884721821041729 5.808993959377369 6.746041153867609 7.445395122929837 7.810015325125878 7.605681084444926 7.215750020168257 6.9230549078748 6.968128804806524 6.626086770624938 3.890786640309784 5.099885276427984 5.289369789108012 1.695829211874145 1.7642286432019973 1.7102139122289017 -4.267929517516627 -10.490524130088321 -13.70443230341017 -11.078399730213182 -5.206247261360642 3.4431580835882647 4.156355986641653 3.23359214955126 1.810477799440503 2.500190710983038 6.054564168471818 8.720262746852171 9.244209296493661 8.971973411242748 8.470474616206097 8.463446965936058 8.965311815518815 9.99538868931666 11.212757532295962 12.067349224830059 12.28634419644088 8.98896826740119 2.168565593437744 4.4713572253819605 5.212061030472796 5.9292092029871695 6.43845791937825 6.728482062692991 6.601523856471247 6.232793966084583 6.039522989260088 6.031009732639861 6.244632312035696 5.57323597770666 5.236350210885125 3.1512446114717316 0.4135236263477301 2.320315066474468 0.027619915775404867 -4.75708304911658 -11.305555983609642 -17.805618227537273 -14.027348830821454 -8.281190436102445 -0.6309600367354815 3.730968357336528 4.349129951500197 5.879896921551215 11.548126680781284 13.117748189471941 12.219901459066836 11.624025665735063 10.66286058008354 9.652402574438913 8.942492170305966 8.63803399383001 8.828271801370343 9.290031335507678 9.650666850435655 9.66940141962302 7.039533970285667 2.020968513576651 4.141212716224398 4.795663597673993 5.427264844697718 5.889580155395996 6.184089500924647 6.162668028944644 5.940519292690579 5.819023480676751 5.777732322540508 5.867679134512108 5.525773725872273 4.679234419656431 2.5493535462841868 1.155507441315516 0.5989046913809676 -1.3738454000039408 -4.31563975800076 -9.895723766302954 -13.718924843900437 -12.666362581425037 -9.028504090909765 -1.919609001706856 7.516941296976134 11.78558070278496 13.031691688546 19.494730864851327 19.81024366400956 16.015998362183822 13.745714527333188 11.877583029447527 10.351326041654236 9.142429934927419 8.33221649818369 7.99367910347153 7.96907617501155 7.976929782625446 7.827902154571807 5.608128671463736 1.8494784219998441 3.827597311722419 4.447221520878602 5.066948928299326 5.56374150481707 5.939448694653942 6.0865919452649955 6.0945986480173815 6.080038379161348 6.028590513809988 5.943590678921472 5.343411726090614 4.369194220065278 1.9494154017097065 -0.5781021656662284 -0.6023423821934769 -1.799787047351261 -4.468369847685051 -8.402005751894448 -10.605120958769193 -10.450226237593975 -7.285723092494383 -0.3092519217055014 9.879435698030804 16.409775482055128 18.10958445043837 20.931791462691304 20.675855407266404 18.11224650793001 15.048407566115213 12.644113815640926 10.744115246828587 9.187842515317184 8.037138801555287 7.3492166703778725 6.997278622350818 6.747538009701966 6.463701615752098 4.506696301685522 1.7352838890755027 3.652533927798731 4.278454718481239 4.934314106631761 5.508148154476523 6.0116169934896595 6.3532252525850295 6.570180964467083 6.693089687486762 6.68783716097593 6.51965093292059 5.839440847214367 4.297824767572583 2.1241212992603313 0.2859340081910148 -1.0503838070378477 -3.0662202492495747 -5.3824700489221025 -7.680413367324394 -8.86757771727989 -8.20604921331596 -5.021895764002932 1.3684878065091373 9.039983239941495 15.82684886354609 20.50980588968474 22.032247198929447 21.323726075655255 18.911624821097035 15.881281589285267 13.329960382424957 11.187736552254488 9.383704007256153 7.9874091865690655 7.062504276137861 6.4998029792319825 6.089440628957269 5.720290523520563 3.878515624017747 1.2100606720354181 2.6388538844411635 3.1398661417136196 3.694427396280868 4.219494661987739 4.727688297846324 5.15527016560111 5.479682629633535 5.672868112841547 5.677282978725229 5.43500011118241 4.8491562874156005 3.822864289376245 2.477889334455949 0.9367858629915156 -0.720914749471422 -2.419262473864274 -3.878735289390523 -4.822572789099511 -4.967247220476818 -4.031757924713944 -1.7115173994328177 2.2981768332470596 7.018309024974552 11.469726805136917 14.700100329199584 15.757253854201949 15.25978056783291 13.825726362515898 11.97164921065068 10.214612470625186 8.606657887302683 7.199619402570243 6.046218116808222 5.193893000267483 4.592730539236873 4.118455718002086 3.7310136124994466 2.3534726803115595)
(UseCyclicTransform "false")
(UseDirectionCosines "true")
