(BSplineTransformSplineOrder 3)
(CompressResultImage "false")
(DefaultPixelValue 0)
(Direction 1 0 0 1)
(FinalBSplineInterpolationOrder 3)
(FixedImageDimension 2)
(FixedInternalImagePixelType "float")
(GridDirection 1 0 0 1)
(GridIndex 0 0)
(GridOrigin -104.0554742986249 -110.60263230112793)
(GridSize 39 23)
(GridSpacing 80.2473580616714 80.8197086112549)
(HowToCombineTransforms "Compose")
(Index 0 0)
(InitialTransformParameterFileName "")
(MovingImageDimension 2)
(MovingInternalImagePixelType "float")
(NumberOfParameters 1794)
(Origin 0 0)
(ResampleInterpolator "FinalBSplineInterpolator")
(Resampler "DefaultResampler")
(ResultImageFormat "tif")
(ResultImagePixelType "unsigned short")
(Size 2843 1565)
(Spacing 1 1)
(Transform "RecursiveBSplineTransform")
(TransformParameters -0.20863098849611508 -0.7092470767547816 -0.9277339157657369 -1.2089842536202144 -1.529785400284243 -1.9043351055710005 -2.320398487717581 -2.7738030939543754 -3.258473777776037 -3.7644318408187862 -4.28157301569527 -4.793811174762788 -5.285062591410742 -5.738914552853698 -6.138969146681122 -6.47179981571382 -6.7239808619269965 -6.8820742877105925 -6.932629945367369 -6.862116713586772 -6.656936102172087 -6.303533827499198 -5.788371040632108 -5.125964387268408 -4.330874860916513 -3.417699857415675 -2.4010745261969784 -1.3416730666826682 -0.3001980405509139 0.6620503619447864 1.4837459357028262 2.160675441242916 2.688401501190381 3.054640077192598 3.2439323195988554 3.302957985212987 3.235027741630759 3.0847807899933937 2.292121396905027 0.21443688429867322 -0.7150307560383062 -1.1638269773810206 -1.750172920957148 -2.4136498704256106 -3.167245953755976 -3.975191409523343 -4.824393626348114 -5.698304221394513 -6.573468217939772 -7.426224956035923 -8.2423961224826 -9.007790624125386 -9.707629971391171 -10.327116418054429 -10.814429833574323 -11.117741680809672 -11.18518304840439 -10.96501504216667 -10.465204939866577 -9.693815240602705 -8.65904286428119 -7.368735138509963 -5.861077049127407 -4.174346380638323 -2.3468356354879116 -0.41717227165409393 1.5171081406432152 3.358431190010867 5.00745146609335 6.364924683059318 7.422439957251447 8.171118982762342 8.581397835675366 8.614951743155405 8.398018733087085 7.933342447065552 7.355909716619928 5.082484526840624 0.4343973428599832 -0.6603432123447098 -1.2035086093000453 -1.9139387271326922 -2.7127981967032144 -3.6089642296397795 -4.554089899499189 -5.531089805365266 -6.5188360944788455 -7.488252823776546 -8.410055944437609 -9.283626182115283 -10.10836391463884 -10.883076047105105 -11.60621654020332 -12.196093207949893 -12.570835747062977 -12.648393557877766 -12.347258882599116 -11.689421685886982 -10.697206744576 -9.392993040858988 -7.798563060476598 -5.964073482304041 -3.9393628883428184 -1.774828376116641 0.47930145698319365 2.717743080276364 4.835356462270802 6.72448787393328 8.277998186302055 9.47962037651367 10.31281287427075 10.736525071344944 10.69893326665661 10.360267739862246 9.726374604197177 8.971770900491661 6.114668369732144 0.7431274509940297 -0.5427415861264766 -1.1976048743362742 -2.0546918330624195 -3.012315135781004 -4.07293239804987 -5.172220907353454 -6.285246813291175 -7.382192612097119 -8.425497632313474 -9.377387053577703 -10.266660607151026 -11.122202067365714 -11.969995788979825 -12.835380672136647 -13.584438023506333 -14.082613058057019 -14.199906229204306 -13.807077439709666 -12.954663871237235 -11.69321043571847 -10.072874807031258 -8.142386825447764 -5.953033781526122 -3.5560324086208803 -1.0421809984334633 1.4982382179509932 4.007621065744157 6.428049195083307 8.61894764751049 10.44005792797561 11.832423488975515 12.736126389171394 13.135902565695337 13.00348879355185 12.527551870782293 11.70803521158885 10.759923003291062 7.256073066165688 1.1253804844141486 -0.3490781307612967 -1.1161699147573902 -2.12082759146417 -3.23792793842354 -4.462510139966489 -5.713058328360354 -6.950580575805268 -8.130093252191065 -9.201552336500239 -10.115753871518178 -10.951560275918089 -11.787072747654202 -12.691625078113042 -13.732828671535891 -14.697434740018714 -15.371168684615258 -15.558642235957507 -15.06660717321621 -13.994278000598753 -12.44201059645613 -10.505116726823116 -8.276901430364822 -5.7840644788603806 -3.0528723278832746 -0.2664404047175686 2.393359066270298 5.025389874515971 7.729398488385339 10.281857354273376 12.455879039757338 14.086204318422721 15.006350979269142 15.305204335639063 15.059377733422158 14.462617022798511 13.488948792509985 12.379577811806808 8.301508340192091 1.6008637964055092 -0.0632441506153004 -0.9463295096407306 -2.1173561629395032 -3.439043752936308 -4.876675361077524 -6.311426956837568 -7.657883773298473 -8.826322748860585 -9.790911638666328 -10.52179229320475 -11.165688206560805 -11.875108925677303 -12.834572975761962 -14.221794736439225 -15.617929801273975 -16.604705676363125 -16.912182129382813 -16.281439868672283 -14.95106854863125 -13.161335512952661 -10.986266277295321 -8.49839091531181 -5.742193645809551 -2.763370039786864 0.17645255276148783 2.819909357370212 5.481011555925323 8.476837173695042 11.471343014726806 14.082824053130846 16.082961827647363 17.186210404468433 17.463194605720425 17.047990913491336 16.245867087862564 15.080600247602195 13.805547632373232 9.232068036693894 2.1672348302091597 0.33162800876351195 -0.662405315746208 -2.020456458606225 -3.6157499599687637 -5.33923868459308 -7.011223946194141 -8.413491355697433 -9.37823032804755 -10.00798609012747 -10.327864016706839 -10.568931356252747 -10.920986257136596 -11.916730340998184 -13.95422706468567 -16.098716513887986 -17.734188764404937 -18.371086478591604 -17.57029753324558 -15.953281236416675 -13.92800437710981 -11.901576216091144 -9.248105199426883 -6.678733229618273 -3.1657419144792227 -0.02037257394270181 2.2855993426481556 4.710167389314378 8.00119013814444 12.950595898373564 15.016146463115131 16.69219755856156 18.922487930578164 19.536267561290305 18.802811719058866 17.670983910393392 16.24159561891743 14.785288060365056 9.880078062756708 2.8093887133805233 0.8172187352628624 -0.27879317882113125 -1.865518915259073 -3.7668668892761077 -5.071034892184439 -7.619326781338226 -8.67082488069751 -8.17558004535335 -9.905525380555186 -11.177234221764586 -9.783774978128143 -8.998376236032303 -8.986618837758762 -11.56593964993611 -13.674436528671377 -19.78516030645181 -22.199611192039402 -20.162274725380787 -16.833922268202585 -13.611991175265809 -12.104174221624111 -8.323852636322517 -6.190787544912105 -4.352882381267674 -1.0456838435915612 -0.8841287255412108 2.199602505838538 6.56937048927933 12.001442623050739 15.18667054851203 17.60803623979197 19.77558972975737 21.805092419639173 20.591166474007117 18.865386834162862 17.041947761887233 15.333722188828283 10.21937303140104 3.510636160267033 1.3752913917418585 0.19171957607518003 -1.5982494383814931 -3.582699087707913 -5.977388814852024 -11.984477383474132 -9.492045248817671 -8.400543968702806 -12.304413539434508 -14.809185184666797 -9.666754816468801 -5.680017460134529 -3.9879812951012212 -8.54622181482941 -13.96371119396218 -21.381226154041848 -22.22386323652195 -16.972632239382108 -14.680509914974477 -10.300333251715804 -6.790104961609979 -1.634983029920452 -0.8238970866882576 -2.000707226886146 2.8498779819872238 0.023800385498482672 0.371709825723936 4.964966120623865 8.552938342259788 13.025537235066963 16.45410684421572 20.885162273158514 25.17282952311411 23.24396791156214 20.051166030534485 17.534487206292113 15.44761816055189 10.213129479681367 4.249219435834985 1.9891595297476103 0.7495578111163929 -1.0321504313420526 -3.1114761963602873 -8.223464335911006 -14.64107026637144 -12.871179238357474 -13.900540598708666 -15.970107428319464 -15.494160259018631 -11.567238459154558 -4.651062862355074 -4.22512753824443 -5.646161711235156 -10.744843378381432 -13.827318847527662 -17.69089483971437 -11.37678845742319 -10.221789826333591 -4.772560810333339 0.4616271406478697 3.9782367320216174 5.055578107529288 4.686914110703645 7.947179814670556 6.166566217695071 5.297016798440897 5.2586292846230585 7.758820936376105 9.501960379730724 9.592043202452977 17.03997267174245 26.35010346816259 24.94435727290832 20.00965285998275 17.089950131180597 14.899247952985538 9.824824399660828 5.003270762446007 2.642240592063019 1.3945620964147472 -0.15682175544080032 -1.0335288385208763 -5.538180610015303 -4.812608347400869 -5.286444034739471 -12.366547000987522 -15.22555880633083 -13.21669912364152 -9.953492555047246 -7.1981432700796 -6.069882972663529 -4.062643688835431 -6.1847535196216485 -7.994361361158471 -10.406951719028834 -7.940302702788258 -6.937676395558361 2.8020451763966094 6.2860458921520825 6.686879923449661 11.811648255255323 9.04864544983701 7.3877208051218135 9.405885180006765 8.925941809856507 8.658458403499505 9.369510007848655 10.25322311059196 9.562141759285497 13.271821828615133 17.51292239418708 19.66672485045094 18.132455328027827 15.638964507579704 13.530731715761155 9.017180517287319 5.7217584226219955 3.2495031441372375 1.9548600123450004 0.4179662015568626 0.2822875741777312 -3.5043147828540717 -4.732424986019363 -6.791828332761036 -14.14030932464786 -20.082764293633318 -13.046446041868347 -8.514526121367691 -6.4675685848577675 -4.362600088389005 -2.7336740677362945 -4.618806977214446 -4.9186823354699305 -5.852397501526511 -8.75461124189844 -9.390709578263298 9.302426521016978 8.37169816292696 8.77640009780243 10.094729831485882 7.417011006439044 8.296639136365894 8.850107246862592 6.836337249156229 9.040961292489273 12.236498893030944 11.315106165743732 11.49465363654209 12.816351475388755 12.083087511410675 14.847109255161794 15.571153844710096 13.059045238321824 11.147041464584742 7.766003776723662 6.353637881271343 3.725857574075505 2.2599050111776187 0.27512584594633915 -1.3535760266948982 -4.722548446925035 -7.407649166858496 -13.465267106729165 -17.392919621417033 -20.332174244955326 -13.598175978744901 -8.415839107605894 -6.03289376679986 -0.9775761724709807 1.9197043904172917 0.23693848950051 -0.5356102607348753 -1.8970094407850826 -3.157035776342916 -6.389045125089117 4.887271221260403 0.7753803246217799 10.004961173906363 9.406141064943123 1.2016026463967702 6.085472986391832 5.545194220775179 6.055308035083621 10.055802726551603 13.967588198282652 10.035795456877523 11.097693484162416 12.716095437121027 12.093063764567841 13.612310929901348 13.836544408139005 9.133383390473663 7.713017725307746 6.047174707763674 6.820461869392797 4.101457978771694 2.545758467024504 0.33788337709419713 -1.6994641301972029 -5.097395810710848 -6.58562199585224 -10.800728798231711 -14.895420567188845 -14.682310119933735 -12.969947174265416 -9.058702777570357 0.5584838811945666 6.245208080170295 0.942628072121245 -1.257117227846345 3.113771811450487 1.2215227453995134 -1.5091802961304759 -3.8013770248547205 3.92255604530202 17.911082252758106 2.1298762177307826 -0.8750321992338256 3.57384065617615 3.4418130427088456 2.0576290708571014 6.523022169632959 8.901392186195618 10.870573225556067 7.825787239661512 6.3910089591588575 11.974360778418554 12.349325925889577 9.865057292542136 6.116495223732199 3.0387096132200146 4.3386808248524495 4.285317969924551 7.04374303740173 4.4063940979131635 3.047134584026375 1.2539196408538607 -0.06955465194493639 -4.335637940304413 -7.863789609414289 -7.534776669564031 -9.332343751712912 -8.530899640701286 -5.9106384850072855 -4.152436883201765 2.4189371453332265 6.008882322055277 -0.40320969367362797 -6.400307355860035 -2.8405325130152446 0.3022169611801375 -0.730832660993105 3.5768973656630836 8.397118083123146 12.266605063110694 -1.9009189589542423 0.8194502203881842 0.6516067552301498 -1.830412301836465 -0.7156694773438323 4.568140775213037 3.512087151937996 2.567584486932782 6.658900197963554 5.842693101548053 8.19243127666689 8.890631368619442 5.75455415359688 2.395560856766862 0.14823336588570474 2.032845770118673 2.904819900232507 7.060251539883511 4.5596122029543205 3.4460614367611258 2.3098267555738814 2.6623182424070113 -0.08093899681075609 -1.8513152108317377 0.9351291202536385 -6.02348812038882 1.3039227600740182 -6.1818007093254135 0.4290220436472674 1.5590058039383718 4.794575106508873 1.2484575937826328 2.2744166067298472 -0.9591400879106842 -2.8089606845430675 -3.569014547531967 4.270936869988394 9.594631612345019 13.268259994305069 3.9056957309271363 4.910249078105263 -6.3282940996653485 -3.8274036071411763 -0.6028316093109076 2.626085611231367 0.36837115927037245 -1.3011432157424672 1.8455601833976631 1.4751869485057314 2.4610023148985003 2.1795418508790023 -0.3044815373320574 -0.22470908286227462 1.455327014892124 0.6417621193302324 1.638835812718677 6.906276614319828 4.4797114793085475 3.4236687701579385 2.5631413186407954 3.8721761659809655 4.532650790567077 2.532873676907209 4.317453824455321 -10.282842480574246 0.5382821611162724 -4.53989193079922 1.1645756255863422 -4.5273313092350875 4.238540081178281 -0.7609614388360177 15.423315787439853 5.806325801256636 -2.9106438627275484 2.2463808005604555 5.315578809251631 5.460014085166261 5.657006592592584 -3.3664380410748027 -6.468930271221977 -7.950233865015969 0.5006343712991924 -5.315254647372815 -1.2526176947807144 0.23036021403455365 -4.214201579494661 -6.446222629942011 -4.95642675058038 -3.1539224641290655 -2.8144692199947565 -3.757408221156508 -0.7473308499473136 1.0715805882037324 -1.485766229043081 0.21696795657982243 6.576250335147134 4.202220592400381 3.089260411118564 2.091192325433449 1.5865150301576874 1.2075892833290782 -0.2611815485872292 -3.1637445674586 -4.450112351850605 -3.457456101275784 -3.428434754933896 -2.8568392835360634 -3.5731680889443442 2.263483514207424 1.6942337258261793 5.234407653369397 1.5333882572750093 -2.8267533171715318 0.5720946284404412 2.724874846519888 0.09134851994439916 -2.610866535227366 -6.141572844597136 -9.222063283670444 -7.74457487651627 -2.5560000749091114 -8.467574426715037 -5.581904835133009 -5.345102351078709 -9.680584972018233 -10.328440643973321 -10.74255545558062 -8.513276553397484 -6.919671142728013 -5.733246555921352 -4.101549441623057 -5.659676151521657 -4.803852864509501 -1.2234659827334613 6.057664926815689 3.758756544988049 2.552006031429025 1.2970699561910617 0.1583741405068662 -1.0615138171024125 -1.1833089522317184 -2.7864996896859866 -2.4185402436181773 -3.297199127750043 -3.3446516480236173 -2.7517342004962386 -1.7770992399434742 0.1146568515230319 1.843884268486836 2.2873138894710108 0.9422003676863676 -0.806123658638701 -0.7424172697813818 -0.6011671171224165 -0.47973437305492544 -3.686309203627418 -7.797788488516816 -11.406905337903764 -14.813611297145963 -15.257771194124462 -14.42148359702985 -12.057784018863007 -15.379884494086088 -20.47938066730973 -16.99543066973727 -17.525652649226423 -11.855444263743058 -11.885139512886301 -10.159539090725369 -8.081379400513999 -8.643349574048106 -6.573972330138942 -2.5302536312882147 5.447812190829981 3.2644757385662326 2.00951772741093 0.5163683853054882 -0.8999180842323227 -2.0495686630412004 -3.2299742541640164 -4.161424251747458 -3.1527157258655882 -3.527519261902678 -2.8190222546736887 -1.0591580556013929 0.11064073204629213 1.2521128581746384 2.1397021666025116 2.3498007716094347 1.427415057843118 0.30804243223532546 -0.2853731808163984 -1.0976687578219715 -2.3652204449122265 -5.227603929480944 -8.83267723238407 -12.45895584057175 -15.692231526275148 -18.42415899393015 -20.25599811988652 -18.101573579264485 -20.77518147202516 -22.107817248813486 -16.97523080712204 -22.033603301623753 -20.141211932168446 -17.415865969344274 -14.401269970426611 -10.988211527727646 -10.054852918918264 -8.461857456428366 -3.721451895541973 4.747373363823525 2.780687083536769 1.630815079398773 0.2132617271113703 -1.1490723445475357 -2.3511460617789903 -3.3734233998388343 -3.7559820353018303 -3.2051881500305646 -2.7498694458767172 -1.8347578392176545 -0.2850792540877708 1.4751576350992288 2.4288097163619726 2.6135698508860403 2.379927502111025 1.4086895779489361 0.11091717829225417 -1.152242766732544 -2.771056722429625 -5.073545096493678 -7.9649556964282215 -11.430571435789144 -14.89149168541648 -17.973026828868683 -20.392943086963168 -21.457639367782306 -21.743539204177313 -23.070355483233023 -21.808890134317842 -20.77595798496416 -23.397937227695348 -23.054618860259897 -20.784966237844916 -17.87552214452459 -14.877732323886018 -12.516932686709351 -10.511523929815779 -4.820339763733832 4.0957407198663205 2.3732377220015692 1.3845075805023908 0.17214284575129968 -0.9816532027924756 -1.9574875191948011 -2.5516640888167283 -2.731520963565663 -2.4510921713342526 -1.7663115144988148 -0.7473933327552226 0.5116176887798605 1.863701917437818 2.6683375365981252 2.7778141999386383 2.3212055012408745 1.267536542742181 -0.2808401081736071 -2.1883513146672 -4.527045363464396 -7.314108335320975 -10.44725379369574 -13.842357900121993 -17.17954899695146 -20.18746900628185 -22.604249905822883 -24.170692978671916 -24.979113296497676 -25.237734249523744 -25.035617131208074 -25.20314364398538 -25.17665442370017 -24.209999282426523 -22.372107701040623 -19.773786689774408 -16.996906371329736 -14.303250504876567 -11.994735298565663 -5.619950626625126 2.2865515461664696 1.3563659879415328 0.8390152031761241 0.225950832089197 -0.3198897392930695 -0.7089034912240063 -0.8034480801863635 -0.6334234200389764 -0.22489219271812677 0.39110360578346354 1.1832599200183378 1.9680297427381228 2.5625786737448726 2.796692749697843 2.5028746512038356 1.6678597583034966 0.27830427162037485 -1.6790025287065813 -4.217144568269177 -7.166064102369107 -10.355791263221867 -13.61665733962156 -16.779258338142437 -19.74303351832608 -22.407426517446318 -24.630944508264175 -26.272079019181355 -27.341744113697217 -27.8512246948083 -27.91993225598029 -27.66739981269845 -26.959138781298986 -25.658704255428084 -23.783965979341627 -21.32664806172162 -18.686052222419523 -15.897588856060484 -13.405753781672672 -6.586858722939426 1.2897280473584314 0.736870665545356 0.40169219672470613 -0.04957280639358731 -0.5546922890772058 -1.1012869775805045 -1.6485508784546095 -2.1846323430388157 -2.69564674752143 -3.164188446226823 -3.572705697906116 -3.8842367321775333 -4.061810611448886 -4.068184738948684 -3.866113511625658 -3.464541741835167 -2.8724171318156113 -2.098677650717302 -1.1522621393366688 -0.10866343052062588 0.9566504393420413 1.968201777079186 2.8505229167887394 3.5990112533583405 4.20905260090512 4.675916225805662 4.994886694320245 5.191282824041083 5.290369162116262 5.316670044926122 5.294674133604344 5.2422119508232115 5.176827535423317 5.106257593197187 5.0343017518706 4.962660870871357 4.839032431961387 4.661742553233441 3.6759883774570272 4.5025776265445465 4.572038891771574 4.262672538240261 3.7378984066902783 3.071998651513376 2.3134820035922905 1.5044791231864594 0.6462581052086754 -0.2603771928163444 -1.2178999762958724 -2.228885816967684 -3.19338646605154 -4.01158902285412 -4.583843106938857 -4.810415940344011 -4.680555010058895 -4.1835242487243125 -3.308598279622581 -2.0452715649728437 -0.5557270257624887 0.9978539682627542 2.4531221796524934 3.6478873207526785 4.633812242966824 5.462337114919911 6.184957273406611 6.853107899227892 7.460623823357066 8.001240783207972 8.46731316881476 8.851095973651574 9.173502758475731 9.455003723239537 9.697362349570385 9.895205111203829 10.041106065660726 10.028647942659928 9.831750255310716 8.04559998443757 5.833315668853615 6.177804908020021 5.882554797386585 5.332953326171318 4.611062219270437 3.7840407464716135 2.8972917694545046 1.9374660639225907 0.8895196055175254 -0.2677462362993263 -1.55559062127274 -2.8372540561558623 -3.9761482541409907 -4.836276135334902 -5.281232231542863 -5.28636846017211 -4.827218841168575 -3.8791348929007983 -2.4183281877527802 -0.669443259908203 1.1424133109899401 2.792265104831126 4.055279494154902 5.032738646494288 5.82597543250879 6.537301697486165 7.268402888037182 7.994361023904671 8.68973155077044 9.32810300899905 9.88300321057956 10.374320712192079 10.82169562158285 11.223669957823326 11.570462296455146 11.845756293463008 11.920270431477146 11.750612537560217 9.718325437523877 7.443035455722881 8.111566829203818 7.834963285233485 7.261721234672677 6.484873537701164 5.588970319080814 4.6185116440207254 3.55214398799165 2.365445606464859 1.0065540584604076 -0.5760157220809572 -2.2024828967711247 -3.691966059857469 -4.881782050525015 -5.610260405710484 -5.835604829155748 -5.5161631702135 -4.539293751932652 -2.7941531038305714 -0.6297259201281306 1.6035085604115196 3.566994899944547 4.922803661344592 5.793036258913429 6.3018471744390006 6.70813028486634 7.268598847615684 7.98587688672476 8.860258925237712 9.79171525518513 10.679947240503251 11.506386994446954 12.25053160211857 12.91178415224178 13.480175346370164 13.935346375702139 14.128539958704064 14.000008784806498 11.70045381940699 9.122408233669631 10.103088637301154 9.84739071007591 9.259232444012007 8.444645834157079 7.494012974132418 6.440405793327503 5.278468053156309 3.9984327040953698 2.5068010829117178 0.7102874432888434 -1.1741489282938857 -2.9260453511294315 -4.394982863728022 -5.433632884436282 -5.987050564884239 -5.998750670483327 -5.1273459685432785 -3.033909623669966 -0.27659663802863393 2.579812377946477 5.017878608458843 6.518112155984416 7.141362134470819 6.951704240396564 6.529475768069908 6.467699473676403 6.904945011905408 7.965797392630991 9.376927409147378 10.863364484438906 12.287848790657204 13.516138240699512 14.560604967861433 15.421301466896322 16.08884307081728 16.410467996331064 16.32224876420974 13.75900400642719 10.894726028500983 12.165320070007688 11.940821213011406 11.357288541300779 10.528581488346514 9.484868745475591 8.183859532587617 6.838865275707675 5.653979120091299 4.3519874440810815 2.6545295988575237 0.8161348599216812 -0.9040269931367587 -2.4696487235051054 -3.846279271691888 -4.999301376006711 -5.892729280739208 -5.585312340232788 -3.1234415474430652 0.4739339479233318 4.1673762385888535 7.22091377792082 8.90899002994193 9.18067347340598 7.96871861617631 6.1908369544234905 4.833716964612246 4.613816790656465 6.189225381923067 8.650642102444097 11.177142207182431 13.408034556976888 15.10558598614286 16.515267937507517 17.600293747205605 18.42444129001392 18.859525723560136 18.81416498441505 15.96945000486505 12.613085419137333 14.108224926650173 13.932269954695105 13.388863229030916 12.587306947550202 11.35522257572875 9.465196585041646 7.741466420373993 6.981605596519693 6.476716367999822 5.417238816077836 4.322755660359171 3.4740251095753782 2.122186582426071 -0.43541624769658327 -2.5697850616722007 -5.099809072632433 -6.651681758418237 -3.35541804643845 2.223177559953574 6.383269810796392 10.375444140920504 7.605951804002784 4.9822194481059965 8.810464761011211 5.377141397562922 0.7976148835665362 -0.8318185613177033 1.866392661686027 5.815904554771971 13.3374966724989 17.29821750235997 17.161710456005324 18.83463021626912 19.93511844558788 20.789969367989354 21.292712224097798 21.297134229419793 18.17472933953352 14.249428112091119 15.885512175363257 15.770315258204427 15.317086087959662 14.904231661245797 13.058920305074736 7.657243227941048 5.026385245900594 5.799622306467128 7.544914778573758 7.641241468021935 8.39584447833923 11.58861796174931 10.814809257059032 -2.15261016645208 -9.134034231827345 -14.788287811519874 -23.64516845636587 -9.434567952756925 6.800554982688939 6.577914793044016 12.293171502874664 0.8567804160352512 -6.257460323839661 9.750835980229724 7.7697063231741925 -3.167000741393767 -8.97622228284034 0.2218351664228065 7.910245713885925 19.776415513958725 21.570730342587634 18.385619312512752 20.631312967091073 21.849271285751634 22.825935625273353 23.50330929368361 23.653664948667895 20.338622518016784 15.763480066661435 17.436273931040123 17.388397530532945 16.93543075484569 17.21608935638607 16.53982138624745 4.594663202389202 0.43993229295014996 7.41972642017648 11.662818657186996 13.046491237076442 12.736802386619187 10.203475515969801 8.288829246157343 -5.370197055601024 -17.395526007485433 -17.91967495552127 -22.855533162022805 -8.330810843570992 2.6152967572459174 2.8891196650281668 5.782435637012638 6.2413030096274476 8.507236699894207 10.091056571241127 11.695346882599969 7.788152069065549 1.759462336480452 9.041960301779408 15.65023728142669 19.356614647215398 18.714976822740372 21.67643866336695 23.148986081446868 22.73118854966226 24.02808196035114 25.232906504683537 25.74623941558921 22.408239152449962 17.098543944315686 18.621524791839434 18.527658211820025 17.930980433368116 18.522101419337833 18.124291210996233 8.507496641439346 3.044132865839498 8.357866026009658 9.328732377940902 9.055588718246284 14.939796740422848 7.6658358012715695 -0.7118404978567626 -5.427178817643707 -3.9575100018789984 0.6882274500057851 4.713167337352403 3.1712668601802285 0.3268301701039172 3.7905069151687756 2.95882004262022 4.069427598735016 5.738901058384596 6.70794863452693 8.88971563548276 7.999945898854368 5.662753350398553 3.8919372982112104 3.961475942861278 8.217359989183063 15.766376052138845 20.625159553463714 21.827141548900133 22.480429061240216 25.26718684421221 26.87366103722217 27.57845211851784 24.282913087291703 18.197068724009025 19.301112112423258 18.92871890709011 17.935797961259453 16.735107897575283 15.76011086599137 11.45373003872197 14.50121749230389 15.748942272479104 17.60668753440254 12.699173889104458 11.319363945346446 8.099565309239836 3.8924537794329725 1.409586880151265 2.166939113156728 3.6631369580522004 6.789829650122686 3.705364272338415 -6.49299431112132 -3.0285973194016176 2.9165309155548433 6.002328002131063 5.087837665667019 1.3110149640991142 6.131037744773811 3.020329865293359 1.5352546407356138 3.5459040018986636 4.797671623165858 5.732348978762637 14.805719278138675 19.454707223089645 23.73580971191199 25.324528124165784 26.7754146726434 28.467833379552083 29.144342267148758 25.860828605177844 18.990493579101408 19.49260246778707 18.730076966287342 17.342707898628277 14.823161646747344 13.594444101107982 17.240218519509668 21.242612300896308 19.07361777880585 20.46636176465158 13.231064509333839 6.5758565526651065 3.6250539970722824 3.1234497502738754 4.396211933458686 3.985198233159671 3.11939941009061 -1.498462587237927 -7.693608039888358 -7.634243541185937 0.41900942245968414 5.051464853286324 3.6653971807298498 5.433151871868437 -2.0333306798842776 4.175196254918854 -2.126621102480015 -4.440409749211077 0.8853844685769944 7.4023120083413865 13.368023453287977 17.102582637706107 23.279691322006418 27.554852427956746 27.600986090791473 27.661846405503987 29.97745411413758 30.567203197760545 27.1586658822935 19.41018251706044 19.213478033825456 18.069821936945466 16.37357047436443 14.437231709253469 14.069243617546531 11.314471588628747 6.390259217773476 9.704622793083383 14.962871194324421 9.710766617695459 3.582949716884668 1.1125309225768256 0.9411783802019639 3.0334638410473658 3.889964233146967 1.1318131021672926 -3.869711758739003 -7.94198080809753 -5.029491068882099 -5.2985180785785015 -2.325890799229684 4.682066576674933 -2.082924136350497 1.368971569709664 2.236376885980563 -8.719440676187327 -6.479736745368685 -0.5061253717402738 8.122072853565971 14.46756740615587 15.868835653503828 19.895096144382226 22.878210701379615 24.850879440389892 27.45695462054386 31.322520657669752 31.870118090613122 28.192844603044605 19.387500758747205 18.45346827034284 16.99990159526377 15.023534393327447 13.176758761528424 14.102031169357312 10.887449543108264 3.476817724834012 5.727793860231812 6.409892804730365 4.729237806297831 2.1284306883092836 3.341551577572206 8.921228915327566 12.890642070828239 8.426782347356333 3.9000828791358995 -1.045047991387229 -2.247313331036957 0.8203527367664972 8.810212700925808 -1.0766968060947544 -1.2205462433449283 -2.6630331502296536 -8.214430016398008 -2.655399794474452 -3.4912226951930414 -1.8412226431199572 2.353763789979736 7.0381233595792105 8.913197153874167 8.79099812376167 14.661000972706313 17.74387871185458 21.92428180555099 29.895776557604865 33.05106414010573 32.183887426308424 28.607883497452516 18.853721887382815 17.202075223383805 15.572115692927072 13.410240067518735 10.800477506757616 8.321246734088962 5.425392492019058 2.135068946997607 0.5329385764309202 1.9446790503855675 3.842011102676447 -0.4120492548284375 1.7334646882856166 -3.000391798749625 0.014057268807902644 -2.085772384971021 9.802135124110578 1.3954489800414833 -7.887445260044138 0.48233930081950427 2.5875342751871426 -6.5624543634906685 -5.296016782462506 -0.4752535306580522 -5.776793355813962 4.5966612477372975 1.2852555767229679 1.382940471733669 3.7013986201704956 1.439649330649781 2.6698142357602506 4.863648501230611 10.85206461192106 15.765101623402852 20.624314817689733 26.12366682252881 30.41556448212308 30.634518994556146 28.04897782812033 17.8790280884521 15.475766892274986 13.645799290391105 11.208386171360976 8.11754417921629 6.990938431438681 5.25574710224756 1.1094280748526133 -0.38517648078536865 4.021770303250316 -0.7535696792698402 -4.7180350857492765 3.755706044917227 -5.189801864990973 -2.3582532292714067 -8.244997104508833 0.7510503008873942 -1.2655816917778182 -6.59086072430069 3.091143240744722 -0.3283367758709865 0.7295335651945171 -7.122316972936349 -15.363438966620441 -10.169332176801017 -1.144531113704682 1.2213893713191142 0.5007282675780558 0.0482620585102921 -0.8776285232430907 0.5955322365052713 4.007420516840974 9.733675714459222 13.537781200648112 17.172229738613815 20.016603376258505 24.792283590035854 27.791850892527943 26.748960828877614 16.532258563011258 13.2900480830088 11.080306495539336 8.072954838700241 3.6398377343028048 2.5381095277191488 -3.4587108999890366 -7.614284162275509 -9.487288966768007 -9.519938282011196 -11.237451936721905 -7.055912110582302 7.682598237586578 2.3468529222274674 -4.650202573851104 -4.629022108617389 -2.492758370305742 -3.429243502113618 -0.4405411839244872 2.0255215910097477 -0.9742213674071969 -4.848820939963631 -9.910360776681472 -4.923647742913953 -5.9170240546993105 -10.191195435304314 -1.4378890540155727 0.8527797107504603 -1.505671993607424 0.8939204161883374 2.447899702877227 5.126461039688973 7.422033248311351 9.481965635168326 13.762524232793426 18.145130316750166 22.097912600340592 24.534729268600334 24.942157106635122 14.812278951319064 10.751176043960056 8.152211732328098 4.623690438196264 0.7474514524070753 -2.2777031714280036 -8.43858558425496 -11.887873289280956 -13.53621759165017 -12.58036698045551 -7.480000803926548 -4.526353501420577 -4.298504824254969 -7.433686133372847 -8.960433340697717 -4.544745879683613 -5.207617391176092 -0.2451418337382141 3.741762090048406 -4.079568288616125 -11.06366338186581 -11.900554438860528 -9.922951083592828 -7.656748452801902 -9.287330400328695 -16.592599423752194 -12.930380723226659 -5.089407805130234 -5.380746155447752 -4.9096251064817595 -2.0719803560051715 3.481914183793853 6.043507231444751 8.158775451241425 10.890099465153401 15.086520762161658 18.606862711328766 21.337295032114724 22.803415421514643 12.699313919516115 7.948682631502505 5.123268436774279 1.4061090241933478 -2.2351079400240184 -4.014354254007919 -9.34847006536862 -12.697009327125603 -13.398200342410606 -13.022004379945702 -10.685294296169594 -7.578108392953291 -4.817037622791554 -4.422673653998869 -6.8895568649381715 -7.810318540315482 -5.691225143613853 -3.0736265375312857 -2.4116168155343125 -3.606961864579764 -4.9580684444558605 -8.755879894349286 -10.105465378447057 -10.872705029680596 -11.677348811720684 -14.56773426514528 -19.234784619224992 -12.945053758317277 -7.557731803514963 -3.1441961909500837 4.555900496000698 5.061572891085555 5.3064057862485905 6.450359812322943 9.950038870752953 14.743671688523799 17.652429627603496 19.300306576696 20.47370524184624 10.485572400007282 5.18004726016576 2.242942269938514 -1.4721587804619667 -5.166685836199142 -7.717913434221107 -11.766433435692578 -14.009125637099256 -14.259103129374832 -14.064998800940643 -14.051088283967864 -12.719482073986711 -10.838153040564395 -9.286796851356662 -8.633828756452688 -7.96367254053476 -6.240240735281039 -4.925336204117734 -4.839899684313731 -4.889484083274056 -5.602915807660772 -8.144534563252874 -9.498722112577546 -10.79255569784577 -12.223143912918232 -11.862197384487681 -10.842112559386402 -8.477423131600963 -6.487148036484129 0.16255436528121375 6.59266365423466 5.231802629657026 3.3692229576176858 5.569152653172512 9.971591836284743 14.170102386930207 15.886425048345467 17.141121258737915 18.134540597584373 8.203750234968846 2.5073933582025556 -0.44660994578583735 -4.092420039846101 -7.721230284247201 -11.049599011400355 -13.769642368395456 -15.726482940386088 -16.718879693373715 -16.786492085324213 -16.294191884781135 -15.108680361278765 -13.779542386250457 -12.246785755810667 -10.419517683212222 -8.964429115546674 -7.649993039796583 -6.89103264020837 -6.770921929693911 -6.785336045090467 -7.523528448069401 -8.57258824822125 -9.726379288339468 -10.976674124483957 -12.433074586690271 -12.633091281504353 -11.6643465425252 -10.21869988495087 -6.271833998267816 -0.9145010571433116 1.7911591927548984 3.3049565181307723 3.2036281641738085 4.4808667016812525 7.45235236653471 10.801769943182922 13.068703528234645 14.413404451899796 15.630905967053009 6.2344981187731765 0.3543013678639821 -2.5416543478209297 -6.0652039165824965 -9.541470498297587 -12.785869139232094 -15.320842592460366 -17.136412755909234 -18.176393084802154 -18.39209359384189 -17.64958006486512 -16.344365669653286 -14.78761799696963 -13.168000822034516 -11.512247016793332 -10.056679626644554 -8.898592901620752 -8.128779452508828 -7.773156330792151 -7.763052108651412 -8.203880475043299 -8.97558689370296 -9.995591550231522 -11.01836993660605 -11.823756041839784 -12.000792510195575 -11.2034064407288 -9.397147353029338 -6.262663156480053 -2.892539868719554 -0.4378829657299983 1.2394959290536773 2.343868136780344 3.688753603480919 5.939424993768944 8.409222219929944 10.485927934227904 11.896511076111336 13.371108065765583 1.3438026596707677 -4.133513672451674 -6.531918559991451 -9.353111992622331 -12.072191288065948 -14.585092225475437 -16.498985283879673 -17.822951541534568 -18.544545895294764 -18.62137913452853 -18.009072618255733 -16.898348958928036 -15.479827982215118 -13.952366096031076 -12.512413432799837 -11.22066707994364 -10.138378044889807 -9.273815994761236 -8.634437653624305 -8.243298045614488 -8.123535909551068 -8.267815620559384 -8.668676962069444 -9.096120523688276 -9.320090261433663 -9.223286440050035 -8.688422653300842 -7.785224209995473 -6.583824430872075 -5.252212252008731 -3.958460956226538 -2.7050355990693307 -1.4937747500847163 -0.1949412463130539 1.327393421578945 2.868463651941684 4.30954392537222 5.398737607423037 7.082645999663728)
(UseCyclicTransform "false")
(UseDirectionCosines "true")
