(BSplineTransformSplineOrder 3)
(CompressResultImage "false")
(DefaultPixelValue 0)
(Direction 1 0 0 1)
(FinalBSplineInterpolationOrder 3)
(FixedImageDimension 2)
(FixedInternalImagePixelType "float")
(GridDirection 1 0 0 1)
(GridIndex 0 0)
(GridOrigin -108.06172062882908 -122.15077421923327)
(GridSize 38 26)
(GridSpacing 80.42862382982955 81.02467595765332)
(HowToCombineTransforms "Compose")
(Index 0 0)
(InitialTransformParameterFileName "")
(MovingImageDimension 2)
(MovingInternalImagePixelType "float")
(NumberOfParameters 1976)
(Origin 0 0)
(ResampleInterpolator "FinalBSplineInterpolator")
(Resampler "DefaultResampler")
(ResultImageFormat "tif")
(ResultImagePixelType "unsigned short")
(Size 2765 1792)
(Spacing 1 1)
(Transform "RecursiveBSplineTransform")
(TransformParameters -0.1358626514018267 -0.037045800048362554 0.031139541008074846 -0.09057679998805199 -0.3856813027771827 -0.5794939602957623 -0.5792711789878597 -0.3945417319866936 -0.07401802829775428 0.27780267430208583 0.5162501495622598 0.3642237444399736 -0.1646649186060241 -0.7768280050679344 -1.2680491440748354 -1.355698398525996 -1.1153103273593685 -1.0735677999624038 -1.322944888763422 -1.5957559006773347 -1.7954410542116042 -1.8955140813285587 -1.897031262965603 -1.8497042746418402 -1.7895562058782157 -1.761100427046455 -1.7746722104681123 -1.8066744644079062 -1.8415944911112245 -1.8609563232959263 -1.8540036827928692 -1.814184404353454 -1.7446699338754812 -1.6594774947542625 -1.5714740147756916 -1.4751209703781076 -1.4178302001924128 -1.083905906756817 -0.16596586516957187 -1.7273765056550634 -3.3146890484915343 -5.11098357375796 -6.17693637965825 -5.109669804618704 -2.377960619489986 -0.8743199063197978 -0.7757002203202858 -0.1388882096537375 1.6929205310078665 3.1566530135629627 3.1585807982265894 1.0891716220257293 -1.9898894436119063 -3.1179516347172713 -2.3415603397239515 -2.0037233542841335 -2.578504084154911 -3.10496156505963 -3.317498152174672 -3.2843113140855777 -3.0488398241058823 -2.7115663889855197 -2.380175036285405 -2.224518066096133 -2.264867071239844 -2.3745791658091857 -2.4786594925951877 -2.4885819648467082 -2.4165786807907543 -2.403338045623684 -2.4647224522625253 -2.5097018521806076 -2.509317677589335 -2.428404362585186 -2.3477830429038082 -1.807735268300194 -0.1274931497618704 -3.548494560230249 -6.941199670022045 -10.105228811228933 -11.68908028048725 -9.110899970267297 -2.874942425817951 -0.9039002256829117 -0.7341293637023472 -1.4470509487227696 1.7040133252070553 4.510410624008416 6.612087916959427 2.4735234070641097 -2.917267373282308 -3.236481207659045 -2.5650124850651834 -2.4307471930795694 -3.3003740990930757 -3.8978728649556746 -3.9401401316982763 -3.73709739010833 -3.391458447825638 -2.911893431436017 -2.430934995816036 -2.2579842774810803 -2.40188445378743 -2.5586916960720227 -2.622516261774744 -2.5253846469852257 -2.320892145928812 -2.254251085153718 -2.4245990697756628 -2.625260459776778 -2.761889201361716 -2.7459901700502987 -2.6664911005858793 -2.051649409117647 0.011795827224486554 -5.7445283455075 -11.271420109136665 -15.46215255675303 -16.761755083270113 -12.134201449789234 -1.6141052799791107 0.8061279613309668 -1.5656249326016396 -2.2819076866583234 4.1431698616858945 3.3761307537792713 8.229468708811094 2.066614897193885 0.23194251141665184 2.025920409590872 -1.852096638283519 -2.107966706545022 -3.501675391341939 -4.161952586795994 -3.839021425738388 -3.4983053884778195 -3.3412823202369752 -2.976264025475176 -2.559924595064366 -2.7113894251696276 -3.341796505819963 -3.58344208401728 -3.458751777438201 -3.1675036716916853 -2.7122922839857657 -2.5200663732266295 -2.508253990443776 -2.7867625217459464 -3.1190489585016956 -3.2077235750630617 -3.140785149493578 -2.419467950877882 0.2308398985613862 -7.221167419833686 -14.395061349051092 -20.662249494468185 -17.521528976261642 -2.7600464668871747 3.594260844054079 3.214391779556804 -3.9868410924924733 -6.219304083534135 -7.333943264810203 -9.999552549456899 -3.875081038103072 -4.893140288479567 5.146173670219291 10.08082172057711 4.2246850137865595 -1.113637547159597 -3.171559187987233 -4.1259086819838 -2.5427624691647153 -2.025200493014099 -2.6464394084849556 -2.6657297534328994 -2.485840971482474 -3.4523464048799664 -4.93060666265015 -5.549221799240185 -5.205615223689607 -3.7196861834097037 -3.172029310627296 -2.8292335805245528 -2.5592293386481266 -3.0183377559381115 -3.5093162574335075 -3.6971949095164076 -3.635471594266301 -2.7919029581611685 0.410813174009799 -6.114986658045327 -12.227369592123999 -13.629156120586101 -3.961756841184056 8.973890510002413 3.542804887270788 1.977146274541401 -4.9640351912314715 -1.9504113013853983 -6.039269589632322 -17.318672350587242 -23.045146338216323 -16.592554007419313 3.5604767080467052 6.679931757160844 7.013940713602746 -6.353384185919973 -4.827574731141924 -4.7889530473068564 -1.8024533153897515 -0.5284908977191505 -1.9933161759634639 -2.0392678675115854 -1.2461792937119842 -1.7222420893945132 -3.56664471978488 -5.800690961185006 -6.403889460390941 -4.98378649862049 -5.894856834201508 -4.98198943913306 -4.096411357794237 -3.8690122452711617 -4.146659548303149 -4.309172962224091 -4.193502043793162 -3.175513864935905 0.47173419379867315 -2.966701610223408 -6.06364218301612 -3.306353262805113 5.072610203281943 5.693847570064398 -0.498442539410016 -2.4773372725637643 -5.029639609415588 -5.37044607019772 -9.357880609261795 -21.956539823792404 -26.39106195167696 -14.971609036842072 6.388698004246461 6.563244833236531 4.098511187358683 -0.9580011974100824 -12.37349379595245 -10.604443642218964 -2.882347045049528 -0.005535328195446306 -0.5225530041686358 -0.3736674017325538 -0.02122338396520503 0.34005474739765734 -1.8286470605440648 -5.359476610519316 -10.819060355084527 -7.491353222389563 -7.938138677522774 -6.9750119022379575 -5.787116422583031 -4.63579818347531 -4.933086282024433 -5.037396189359622 -4.7929126361769026 -3.5062424347382897 0.31114270200543415 -1.5015522117685574 -3.5528601072493244 -1.0024320568209568 2.970814707491008 7.057442577788006 6.509820413897719 -1.8617145146362246 -7.252905146934134 -7.4119375156849765 -8.160254705901691 -11.443569222610176 -17.390109948415354 -11.945740394248794 -0.2751051075582731 1.1906896022181406 -1.2527856193008 -0.45651869293596165 -10.523354320658672 -14.127647945916953 -3.550730225939432 -1.2640698121615281 -4.139870924290676 0.46382161274979583 4.501042230285242 6.103884848089233 1.8242276095943757 2.523841895470147 -2.761970795564903 -5.777248541215375 -7.863021083762833 -4.554389225222954 -3.3138833658813875 -3.372371504085803 -5.347733249844509 -6.091143440617361 -5.515875201027434 -3.6636945204286544 -0.03838575734152865 -1.995239428228459 -4.295919341272915 -2.298526369665886 -0.8902875351943619 0.7039125144854426 3.102080024472757 -0.9782196076160489 -11.021240105062157 -12.172206776752253 -9.256453478968345 -5.593735493595674 -8.735096507111129 -5.375555101644019 0.35764661387021107 1.875737842793602 0.7132513922323277 -0.28440222062597664 -2.6932688012059405 -3.010558969149874 -4.744195525145084 -1.945334260569465 3.161038195593195 0.5414385046521997 5.942882129917219 0.6996332176750724 -0.9464907319403125 1.7655947929303573 1.288368913377511 -8.644937778107852 -9.708405793463571 -4.39245140979548 1.360540232379506 -1.0876177000060356 -4.920420747656713 -6.958404298156348 -6.114438354635054 -3.641517295649747 -0.38596288886820773 -2.8838298330781424 -5.466955245108954 -5.704874796118288 -2.9088567316321727 -1.3850162117310718 0.7672556773644797 -1.3875472430395714 -9.68047409773683 -10.836176093101257 -4.791519825531696 1.5273107376301815 0.9315286144944824 1.73048347855464 2.8789865785447852 1.9129938395325106 2.3584186545473322 4.752630967835671 -3.6637526621683407 -1.4765097516545187 2.34706120592402 -4.265684659668958 2.0867421187220443 1.3091058990192805 6.76706002862917 2.2547059281098947 -1.3175610962136615 4.742946214063682 2.093981966678351 0.0776233656442339 0.8178308563811915 0.14910206338120105 6.52116383432576 -2.999870175756466 -3.5862760313106326 -5.645689010114214 -5.756599205389202 -3.574066710260346 -0.6863826914550732 -3.758364595947442 -6.761214412879131 -8.08039609173556 -1.962910212634933 4.150840082912144 8.683072738024853 4.1152765831901075 -5.38980995423928 -10.817742752124053 -4.9631369236062515 1.6142071753952285 3.55560934017746 3.813414868789279 2.4584281994186292 1.6159541974622305 4.442025916276445 7.187290741272882 -0.3296877449711653 4.950182595004532 3.5531647962059716 -0.8987383466753566 -0.5729567435853958 5.008339313183032 7.262431168841068 12.569956829292112 7.567963621394099 2.1954132950325818 -9.434135552177997 3.4391564634727994 -3.091008234672115 -5.0618979268581485 0.7951351406927226 -1.0314280919833496 -1.6506486616845033 -3.956848477500863 -4.482899023370776 -3.435354252302968 -1.0505598209526263 -4.506588588416168 -7.920246381144475 -7.368162054862134 1.3588942706017146 9.566154425426543 13.583548543475132 12.073466768532871 -0.1324881433845318 -10.559624541469086 -5.9635512871264105 -0.7193139682757703 1.1226177120991951 -0.013644310646735821 -0.8389438333666362 -2.1381216614787935 1.6569802740035584 3.9672505618880374 -7.554638627323556 1.2657682855448884 4.523577223187002 3.1711604764191224 -4.780297755641394 -2.751627963410251 -1.681345577664709 5.721555873634658 -2.142393732011663 2.217613499115371 -1.5058639217559582 -2.3848081148781874 -9.601489952912873 -11.618418321419597 -7.821231342083868 1.3276965644870034 -2.4042744910797897 -2.6659053348263333 -3.2464393863429817 -3.0349987074082487 -1.3908886396437465 -4.8306032938283385 -8.288064737118777 -9.03764656435489 -1.1818513215590627 7.324834406305688 13.399530211255856 9.896473684879886 0.6280617044960858 -6.701751082741615 -4.250467594003477 -0.2136032616711877 0.9257407667541475 0.4268368362187234 -2.888523696106986 -4.14255867560149 -1.2126024422300077 3.114317553372012 -1.9714717776806268 1.406659091840818 6.320996730428358 -0.16464956304958558 -10.689546206681262 -10.755084203740704 -7.516129646700918 1.6241966071893597 1.3736153617395657 5.357818751457833 0.14159327185207382 -2.451197229855256 -5.284367704136047 -12.727288008911925 -10.409743760994553 -3.234380872711843 1.6975959353107175 -0.0887109100197465 -2.4295877130985515 -2.3531685655066195 -1.382406143555906 -3.9424150714738624 -4.938954240560799 -3.8517798215139307 1.4444095308317861 5.963109565077011 12.821155566427862 11.498105643372048 2.4481442171556744 -0.33434430479469357 0.029699097346038827 0.9176105783263382 -0.6763827924477518 -4.887393019573651 -8.940561222475989 -9.377349719136852 -6.210936177978177 -0.7348316524523124 -1.7502290683321873 2.2021478802702905 5.836563090450113 2.5752890903967476 -9.178772072507318 -10.070082206847141 -2.826573183478931 1.6634971927342304 7.6416251732738605 14.535214510860772 4.402832626279951 2.9274252504441702 3.401649177237296 -0.2569694087652262 2.0865656367219603 0.09580720218522745 -2.172603761878301 -0.30757331682953637 -2.3702868839301305 -1.5773502307513718 -1.008292931799292 -2.353655301959017 -2.5363669238044175 -1.2032966873785036 1.8315208970339998 3.9798370090543176 9.024195120033717 11.998746485643773 4.495558310376203 3.5131643418057372 3.4468395582141134 1.9722245717049585 7.882205611713178 -6.495375871750312 -18.291986713578304 -10.885268018193747 -4.173580256825488 -0.06260269920053677 2.068510779003957 4.583085581302757 5.3534686172327275 7.5357379220073755 -1.046876178081224 -5.588424414037486 -0.8175216371333087 0.9990409110558917 7.4570502197041755 14.026966709518888 8.652039956629485 9.869534182307504 6.794823382820205 5.026118253793483 7.426749085595559 3.203723393906043 -3.6103518373761783 -2.8356230171345893 -2.472061716123836 -0.5819316297374276 -0.5548785823371829 -0.7263588046378431 -0.297949069666315 0.4140253850317072 1.878898722368957 3.827082312343167 5.316531819911528 8.226193713125653 8.614595106105883 9.428415382738283 8.526347729110578 7.195911559258527 4.487665121402656 -4.321058560117437 -11.753357250312487 -8.817066130870247 -3.2051127742470547 2.3868175861163516 6.1970699394590465 4.304396321193485 4.959515563439481 6.828491321957707 3.598472372953727 0.108972613584995 -2.013730288504964 0.2761374179677771 5.8049015405871875 4.143349930570256 6.880953688869667 14.491776962769626 11.134095043551362 4.061218422955066 8.863481042626592 5.730815591710537 1.5356995614221658 0.20139013849502216 1.0477248275737288 1.2505130334781298 -0.12090441488713623 0.5959209889232385 1.6117337883177794 2.9604190537679202 3.985674085217074 3.7975118890705444 3.007444752556196 4.677341973112537 5.624095692265314 11.22148907884316 11.056975826304637 11.063795073460744 2.2116369388733155 -2.070625023068732 -7.657666705082483 -9.852328982085941 1.2805719523816883 8.640245163809174 7.738041331172537 6.546897276214873 7.130821651035164 11.310875340875695 7.201839153970334 3.9681743823552442 2.1397394341231255 3.794917414468054 9.478619415884788 7.048972345565724 7.677372927819167 11.774120200279482 8.66021872898908 4.198215586018895 11.737504902092189 10.396539021688984 8.927661619490133 9.702274851099244 7.6523189939659595 3.6452841953602624 0.33866230920870094 1.9194892357157505 3.10777142712119 5.244565690245081 4.96746298246965 2.7442840075453816 1.6342304984376983 2.656874074399843 5.148208653085029 9.791561360876575 8.944560198110201 8.095389889398408 4.553955553752705 3.000038079493609 0.11191644729792778 0.8271163940831194 5.151250345789119 4.664864214417809 3.445151138690658 3.8497450933196227 6.125978569845016 10.684795662378464 7.751798104161061 5.866149399678904 5.295814619236563 7.3003295758950975 11.31624369875733 11.560107125127974 8.656868132677339 6.262892270194807 6.924229139978032 5.556110477023924 7.38541282879225 14.851868587119869 15.845486197697861 14.581880132304615 12.062116516967775 5.379166218761708 0.7462419444384375 3.138288048538772 5.761032450524808 7.251173207281292 7.388065906966949 3.844951785018414 0.30255476299149675 0.31246212001660756 2.2534586152783245 4.558186385491503 6.619337188415375 9.04026261348145 6.773515793961089 3.904568321908519 2.886926870049538 2.7673047157525184 2.5983842201841534 2.121487428941693 2.1116826574132754 3.0868378337638966 3.2868318493035336 5.328514205211977 5.956248392436746 6.191530661628884 6.535562827579843 8.440712062388506 11.624844480096554 12.225421513532003 10.130596458262358 7.15787125935085 4.42108703794397 6.372733765592246 9.049199577000241 14.651576481779408 17.947343780724072 15.389891003325692 14.049172408898722 6.010620543800296 0.8811913377199753 3.3133707957126934 5.750921479937494 5.3027230635807 4.8340485655785255 2.4246639969112844 0.43097311472792604 0.35474874022497616 1.0151472262894465 2.574767867388539 4.796036560701142 9.064685796362808 9.378959377973962 5.077212974211932 3.5909943815630885 2.472135993861043 1.731621663548434 1.782075816185838 1.7393451845961336 2.4020966978775378 2.389390900053843 3.401014966175746 5.005414002410657 6.474629997498655 6.893137227926122 8.263566402552282 10.323951328671912 10.89275998663308 11.314558670441713 9.804136174874357 6.646829134834647 9.450422504060352 13.187786498418957 14.992412470115717 18.072530052851654 16.91703745777745 13.535018757499985 5.516091688480301 0.7413591103531094 2.373141141708997 3.2261113176294045 2.8430285241224467 1.8213671981025763 1.0643553105692078 0.7127355251302319 0.6188718600955105 0.8345211395778539 1.8162291129978292 3.3511905111074447 5.0436372995723255 5.924252649366871 4.419889904707239 2.6838806539043487 1.6660757089667737 1.5036636969066133 1.7593642913283296 2.138875439981282 3.0898062010446403 5.458370868247837 4.621898336881412 4.89950627641348 6.203107510208343 6.1931666862379 6.851032428397738 8.295854604135352 9.037320983352421 9.374166759401627 9.605320153936555 10.21070118140908 13.490757344406152 15.033083100348959 14.23653196730175 13.970194527587127 11.935541211336044 9.425705995217323 4.243624133915501 0.5379499978710979 1.4440446425536764 1.8320411328622452 1.747470596525219 1.141869139844223 0.7486530173452819 0.7278248613498667 0.7467926325212778 0.8196293283023173 1.3126149977270352 2.137429143593628 2.783299280547719 2.980576962646856 2.5316954385363526 1.686659100583976 1.2764085631122677 1.4824422771032595 1.903088107050727 2.3923538528998276 2.870694695527854 3.418466750667228 3.7184235346133288 4.214492565234904 4.721642857711443 5.009226532315166 5.5788627571614 6.422839017458251 7.114390621416459 7.684603536807385 8.578685835867294 9.811050161405712 11.276242079690187 11.945004594409273 11.243985532467576 9.492450824658734 7.46914626468543 6.094650554410021 3.223959154744001 0.36120209340636444 0.811212015214988 0.9843690341948902 0.9889639011048208 0.7816898610879066 0.6641635466042728 0.6865572332426412 0.7046338758631886 0.7295912681547126 0.9317320803991352 1.2860173375291717 1.5839556823121421 1.7174023115672463 1.5896893046104512 1.2994999676947125 1.2110509960648577 1.4020961468631292 1.7091973598187002 2.0539789727651985 2.3675999541169728 2.6456738968332005 2.9761441708265854 3.3622908997256054 3.70909276373854 4.028582979665012 4.459613096316986 5.005986237601326 5.527081596536426 6.028972469881931 6.685331377690031 7.436511738221152 8.01980884004468 8.215035738596248 7.6808301072498635 6.546564906725634 5.361113711862872 4.619923462622513 2.735407702419727 0.23660107362995686 0.43479322093724765 0.5007221909626337 0.5593287224986647 0.5776528517804846 0.5881692035274535 0.5984669818310218 0.6072667624782192 0.6266370106860177 0.6904493694440806 0.7953047740944921 0.899909468404711 0.9834930976017242 1.0281846310540075 1.0530246875120177 1.1241290209180816 1.259260796957621 1.4359120363008735 1.6428138374207855 1.8691440597273186 2.1112195126788986 2.3741349680198436 2.6539419067159193 2.933034397556252 3.2202637845677797 3.5589223524521687 3.944794065125543 4.327597539341397 4.688625739407215 5.043483098354284 5.351614529579555 5.513449254869687 5.474344066566463 5.182633768158703 4.69869373984297 4.123114385603192 3.7216535220834635 2.3640768021967578 0.18317659019795793 0.3083283918052752 0.3450541242297914 0.3996771732275872 0.44889010343591684 0.4837277856877186 0.502800338313873 0.5196762463232651 0.5422104718305688 0.5782280979940756 0.629427148862023 0.6907731470584183 0.7598033994959459 0.8329928985221003 0.912556765097037 1.006819724242247 1.1206758548618274 1.2577650422155082 1.4191849635524434 1.60339003094882 1.8084616194641088 2.030562964557539 2.2678094716900308 2.5183831562263777 2.784924335420727 3.0801933441635168 3.3968684406525003 3.708918361962214 3.99547756266495 4.238738825785947 4.4120913026238515 4.473469120603944 4.405658140283315 4.195970901816332 3.881124190493897 3.486562742128659 3.2061414935437447 2.1127312836704863 0.09725647733010341 0.15813635709825355 0.17626885398837105 0.20083206032471598 0.22245006712186924 0.24418975660329106 0.2659202165019967 0.2886014873726414 0.3134253190652664 0.3426243500449985 0.3767014606095587 0.4145222937598053 0.4556817967300867 0.49959547568250356 0.5475449124071046 0.6030265667673707 0.6679959152521241 0.7433189400388163 0.8302829835655242 0.9302161649174072 1.0448603257464908 1.1770969248260452 1.327076954026668 1.4926073397727992 1.6712376998155587 1.8615281239814025 2.0549398060379764 2.2354436351164075 2.3892825998020144 2.5003842155240594 2.5626444721724138 2.5815315608039406 2.5537013730436073 2.4609902373737 2.3167173200468327 2.1246710207457027 1.9881886501705652 1.3720292464851682 -1.9693279931526293 -3.0965321349024157 -3.3742964657094894 -3.8835953477342953 -4.382064633688041 -4.593451741246173 -4.53212214519883 -4.619476403430454 -4.878702746477514 -5.001959196578256 -4.829649389470905 -4.16033010080932 -3.1959218509461262 -2.740535706675245 -2.7916679054125595 -2.5176610607781758 -1.7768941469982216 -0.9615344506231873 -0.23083622153127614 0.33393492256408247 0.7110323004592485 0.9613945651166727 1.1314661394558017 1.2806551427357826 1.4497590191955598 1.6747744336182147 1.9534641061796094 2.2411144656709925 2.5038892885059463 2.7008536565374497 2.816596662258987 2.860645120565537 2.836283986487435 2.7406117383775506 2.5933966306079035 2.3954188540054266 2.255083791094086 1.6034811901810035 -2.9034303248665037 -6.335316360376663 -8.352924440962921 -10.343995515761188 -11.315591924853699 -11.110291096434727 -9.85648697761232 -8.835766813206376 -8.257614080982313 -8.202544833609707 -7.941160146505053 -8.339513272485377 -9.311045902081569 -8.455877600240502 -6.088334686263081 -2.7840395882157596 0.29291169708057563 1.7789002711156117 1.7101710615556274 1.470361415320921 1.4747680584563103 1.4880677953789798 1.4783095323153348 1.4234361023148023 1.412360085500459 1.70813750059466 2.323258847979011 3.0406461736938724 3.737426008229253 4.309126194250428 4.709912756465342 4.966377665949504 5.069390927152413 4.969549832224151 4.698737429886939 4.284216059553393 3.959123741165072 2.7243234646084042 -3.216264537329584 -8.621737412893728 -12.299918583674831 -15.451482797960963 -16.696654812580505 -16.42931062595212 -13.379497494735462 -10.730895433374462 -9.401112684858147 -10.634320661338128 -9.186523815428218 -10.398242489456882 -13.168746290159762 -8.659793878420903 -7.528935927028574 -3.3684804101779307 3.0367462950401207 4.536346701263563 3.1026926792739844 1.7448827932644 1.3414201419702478 1.269892158154286 1.3261513029663266 1.2524287039304518 1.1524958837433723 1.6055041744083183 2.6059477790620784 3.6345218236803127 4.530202792248456 5.264152026470027 5.78275996119833 6.054360948067734 6.095852717096393 5.927455535074884 5.590559073146425 5.06448011838093 4.629348235036765 3.119918160676729 -3.803519348674575 -11.42561854604238 -16.701174655868872 -20.019448823824717 -19.974058758937787 -17.777431471998547 -16.71120734332264 -14.146807179243101 -11.549304536359994 -7.323491035515556 -3.9381632121185524 -10.801274323846668 -17.282414792145598 -11.034247475415814 -8.483211087655393 -2.009701747581976 5.835286959107649 5.219749802272521 1.8931805145767586 -0.565721149327153 -1.0009696295130786 -0.3107378158103429 0.644876403191426 1.1961471424310388 1.5759556584709162 3.1876476410036 5.420134002989421 6.908261369736756 7.97299545488748 8.748390147073705 9.14750207367861 8.85619394615587 8.122557549941773 7.498383795006475 6.981589225949198 6.274425645416288 5.65887308893272 3.718730621794251 -4.4284375744139615 -13.464222629638984 -19.44980544320383 -21.545304595962957 -18.365295128769212 -16.991625371226508 -18.40411690550365 -16.226247857317382 -16.169553318999608 -8.345997786020806 -2.356026625770992 -7.08293488775461 -14.089297642668825 -15.107101310473595 -5.737412414192831 -0.7058353870196985 4.3232255421177035 4.212510122619588 -1.4344007872881663 -4.126241538471798 -3.346511910890447 -2.1253945508057526 0.09671082713777916 1.2368094509592 1.951620651302095 5.302447909846176 9.606790186433358 11.755074481392606 12.490027244274229 12.959332831795484 13.578512967259453 12.63679366919006 10.766131822041405 9.311391466397465 8.573970567071855 7.655337016840877 6.802365667164418 4.3435155350989945 -4.771359751382696 -13.281554356028483 -18.404010295312837 -21.064336586217998 -22.272711185662608 -24.496761048893994 -24.189332433327127 -22.10116710786512 -20.042389686099895 -15.07437490356121 -11.060064564070489 -11.107839763697868 -12.402373966629956 -10.091224638699302 -5.908952180764152 -5.786061505919414 -1.6360465427944484 8.610006658647842 -0.9783309311063421 -3.2834328817217817 -0.34208260014523617 -0.23826872278319441 2.0213262186867436 1.2028304376191716 -2.202169818054318 0.25822956148184883 11.884325242712208 14.432889765413801 13.368609462178 15.165700121505107 17.16111451516293 16.90061119646447 13.774696482229242 11.344338918282505 10.50157369247699 9.311039045993542 8.130746999548355 5.010790803449926 -4.7211232564729455 -11.190310079696951 -15.808848403797228 -20.565627322098294 -25.83327578898499 -30.304648594665633 -32.516172669637385 -30.872006221487442 -24.439276121697535 -22.268145174719653 -18.64274340167896 -7.976984282770971 -8.17489351313092 -5.748227746889749 -5.573248033547781 -0.06885176668885153 -2.9589217724405077 4.645098799013398 3.751533999588168 0.36108959539180824 2.6148117886952646 2.918065064543249 4.658738079191973 0.46406473008478605 -13.986384306668706 -4.08969422281071 11.973858872214459 12.310348404749952 10.421225073119832 15.110574460323262 19.26362612856145 18.17634053885437 16.43354141226382 13.602836525911453 12.742289502006017 11.17931176752246 9.543447027201255 5.655848125568805 -4.353652775740402 -9.074888971593966 -12.521550025442329 -17.630446132799953 -24.090894129365306 -30.107055604615006 -33.01768153562853 -28.010657016704744 -19.393187501869814 -17.389300888036914 -20.512560346762175 -14.319905171632211 -8.184454138126577 -4.22814999282366 -3.6216207566170273 2.114720406053526 -4.8173750102087345 -2.50345712679209 16.916038658322517 15.898856326643125 5.743043758292914 2.8487136700761315 13.389649319001618 2.140011769821533 -13.95486343417969 -8.056999849563773 -9.771070501084978 1.1992485671596889 -4.420700820082102 10.765779727989802 17.090896073593075 10.399317008049554 18.356759833218707 16.684336994943514 16.107651346369643 13.467790282459417 11.048346954323238 6.201366088794784 -3.795256246041414 -7.528300543043917 -8.463113950944726 -13.603908227259195 -20.109471215264993 -22.360796766077822 -26.069610258006033 -25.520740786633528 -21.779043570967236 -20.37529075848778 -22.252073022917905 -19.483362258648658 -12.926516994585917 -5.448881058550401 -3.2418728429313677 -1.1325715154681193 -4.926678380155281 -8.073394653815352 11.797328118178733 11.677462993799113 5.037072188915997 12.525478706312326 13.010607865290236 -0.37626339698805605 -11.597341540976096 -6.48834909713886 1.0092523301283043 13.184747474742945 0.9399006267980788 10.252458644788963 20.34292561061059 16.283439776014458 21.907835692095897 20.457117589269245 17.876271742560537 15.274051256268358 12.340285043394799 6.596049464835482 -3.3405264345703514 -6.709642312081346 -7.755106202310761 -13.661092801525582 -19.46672269971284 -20.33922478556115 -23.343755759514384 -24.80310397506697 -25.033780830457975 -24.92749129834042 -25.60975591878772 -22.50100604467328 -15.01735263604941 -4.915336604328631 -4.789631059737491 -4.290343176250679 -5.626003001995519 -5.988763494612693 -3.879016725762505 -7.539132935015236 3.4374005450867013 7.187783391130657 3.7007732653707985 2.659493389349426 1.874549928119365 4.379280774413978 8.233432239821937 6.973367559253335 4.104906920664525 3.3266181260929297 12.764980126267204 9.702232598403052 15.237490415592704 22.63758879352278 18.764198952338855 15.605064367767952 12.77504679187908 6.825888826463295 -3.0596955254626663 -6.209287691094001 -8.879355523497946 -15.096257088742929 -17.35103809482316 -21.232978874859725 -19.537880951357423 -13.375188421587067 -15.856877622144149 -19.30145198601571 -22.517291801466243 -21.815561564216917 -14.092321559225914 -3.8499033134488228 -4.4336603770559 -4.231424660876432 -1.2483194386943262 -2.3858561208728646 0.783353861513217 1.0975187121934091 -1.4232269322627804 -8.727408174067929 -1.002963811608256 7.40869294267113 6.701959974015354 9.730176309010162 5.355317950564045 10.059337179263894 10.30246140392092 5.189890333519574 13.494325238753259 15.849426997049184 14.123808319031683 18.445160182979684 18.513462621661898 15.035331845329466 12.232630813686022 6.838034029110376 -2.833869642231599 -5.4811991589578986 -7.610110524094247 -11.421118860697405 -14.160876604553742 -19.699816920388745 -11.595684492888545 -1.9251124257578782 -5.550388239850847 -8.528454563208362 -11.205248331289603 -14.21845364931861 -6.9353609647112195 1.6693233000135155 -1.9119341061406128 -5.707658292067552 -3.843693068718587 -9.444829888076518 -7.94404084007629 -8.805247833517193 -5.2078941945780794 -2.2591452971760195 -1.0914930066431208 -1.4041326423548577 3.8023305899861977 8.849120161391161 -0.5054090851571483 0.7314000452680692 3.591876621037428 7.429681415133314 11.327528357420565 11.931831171853922 11.640450220808095 17.601289852845273 17.91269373595691 12.969439269307044 11.055257252785378 6.5124003898855705 -2.5968412171954274 -4.743817996926239 -7.083009181962821 -7.555935487350149 -8.657045492678208 -10.392157291390072 -6.86672186541753 -1.9912520480267555 0.31254108225487526 2.678266974632975 3.1013040781066716 2.2760486513177725 7.049107692115056 7.3576707935728125 1.2782334870779826 -3.59932843670818 -10.059509032763833 -13.081345949663378 -8.6931778735197 -7.937448392791409 -4.448588713469681 -1.7369869088387186 6.739548452294742 -0.14317427239160085 0.7906042806060982 7.952413128975918 1.4827017067180295 -6.025436632792782 -5.767740437774132 -4.756807992372088 -3.363900780594898 2.9153736877260745 9.452917907038348 15.681519855140477 11.456092527327122 9.56386384829423 9.622252507693089 5.863416808925104 -2.2624364758976685 -3.7752279062557825 -5.171188176940992 -4.962537663180014 -8.177416678553552 -10.26681660589949 -10.331145234992459 -6.921302824568381 -0.5229073534636891 5.584650697309311 9.322254330257293 12.348309055602451 16.923569021640954 13.847889423256866 4.93339034781404 -4.438260061399745 -13.246080500883902 -15.279939863294805 -11.972245894614572 -4.2498147133202755 0.44615296503995217 -1.7455884496530647 4.793005148041504 0.8107287724179794 0.7234129507028765 5.903675721005444 -0.8500271826135913 -6.2247158840912595 1.4728714675831662 -2.42128570742713 -10.829531536206758 6.172075007984898 15.629728430219078 14.87797596252992 12.479424319752974 9.99960268899733 8.641303947936287 5.024790571639127 -1.8385143503538521 -2.4589240926364524 -2.175950999528718 -2.179022209418452 -5.001123056092208 -9.458317476175434 -16.586898359536576 -14.888178636855175 -4.501092612057788 3.959439736670358 12.440817437917852 14.193981172308828 20.60039030888794 13.481995590145294 -2.514907401104141 -13.571805279484195 -12.699222765547239 -15.717031741478412 -17.82692703750952 -12.892908441454138 -8.371497793995475 -5.796533011973921 -2.0146564210125653 1.2767750846131898 1.811311278153262 -0.0920843159001433 -1.4964421901580067 -4.475576892488577 -4.252384035762861 -4.420834078023647 -2.493395899016725 11.019564930419454 11.735776512025957 14.680261465286288 12.429288168386332 9.7802962721032 8.213013409543317 4.127926002123664 -1.4512697076309875 -1.774352813273377 -1.6241265107055896 -1.6042346520225343 -2.584129093270926 -6.2170772772057825 -14.917064476095934 -17.195611663050865 -10.414496231574327 1.2050623240347822 9.708383392431706 10.4962821400572 13.222880127892111 6.947908681263004 -2.949867824379166 -11.237723531665301 -10.391025222678707 -12.647538188831065 -16.711759005315994 -19.17111342232751 -13.817571387395706 -6.95299387102198 -3.549509972471698 -0.20830186075221788 0.576683441082708 -0.9808871630465529 -0.9408186527525142 -7.131596006358322 -12.361158913335046 -11.28736583512851 0.1365476092536389 13.537980872605363 6.559199868970385 14.153988936712965 11.29493602093617 8.342378848563438 7.375042304543351 3.391089810562723 -1.1376669077570833 -1.6430584609244017 -1.6208789910900083 -1.6191804830515715 -1.1074547082938528 -3.958441560474909 -10.36818211933864 -11.793050033127408 -7.614093373764676 -3.8631473693452274 -0.11634768590345078 1.2667243155104213 -0.7641825866496189 -2.8101918476683996 -2.000262418789294 -7.786009845667508 -7.765293021012175 -1.6325312810732533 -9.203457916061645 -11.415000624254532 -9.084507118676472 -2.236590490150033 -1.40369945091578 -0.932468296945025 -1.3642964274713278 -2.4522782219915475 -5.071435524687152 -9.89386498001996 -13.132505383513942 -15.610959428127616 -10.9487518723811 -2.684939254670192 -2.030170941370924 7.265270152996382 13.392266876447296 9.330618860118959 5.985162906557784 2.8027717088482382 -0.8643000766952548 -1.8277359106615263 -2.283042720290074 -2.1139422586276844 -1.664602890651344 -1.3080294279477411 -4.026421249631112 -8.224363283364582 -6.02900293283119 -5.625218643516635 -7.345102639801802 -6.408111891665718 -5.547495743592762 -7.084967623422337 -4.899647406423642 -6.069994803445964 -9.139194828285808 -9.266897193648143 -8.344687025291595 -5.255574505802391 -4.089447653448527 -0.46328567063048154 -0.4294013702062505 -1.0668176983705364 -2.7373232577722173 -4.5109985323926605 -7.579243330665237 -7.257505852197111 -10.798289533554906 -14.09101239168436 -11.335460275370323 -6.541857171554346 -1.2829035670184088 -0.3902944040034171 5.175453614314531 4.884227940273921 4.191396280613391 2.0136314375110183 -0.6289005346486196 -2.1210138350315835 -3.2131411294645913 -2.5706652032698796 -2.607766797371667 0.6770956860810906 1.4578355538439973 -4.317734331430996 -4.975803854454283 -4.753957910296771 -7.043527336727449 -5.981105309788931 -7.250592764446944 -6.338382139568512 -3.672661873913104 -3.946011945657961 -6.262730791684342 -6.997859695773029 -3.8826551550542434 -0.5764860658951612 -1.8896475632569125 -2.1667836574281676 -1.2317226534390093 -1.3856309245446832 -2.346288266194839 -2.854593225772549 -2.633533570027723 -2.877791335976225 -4.856598386874875 -7.734393428296807 -7.956626324905224 -7.052150754270419 -0.42799515295458723 -2.2387518380776275 -3.409942664645906 -2.6020296047653817 0.6643650532275087 1.0473036945329777 -0.446880545933295 -2.323067336009794 -4.86289428255328 -7.918334659252118 -4.948968488852313 -0.7657399051180834 -0.5722663907863779 -2.0359421680630194 -2.648697623717584 -3.3571093476072886 -4.779202463311708 -5.266940039393777 -6.64863887775924 -5.049626265896771 -2.6867870140023737 -2.164351524642665 -2.7347045443267777 -2.608218414334775 -1.9983971595308352 0.07188297861746692 -0.4786088179362691 -1.6358581369422918 -0.30699349332666054 -0.576833816437794 -1.6078850734277788 -1.3312167783531585 0.7093480725354437 0.9634771953072746 -1.2889848147735876 -2.4401473783089793 -4.9806320406410975 -8.178439431621404 -8.0623685896052 -4.836708433224913 -4.3608462405321955 -3.1300143301190535 -1.2054862860647235 0.38493097398695236 -0.3160610640272178 -2.2273129225490336 -4.241044335507461 -6.320992851782084 -4.414793240208076 -2.1698381527618507 -1.4502083612638172 -1.3534605737263983 -1.7238041461728546 -2.343770355757688 -3.0467757760977716 -3.566977124743212 -3.6376949109031207 -3.615096242950494 -2.7123902251721637 -1.480083842123463 -1.7607663876994792 -1.5678391310405846 -1.3948385269320973 -0.47926000097491894 1.486504757640488 -0.19386263167718418 0.6338692706036659 0.38642337549471223 -1.1007791689973774 -0.7402652745495091 0.4046449175061421 1.1226023891339532 0.615696134551575 -0.9770503258583171 -3.716143754828133 -9.171657088216113 -11.485460585331039 -5.670793353947256 -3.6649524246738205 -2.3811141000704583 -1.2535804433627653 0.10714082773593984 -0.21691701364483704 -1.684475479230325 -2.8929911585960584 -3.4824064758972315 -3.0591302496351602 -2.291003043171197 -1.5415313252346954 -1.1878112767503926 -1.2856905219997152 -1.558687568695915 -1.9048908786619914 -2.3226763951008724 -2.6821093831489295 -2.554767334490325 -1.9493109793467633 -1.4759312983779644 -1.3914991848983302 -1.2610626052932261 -1.0695230182581446 -0.936284778102352 -0.6545095371837686 -0.9585935274930885 -0.9532110440823901 -0.9276864884376919 -0.924679656045922 -0.5159573921156175 0.08889963231092068 0.6500433094694094 0.7699655534948976 -0.4153599037043305 -2.7356262598650907 -5.346076433364996 -6.569701903321938 -5.139020365143652 -3.2048795586419336 -1.6694626306644553 -0.9220120966001585 -0.02930573212052318 -0.14386204686432158 -0.8091574735381376 -1.350777136616637 -1.6587232427422252 -1.5513577086359693 -1.2824206631524024 -0.9940564542149216 -0.874241496890376 -0.9525485749267569 -1.09347580711146 -1.25222497401706 -1.4510629134305506 -1.6220706523295583 -1.5737421456305223 -1.3268627975242953 -1.1345690983715242 -1.0543585155189061 -0.97387927360243 -0.8865736824144215 -0.8686914701779707 -0.9194280971277375 -0.9605559097705101 -0.9562951594520539 -0.9025427542272969 -0.7870494288457388 -0.5749298876541041 -0.30960038893814595 -0.08564938048813912 -0.07897749140612388 -0.6946033543757381 -1.8199717948688472 -2.813864733322881 -3.3080682264621477 -2.9736191391658933 -1.9840529602270576 -1.1177912232935308 -0.6963530148662862 -0.11386909452408253 -0.10111913194441395 -0.2532500301334639 -0.35746910682206534 -0.4421283314197032 -0.47522896149958305 -0.5040949973720407 -0.5456579508013802 -0.6121721218080731 -0.6974630720646096 -0.772609011433061 -0.8301261578494211 -0.883675051961404 -0.92385418258302 -0.9132646653166996 -0.8593144539398127 -0.81564537088822 -0.7942926888865861 -0.771829117819593 -0.7471983984758462 -0.7358512935909488 -0.7364065317544654 -0.7334818019162002 -0.7209563867077222 -0.6990785397829875 -0.6693566026443442 -0.6317555048891114 -0.6012820447124756 -0.605245418611744 -0.6770256579623327 -0.8915481681298765 -1.2095807190550005 -1.4697283423524945 -1.575861502707898 -1.4293875402359248 -1.081364094064492 -0.7418825175408308 -0.5410353702556452 -0.1694428003493621 -0.08798818184264591 -0.14791749142793462 -0.17252302772981917 -0.21335006300071233 -0.2629143433453342 -0.3251137365926671 -0.3958408781377807 -0.46600934229753677 -0.5284694900886836 -0.5742636217533567 -0.6025502641758398 -0.6218847441811547 -0.634552661747496 -0.6374673468726717 -0.6326638882071519 -0.6266984022114255 -0.6218792522381745 -0.61701447119018 -0.6124421937371249 -0.6095266987628869 -0.6078853918068202 -0.6050086143220498 -0.6012433106490098 -0.5989956504095663 -0.6012905842011614 -0.6123530505586388 -0.6368233901013476 -0.6808357139948613 -0.7472511216973645 -0.8424402152331454 -0.9495109287037555 -1.0256368892053813 -1.0424014219033644 -0.9618799556592329 -0.8005586850209362 -0.6203954566133232 -0.49496781477402163 -0.2085644765318942 -0.04536393104591291 -0.0829984498244303 -0.09717420013570668 -0.11583073494252998 -0.13292634579310011 -0.15093298976418792 -0.1694617199166174 -0.18839541051638944 -0.20661284292654455 -0.22161255403238367 -0.23269834107698453 -0.24060812509653673 -0.24612952024891377 -0.25066782974540747 -0.25495188188665285 -0.2592622639856646 -0.26360576489054255 -0.2672414233954991 -0.2707010875673496 -0.27570170116505377 -0.2835485242765441 -0.2954968305121092 -0.3126449728014785 -0.3360361760140151 -0.3663306182446272 -0.40463234544868576 -0.44886912711483645 -0.49345982874446387 -0.5345671702638092 -0.5691728469589533 -0.5939279759797162 -0.6055147266909011 -0.6003835853157914 -0.5716020678371531 -0.5228838376867053 -0.4577004853672383 -0.40734411627202355 -0.24282660336374948)
(UseCyclicTransform "false")
(UseDirectionCosines "true")
