(BSplineTransformSplineOrder 3)
(CompressResultImage "false")
(DefaultPixelValue 0)
(Direction 1 0 0 1)
(FinalBSplineInterpolationOrder 3)
(FixedImageDimension 2)
(FixedInternalImagePixelType "float")
(GridDirection 1 0 0 1)
(GridIndex 0 0)
(GridOrigin -86.23178867920218 -96.99101417631248)
(GridSize 40 26)
(GridSpacing 80.17846846743721 80.46199919956902)
(HowToCombineTransforms "Compose")
(Index 0 0)
(InitialTransformParameterFileName "")
(MovingImageDimension 2)
(MovingInternalImagePixelType "float")
(NumberOfParameters 2080)
(Origin 0 0)
(ResampleInterpolator "FinalBSplineInterpolator")
(Resampler "DefaultResampler")
(ResultImageFormat "tif")
(ResultImagePixelType "unsigned short")
(Size 2954 1838)
(Spacing 1 1)
(Transform "RecursiveBSplineTransform")
(TransformParameters -7.77667824136077 -10.463314109230344 -10.931406355929035 -11.735369394165788 -12.476482269784986 -13.129403272991043 -13.607614908787673 -13.916110141703735 -14.042374897232223 -13.977165605927205 -13.73335001873287 -13.347656669230048 -12.854460969512418 -12.28817875068178 -11.698592401030817 -11.163530886809578 -10.71553553528832 -10.356663953890283 -10.060602713001675 -9.759225897587742 -9.404015147703959 -8.95694791449305 -8.371763252631208 -7.582837111008889 -6.575763616316723 -5.369902328069427 -4.031585829656658 -2.6965391085032757 -1.4499475924030552 -0.3490005143594397 0.5639014463272058 1.2643989003792466 1.7426046337443655 2.0029623242395833 2.068644961579646 1.9823913464000225 1.7962243226659542 1.5379405011859082 1.3399295940110842 0.6926255326533012 -11.808733085023059 -15.439032032090706 -15.915179030885888 -16.74000620881503 -17.376970378830833 -17.802473290629802 -17.935823289175893 -17.857771114913557 -17.590984949144374 -17.141230067824843 -16.53256295566058 -15.80149773722615 -14.99200372444859 -14.14864097657082 -13.354229615467398 -12.757337803445585 -12.404092890532437 -12.273403961095257 -12.276359324236992 -12.217714694732013 -11.981016077682735 -11.50110487567471 -10.706861846133542 -9.506883087850202 -7.912334464971034 -6.01887127908934 -3.971666232001887 -2.017753762211428 -0.2919060202148273 1.1509067987502755 2.2752261108457286 3.0834289357073126 3.5872580927020703 3.817314810819995 3.8070263297058196 3.587320652054301 3.2257474031219746 2.7576331550585493 2.405060013822972 1.2674977900527038 -12.872373910350216 -16.658347378475337 -17.087369232125695 -17.825371365068445 -18.304676331850743 -18.48705429938248 -18.31204099818471 -17.934748688622143 -17.407810460044242 -16.7343928827657 -15.945829156105498 -15.092388620933338 -14.214176255660025 -13.325543840122954 -12.51877798553861 -11.997701380983804 -11.81568388758396 -11.926025071867599 -12.20069079936333 -12.372868855540167 -12.292556061253132 -11.894732930348658 -11.090969903401746 -9.745559102244494 -7.896374781834372 -5.743554851497472 -3.480777310847108 -1.3710444239655146 0.4497911218754385 1.9549104315691717 3.112850797692784 3.907202607063446 4.359162265801052 4.540177999450327 4.491153847446997 4.219420732180184 3.790581291267115 3.239930291904846 2.824193131261638 1.4921214433656704 -14.343410559011483 -18.34840306523278 -18.73763664014857 -19.414178150162055 -19.749405932691563 -19.616927627219425 -18.987009217983832 -18.19696002572616 -17.34502058613912 -16.35919091280464 -15.286230691662574 -14.28131279945648 -13.368949880394235 -12.413611762061015 -11.508382033673653 -11.002655004965451 -10.979066215867022 -11.345248280709258 -11.926292970939857 -12.374895632981287 -12.50875222802242 -12.287505265463109 -11.56912504153456 -10.04357767600181 -7.789340269374883 -5.296623117073611 -2.8238561255988426 -0.5844478059400399 1.32834449021854 3.029878787161159 4.374870166058059 5.208824718113659 5.572582908121679 5.647925687008227 5.542399705028802 5.19460616249907 4.659974002266697 3.977523063169188 3.459482490845931 1.8221554687071313 -15.50781986073169 -19.625580142060382 -19.986919693839177 -20.65919091287063 -20.94353539600258 -20.515082097970854 -19.36429425275071 -18.119101497243662 -16.95139147953122 -15.691999708838857 -14.336208031203011 -13.287433174424232 -12.533631469403653 -11.455076597358147 -10.260112330639897 -9.964004980145335 -10.347084764613697 -10.839091218434444 -11.507789375250095 -12.023472464873974 -12.312976457282417 -12.357218270722665 -11.734637916494803 -9.95472484671694 -7.106190430146955 -4.4550391261190105 -1.8381855047276627 0.1739450821540291 2.139620501835593 4.109420656826321 5.590691651921271 6.488739849058973 6.865625452546783 6.833518977162921 6.697130080623435 6.263381187781019 5.613552525244143 4.7806891745289155 4.1410806469485495 2.1585886173593862 -16.31073548419248 -20.39983028869931 -20.73811073616487 -21.50664215801029 -22.124960825300782 -21.545867828965957 -19.393349390787012 -17.841232749906386 -16.572913467176004 -15.512701427939623 -13.502194761396725 -12.475113853311823 -12.205315302233739 -10.902585209963053 -8.264527898527401 -9.555057175641167 -10.782656420603 -11.65805000161825 -12.767987868160978 -12.429462414784387 -12.100234650849458 -12.27671994054518 -11.569124416854248 -9.28181119609172 -5.767570313599644 -2.9634035533841847 -0.8116113062755436 0.5214677711055129 2.4064814677297126 4.611550497973502 6.49643394747263 7.25298331830802 7.969633695305592 8.174603032450259 8.023204483005351 7.4742464191021085 6.702438833782966 5.692015172328784 4.89921128631448 2.505732091791352 -16.59801811786967 -20.46400365017772 -20.74399710414943 -21.67953417195597 -23.41232677671214 -23.11202106967811 -18.97026048471065 -17.36370629414001 -15.837546733909473 -14.494626842339857 -11.8512045613442 -11.146562429298312 -10.903276997306202 -9.026883755102295 -6.466076859179076 -7.759652070525549 -8.179210913409499 -9.904354292875253 -11.737860258753463 -11.371267985958433 -11.237688536318087 -11.59850489028891 -11.207481740632408 -8.178662960148108 -5.0818230624952845 -2.471138307436782 -1.831974197981432 -0.8092112534603498 1.3533798350970272 4.731924891840024 6.652223955451048 7.832109993108292 9.149965246656864 9.400841867139391 9.220300391647758 8.630926330821312 7.761375363959274 6.580004315128072 5.625722341280657 2.811042051818981 -16.377266343177627 -19.791770431143235 -19.85087100000023 -20.63729764695445 -22.81547734541708 -22.810210855927085 -18.09041799043372 -16.430488684886658 -13.852993949015751 -11.98341492681617 -10.80243619609784 -10.667749012973085 -10.968915974170836 -8.614792820596572 -6.864806550783074 -7.181464085284692 -8.537683960626476 -9.944665050008583 -10.44229130929983 -10.123407842088868 -10.714379995882851 -10.88441453892583 -9.706595411376703 -7.664085074269198 -5.034752369367055 -2.1081911603212875 -1.0938108487779168 -0.8792271172266815 1.1702535422360698 4.324101889817468 5.316312737162417 7.458393270875121 10.395200694861964 10.384776628330444 10.062120991400295 9.359622445165206 8.476709056868906 7.20379234088952 6.135347749860834 3.0003518316091706 -15.595624181742249 -18.41971439727989 -18.24426919624289 -18.23832699759493 -18.89586167855601 -20.989758563653982 -17.364104281131027 -15.656081631786947 -13.252276943862954 -12.201250765860461 -12.413258686221823 -11.548714272658746 -11.051146934469381 -9.854413477762073 -8.000975538511906 -7.8830111547608075 -7.459655965263931 -9.298755678829984 -11.271152418843053 -11.003190873219104 -9.3244478263954 -8.668899142604939 -6.386658590468824 -5.375077440403093 -4.684989490326001 -1.7954860772872687 -0.7548089962434749 -0.7621878889904018 1.057707728409263 3.5993353060311906 5.782784625479071 8.563680270463209 10.730775369342904 10.899303534321437 10.370253793347473 9.519896505826274 8.736084149309665 7.398835017105525 6.276450925273654 3.003973929884485 -14.134833603295787 -16.494633984040696 -16.347017549507928 -15.548400069104828 -15.012402554002527 -16.50842036809627 -13.629962506296911 -13.171209731023966 -13.918208743410426 -10.902337031884185 -10.9090299798979 -10.298143783791835 -10.496248608004164 -8.688207316070816 -6.387125357672811 -6.349917004557403 -6.220296169105993 -7.166995922146994 -7.904782836516802 -7.934140100722854 -5.577332726065494 -6.189892135973126 -5.307073651665629 -3.629647313362094 -3.3888319776033 -3.61322088355938 -0.6896276256743531 0.11817937431950179 1.9090577559847552 3.4477256139198262 5.6959371200657385 9.006641429942913 10.80986060251033 10.432152198611488 8.564916715355054 8.343620164604202 8.200461670171338 6.9923792962429525 5.849799003907063 2.7170567186210683 -12.06220475198363 -14.015957864729343 -13.733044736787724 -13.900365496770307 -13.144596064771545 -11.551936565776538 -10.497274701490685 -10.329725164146021 -10.62016830193922 -9.140076868314972 -9.257079932233546 -7.3812578902914865 -8.222921129687922 -5.163313795552748 -3.1834227022450743 -3.2570107256914715 -1.959556609137079 -2.271755769856125 -1.5139435640861443 -1.88081348619002 -1.7692970086357975 -2.6107837524858035 -2.838655886993065 -2.557366631105765 -1.9292578526844324 -4.4617101131267605 -1.0856497897748636 0.5068245167512003 -1.345516560693494 1.3082981193928305 5.486461845002258 6.92955206538151 7.974737795893783 9.880115431241707 6.560675181069304 6.5246901258963925 7.22453877453391 5.950507492247982 4.888733101711418 2.165141438639629 -9.633785305243928 -10.92355123248478 -8.47621539893167 -8.193693462688769 -10.213723681662211 -8.644677582630802 -9.257563866186063 -9.424524811368743 -7.964526200984415 -5.684186168741646 -6.052039200721164 -5.395387961183494 -5.531507174386915 -3.091339362213738 -1.5943220874435289 -1.2334785812546667 -2.9797292677565426 -1.783265740296272 1.0569384859711977 -1.874234390592688 -1.3869114263189788 -0.7691096988746111 0.2997738502896408 -1.128674797254149 -1.1493060033896563 -0.5403913779563676 0.16683412588591093 1.3235172787679212 -1.1715048457048254 2.257104425698318 4.251225741354587 5.368632664292888 6.851560491155503 8.58301419662834 7.788177783469187 6.391611247560303 5.888477694622269 4.508284248668186 3.64791893975216 1.5050985189518895 -7.042606020994749 -8.051349222658574 -6.307283280116204 -2.0111313437530507 -6.401057930353485 -6.366975386567064 -5.552877317876639 -4.951461886745846 -2.052908294971484 0.882845377119356 -0.8022037718069395 -4.36943985677451 -3.721738399492977 -1.7848119103524869 -1.1872806311983735 -0.6312242537454097 -3.013220675440711 -2.1584660972984757 2.589271406007269 0.3664577821451856 -2.086813178767288 -0.8609981879218772 -1.1594512832436492 -0.6578581723074005 1.6530530745058474 1.7966554475812015 1.255538728984437 2.4506073291487938 -0.5701282318479983 2.1662923895919386 3.700983372910988 3.68736878930919 3.9782310669124614 4.938240061877992 3.7476224090942423 3.472961991897956 4.297605144532311 3.265316961536075 2.3880862404252445 0.8578941770074173 -4.485490053787383 -5.027567429428929 -5.025348335976895 -4.404902957509271 -5.022361760992436 -2.506227948488285 -2.891853120162722 -1.9213147880923274 1.6891780392299447 1.0824152196091343 -0.6557406210378252 -2.8605097920329206 -2.3375988856133216 -0.7191700999227704 -2.7311331880173793 -1.8845712428460402 -2.2885531824119036 -3.18755288523094 -1.0034168735404707 1.8016511021654869 -3.7440885522942224 -2.235594864823214 -1.4868751384538905 0.6428178329131139 1.7085244492005356 2.1419818188512356 1.3579923833583245 2.8222825258820854 -0.43455180590267395 0.7396340309186001 2.3574738263728445 2.6711304925526544 2.7533297513426516 2.5485485999714346 1.5020598541240193 2.0509862350882404 2.535843688651746 2.071786677271592 1.5050745474459406 0.3911518881166598 -2.084363969832958 -1.9735068395070638 -2.279469143543995 -2.6213483408140466 -3.4565657668917895 -2.3124896954693694 -1.131785296548563 -0.5461238539984765 3.55201505053037 1.7675212594025245 -1.2099503121848227 -1.558185890814647 -0.6250878219646961 1.197785308973009 -0.7464156512014049 -1.8723841883211645 -2.86523624799198 -3.5419771587011275 -3.6296698108732897 2.2852215841291748 0.5027558327025682 -2.680167202390282 -2.406023563963758 -2.3157549667683393 -3.1914616786673595 2.543567533307678 2.339854932246251 1.6467993545579764 0.5013839028628241 1.4343166617063 2.1567921992719925 1.3773886226321428 1.420080573637818 2.3962924885550025 0.08688735468420232 0.9747354284180357 1.1234661557641414 1.2782034857415934 1.0388098723965307 0.09186715406932491 0.10685276489141356 0.8609911418676521 0.5228056069252675 0.38789306698260656 2.9550565842744394 1.8799599813764747 0.18004155166245722 2.6272043040786115 5.697543108619568 3.6021461882253667 -0.3636218304810955 -0.17701746365144805 1.3859456508586692 3.075390112021137 3.2176822056268417 0.19964382133382103 -3.8847526404241015 -2.690724024844358 -1.0432690274249634 3.1478554450095233 2.5660953981886605 -3.3289124167735333 -2.00635136301391 0.3543204482230844 -0.41749720143341823 1.788414968492117 1.4265098343420068 0.3925615045775251 -0.7496861562212019 -0.902706668869354 -0.6716497882397174 0.24891674422052984 0.301762278873141 1.0890755765674303 -0.23314862565873673 0.3391752864316959 0.643738457157511 1.0202260876985556 0.6572185667664594 -0.23461423191706451 2.034181937128948 3.5329041595769115 3.1742848357749125 0.5978297256495101 2.277565908167876 3.342906211407856 2.6850322882233817 5.206193745186401 5.6472288892073585 2.022781096180605 0.2425543246473718 1.490242213971493 3.472099974511679 4.534719875011565 5.424515690241269 2.0732553931867845 -1.3226096738241913 -0.12256437246242846 2.2130355285489807 3.462838658096978 2.3824000832992738 -2.6828565712919334 -0.9582549079219866 1.0108303535062477 1.9053507155096538 -0.49781739663700764 -0.5626302137617293 -0.5345037734284588 -0.1986807140990608 -1.0126080866712643 -3.0389181735349036 -2.9943371460592276 -1.997968003465299 -0.45570096845237923 0.16370093685982812 1.2891768082254242 1.1349108244161878 0.5093175846668704 0.02240727258777745 -0.734411793334397 3.6680632711698355 6.518203955308437 7.274725895447088 7.348753200077552 6.142890739524783 6.347220288733957 5.38932925477541 5.790008380405935 6.368028730630101 4.6536257094890905 2.5854086188393084 3.595666510017336 5.232405936920133 6.281358498224982 5.992424150824121 4.185137828721348 2.500992527073581 2.381925698324161 4.534333707006895 4.418651834047586 3.479511359648347 1.4125490141054096 1.1189894017509132 2.2949434769399164 3.1990655109869053 -3.0889888230183558 -2.607565959882623 -2.571916640465618 -1.4412422534705311 -1.6611907815755387 -5.436783556216346 -5.8575728862297645 -4.845665386575105 -3.192449440820232 -0.15513478765120864 0.523346701641144 0.2070659886665868 -0.749125724880597 -1.3252261136270156 -1.6183813252125072 4.958430773915353 9.4455533321688 11.805810695656913 15.898626069427767 10.99909623121234 8.389649446442855 6.5181922320201755 8.776057009966559 8.878690580812954 7.363457740862758 6.10383863213764 5.531243128352163 6.604667536176765 8.377820986225808 10.933089423503164 13.125341677306974 7.531207209364545 4.528478593782881 5.3127626025780526 2.9265860561302426 3.319892777999238 4.214237407782629 4.824688303086816 3.7350579597453746 1.14506235534535 -3.8312084388316134 -4.860103358318817 -5.741005703841723 -5.1959031433036795 -2.778508107415844 -3.0953505265653907 -4.733489821170437 -5.526793794922396 -6.7575220879308215 -3.9534759104934856 -3.4067108803749755 -2.366056524950731 -2.8086446944556815 -3.370981109697886 -2.8508916506595585 5.849969359621412 10.877815265086998 13.12747704285139 14.849551836229834 11.60252914531787 9.249070066371301 5.510371433410951 7.854623527685246 10.741982336014226 10.226114086693332 9.964942355633381 8.102279824346326 7.761802546952336 12.841450477279887 13.724445709163996 11.802333279166307 11.207910679038484 8.936093319210483 6.34192448565617 3.3811822135934535 3.7462952321806653 4.696644986892468 5.577887273666777 3.424664217803289 -0.9011236259128791 -5.1319809848796405 -7.405095413808619 -8.584668475127806 -8.65337889144836 -5.250848064172841 -3.593432064209055 -6.078568957648714 -6.552016038631546 -7.394235100274998 -6.345524410278266 -5.747617274884969 -5.051866348353031 -5.709496743273597 -5.743004912357578 -4.141250278161411 6.251334097446916 10.562248616579069 11.9842320170449 12.603381723978437 11.6742639573686 9.245338109819686 5.254880951847927 7.752144202516045 12.176713441456497 13.741674368020272 13.850173039829446 12.79005848972338 11.664341029688583 10.758551642053536 12.335517124239306 13.003862457159135 17.920705693905603 15.411230717535165 11.103803502487075 8.080901347016018 6.18673845769948 4.733183909711265 3.161095813825345 0.27001189622580507 -3.7703066087025268 -7.459424047321883 -9.431964800973303 -9.078409566717433 -8.73484229562583 -7.242039622030424 -9.105994062914794 -9.035740947873228 -8.198680376673066 -8.83825060121218 -8.015513681328537 -7.705808152603613 -7.5283003158696715 -7.096604949676502 -7.344334434046322 -5.292357841189747 5.950819624986108 9.228822892229845 9.994493232950338 10.430212830647521 9.924104423757187 8.562621496859823 7.769113651670867 10.931907167019698 13.228561292831856 14.294582594041563 13.82727434307564 14.333213481371317 13.715390251617752 12.132402650287252 15.862841702906076 19.505528762060333 24.305468424562232 20.817682106942303 15.690347726316803 11.67173344096003 8.158576656883033 4.8851767275988776 1.7085030570947448 -1.8063650361346597 -5.4802328825929845 -8.499163262975475 -10.337637747173162 -8.93608193441699 -11.270629174326535 -11.325029852963613 -11.89242327527884 -11.358606240579773 -8.62691948048389 -10.164507493538034 -11.361636523986604 -11.407449389362272 -10.07296651116613 -8.960529259509931 -8.90923936351847 -6.107372777047939 5.044754098296535 7.32424031551573 7.737150656062512 8.11982977551343 8.096802321876892 7.692786081355787 7.4905830150454715 9.301537060535551 11.72982282813693 13.913335278814008 13.938697190130458 14.575220426331859 15.39783995987721 17.002738828161647 20.310245554263563 22.24099020547446 25.17908191869855 23.137829149239717 18.990059272132275 14.551682839481577 10.20688150912829 5.947798635987513 1.8756369092046523 -2.0446388435757448 -5.621340369062733 -8.354884387584427 -10.166320001850167 -11.365205399849517 -13.692262277503396 -14.549372034071357 -14.399508282596894 -13.995231566846893 -11.933537867152268 -12.523386041183409 -13.26761556332339 -12.957282178934161 -11.800046636550872 -10.619204589599523 -9.953417791094678 -6.543523766533199 3.815044121633961 5.0895335085994216 5.251085690655797 5.553561059622572 5.846356162716914 6.130120617081382 6.582496932639677 7.507636144328617 9.595148997393718 12.079064635862622 13.259318004963637 15.301784546676268 17.561662023451944 20.398434942770443 23.32781007328276 25.082975675789772 26.374635080715873 24.742642378107508 21.103711010689235 16.65365277675045 11.937629786856732 7.1384970933922345 2.5069362333539704 -1.735453832052656 -5.378780828909718 -8.13047928188968 -10.098300954867007 -11.928106921900794 -13.722462864773437 -14.891110937999978 -15.31986168366422 -15.321781767343436 -15.040899973298027 -14.820929477937106 -14.569518363567838 -13.81495492467465 -12.619013442205933 -11.24330775954884 -10.354136218978864 -6.638917582446093 2.784322730398747 3.290428017377689 3.2898479273427688 3.4957148888898315 3.920096114089782 4.5785908963868325 5.540623649097431 6.994019101045619 8.982022978478689 11.141780854078078 13.384159830537003 16.090618154099758 19.07834669535165 22.17157676239158 25.002685760687495 26.844218048984935 27.25786611927582 25.7342591787094 22.395482254088552 18.070929674649893 13.22501946420466 8.130357387901075 3.118149287611574 -1.4299111274026783 -5.277926747483646 -8.253324822531756 -10.452403709443331 -12.36434573666926 -14.071448531352269 -15.290672980675762 -15.979062217029162 -16.246617744553312 -16.173197625021263 -15.882110505093141 -15.361326428506821 -14.385549302270942 -13.05835064588576 -11.550311076881739 -10.546076126270616 -6.640644714674574 0.9747645355217784 0.5165410684161813 0.35054400846821443 0.3631104636076372 0.7389750972156157 1.5225994131344909 2.7345563335480016 4.319611284728003 6.254047163085896 8.532778698630926 11.122874163243015 14.005414864752142 17.022144235113558 19.901311888621944 22.282976364541547 23.605264401209226 23.61918313005836 22.297499701551487 19.752820081743632 16.309400268583158 12.240357443499613 7.811444621773972 3.341801364971988 -0.7434299402047507 -4.220276562221428 -7.007292714271002 -9.139249621297392 -10.834878994477519 -12.200152887414797 -13.296049733874163 -14.113413098655581 -14.540477392074152 -14.543726481832127 -14.131256020286656 -13.344590369467152 -12.243327431527106 -10.974565124386197 -9.580041801033449 -8.628932059449768 -5.286241605667132 0.8796967829935124 1.9264450737600503 2.3965501679210868 3.154351012411027 4.0477228321161896 5.080759372963788 6.2151035924430404 7.430739328909893 8.699731797390463 9.992570880147014 11.277675551797023 12.520266066659481 13.688459476404384 14.75361757084189 15.681862812684948 16.42810218136762 16.974320637891175 17.321534588689733 17.48974144512725 17.52535449009366 17.464414309875885 17.338095169646856 17.18456832212384 17.058104607279322 16.97500214150553 16.925266052747737 16.870091621460634 16.72338258066821 16.44210591495852 16.00813284641901 15.424834218427804 14.726478574761343 13.936675355899826 13.079850391689796 12.166492167371901 11.164148769857288 10.142187601342664 9.112177336809685 8.469579514568819 5.864421880558767 1.6020604314028657 3.1228678835997594 3.7573601590304126 4.7773321970258555 5.951260158551929 7.268895169678845 8.654192640954237 10.045118435454684 11.395195341613197 12.67396479621767 13.868459292665397 14.993969184295425 16.04198623246747 16.98873145915149 17.8046295849984 18.442594716072776 18.881386281132983 19.113803943191463 19.162129535428924 19.083591291805853 18.930459905718035 18.75110759801389 18.62586017840403 18.692859481431803 18.990066525010572 19.495565834414467 20.093586306400898 20.517629109155415 20.65616042993361 20.50063005522296 20.08625428656943 19.536889863938427 18.907947613929363 18.218864110380874 17.454669885072633 16.506487487789173 15.441562503916613 14.26780696986106 13.538459023286318 9.852385521557569 1.8578574631802078 3.4710455759441614 4.116940957297968 5.158262666183214 6.347283711798459 7.670236110874472 9.033832668854894 10.340698981089604 11.545279605640275 12.656201542082318 13.674734841258982 14.613524309064935 15.469420412250471 16.225122344587348 16.86920352978201 17.396160216009363 17.77850458075807 17.95031592869661 17.916217657245056 17.74215050815961 17.4937819314332 17.243615907116983 17.1049745943355 17.27412629035405 17.79910484577416 18.632921631972454 19.60866235225394 20.352632182759287 20.72347926664583 20.750011668617276 20.4943735715218 20.124515982785976 19.705469821519074 19.237234395675806 18.685456325355233 17.907325581811605 16.959742590971782 15.842813193869025 15.145101443799938 11.209204072748488 2.2289365000437784 3.954963957093655 4.596866018799955 5.655706800148662 6.8745390726351445 8.251718007364994 9.654080021702855 10.864328853661 11.854156910318272 12.809529611657013 13.74648988067485 14.546153570699277 15.168876311431108 15.600050199972898 15.89881904880784 16.265233779286877 16.659955137957205 16.7766356419046 16.554185187593646 16.104535958989892 15.552644647551169 15.08122637988812 14.874264638780893 15.200431210004723 16.118980861714988 17.400556078235667 18.905912095998488 20.071464643304903 20.723536674354587 20.981448682960373 21.05387021663013 21.046884402445603 21.014844234763743 20.919615541341354 20.667259594160893 20.114560216371657 19.32206314806893 18.277164531109644 17.62260913959793 13.2941328964007 2.587563580261092 4.369527606561171 4.96291213705042 5.977387501831762 7.168590445075969 8.576444197238743 10.033204272594062 11.131023688677834 11.851931152639594 12.737290580465098 13.811312396788868 14.528587330635306 14.786359869854216 14.796541700223239 14.514650610768502 14.825675080340392 15.630287878738166 15.525838983133902 14.877044850680754 14.190970649544685 13.086327086830316 12.461468220257052 12.063730577722117 12.087665613846916 13.757957845809642 15.298055325511491 17.825324045096995 19.373494177027155 19.99953790583119 20.36193172885758 21.133835258668967 21.663428173827942 21.994852104790112 22.512388943456155 22.648204919781797 22.35460168049855 21.749761702627453 20.804958922178916 20.214475151826036 15.508969989846875 2.9342528172669895 4.71791595596867 5.212413600227028 6.080066919247374 7.0570288629911575 8.191663150636705 9.733296893665834 11.096533793723639 11.274019689656555 12.249638432272329 14.402123100948192 14.918312088828975 14.162666930095527 13.2893740068901 11.81124878845803 12.378006497594141 14.734709194526598 14.393684378735973 13.208771409869307 12.974582447729214 10.937396607708232 10.282418777744653 9.958742823447402 10.461284427968248 12.925855377699314 14.75340571289376 16.5094484923459 18.350569468465824 18.974122186189604 19.404114229997983 21.30810521639766 22.6329601273035 23.387779139739074 24.335444213086205 24.755893069821163 24.758674251849172 24.37092092217945 23.54738991880183 23.037322746617896 17.93683365860414 3.198076215685647 4.959259714382742 5.347310518581381 6.118545923521687 6.796769201748345 7.699364500235982 9.083381847320618 10.60284448708104 9.463209592400831 9.67985108412262 13.25316721774782 13.925694332180592 12.73263608020555 11.05852997593685 9.314674923317206 9.349015576755484 11.681791675879996 13.75084866346054 13.19526603301945 12.628698701495757 10.880994590414492 9.29063887442781 9.480104762663924 10.815917254295242 13.390115484366007 15.64225710385754 16.9634483953111 19.140588932475822 19.812623935846023 19.831594362324694 22.033522201109204 23.04659534931518 24.48798122888386 25.96288652683718 26.76167507659055 27.095347530632754 26.95468279677285 26.28562079451166 25.886813639566405 20.442888755813385 3.278554402113916 5.125044301400885 5.501139202315585 6.148768504938544 6.452043075552058 8.173410270449038 9.79847049910118 10.805139900566763 10.035344634427451 9.385906938577664 12.47364188983758 13.831967322673554 10.418922925962306 8.139708756553176 7.922527573964496 8.422079363470138 9.066613362982498 10.428907245700115 9.476508309005073 11.888865280790602 11.422542876767682 10.01821588715718 9.737392494541075 10.0571427747813 10.87372430960844 13.07678067050519 14.996280058687747 17.649996422240115 19.4193673409641 20.207622756813095 22.82886765876355 24.36201545334688 25.46818547451843 27.088509734395462 28.381719987143818 29.104068672048893 29.22973351758398 28.78051991641003 28.556938595817954 22.929651248283285 3.088434326756929 5.142184458972579 5.676166134785334 6.585245792226915 7.297420735005651 7.87504580092104 8.813603051494743 8.811941625630503 9.140380170940462 10.063073846221892 11.557581410927032 12.74161063444995 10.664540440187174 6.904894170401695 5.578686715414019 6.516404776622854 7.9251004201525115 9.876564364415492 7.828825315408301 9.329584581762221 10.23910239179556 9.99643422079783 9.169509071025765 8.03998117447127 8.100242131302293 10.254353863263038 13.015333306551026 15.981947871670705 18.740215599192034 21.773790044256813 21.78762989724149 24.58793360752035 27.177366358986202 27.873180194359538 29.470079259153785 30.475457472027387 30.871873355472186 30.795381345144904 30.837042942453834 25.273068077787574 2.519685061780032 4.899861216860421 5.776448212019362 7.699927624544454 9.901788922245192 8.849025808037752 8.487618932687905 7.331264591638013 8.00535776336596 10.24057433555125 10.18157213087844 11.572715132910128 10.200659431860236 7.048103219697083 5.869996765503578 5.783264279239737 7.303652745868258 8.713778717300595 6.0968113388456455 6.090580360267764 7.452854591566926 5.787313775119878 6.401475642548107 6.194199570384009 7.847244342444042 8.377004707105765 11.377603907304877 14.276916515746045 17.977269096404292 20.685802762304537 20.74016212733321 22.790856334859914 26.139676837410462 28.234418174945713 29.602165771803445 30.682016406019958 31.5182189136258 32.0466857878185 32.46308647755195 27.309004931342916 1.5716662403418207 4.432129379833152 5.91415317794303 8.04289445387758 9.24234172704473 8.675054408717408 8.713496522753816 7.139918990075371 7.805931474024056 9.503112095573211 7.281531132894174 5.01384966915254 4.894261910889307 4.595347775554811 1.7643847115892553 1.2197542268826156 3.3352993244234375 2.6231093228170144 1.2523290792733037 1.4130227251703777 0.4819513760575625 1.7068068459635188 2.8764354231400415 2.3630134704964485 3.4119611360820445 4.900039220142065 8.879365225144278 11.37706564527902 16.01987009173476 18.908257149576638 19.623067636736558 21.513043900048665 22.904399116739068 25.228753674280473 27.144006973352976 28.93630129911046 31.503420832214587 32.53098114911041 33.369277383748475 28.976214586191574 0.332309100809466 3.398664165787421 4.963940423226019 9.183642313103388 8.940756673474155 7.681224307933542 7.3801195841904175 6.60827127899038 7.970471498662972 8.585160413897663 5.778939181074807 1.9748024611361004 -0.17378168154172924 -0.3057273345962387 -1.0099209168326821 -2.2104966456728627 -1.7304116184468235 -0.5124167168517297 -0.6426234153886589 0.997992172890234 -2.488769232610193 -2.1933146777520087 0.5365552534717976 -0.08494758603377213 1.6405505022761349 4.777117846024394 6.901668291562321 7.450288609448827 11.59817227486347 17.172931270075352 18.03501341221021 19.899384211955468 20.687289633936228 22.392705533915702 26.13791248529637 28.136564589479626 30.482909394812605 32.25497212853746 33.662411464376085 30.31341785178958 -1.1416594187085014 0.3580616068347655 0.9577850729369863 8.054985688263065 8.893779579260725 5.1565878899513775 5.680523237231004 6.027740864237453 6.209196228878777 5.113186870858655 6.114406352707829 2.599751538581289 -1.445915382531891 -2.3054188370702535 -2.8591332837994354 -3.297886525023917 -3.472752107292555 -2.127421771102193 1.11534264616931 2.379965287536333 -4.283880800581479 -6.138072088046361 -0.7104304041668694 -0.7747836629186785 0.7309934804460494 4.6759301425258 6.264832472666939 7.428941194871073 9.802293218846705 12.288652188160636 15.511124452931904 17.9461782214152 19.083266477647996 21.62766924172599 24.78277536941371 27.31026048767873 29.811739781000924 31.644891659987394 33.50815266715073 31.331923318183478 -2.4875730074132743 -1.3621031229469729 -0.13240597835357265 2.276136923766422 6.393914597129192 7.113003442401937 6.471993320621522 5.939422367822371 4.199644248208295 1.9607018228762794 3.3259781204971217 -1.6234355245963767 -4.021314103504085 -3.7129618621258236 -3.312425393031748 -4.390440649637533 -5.436806380732528 -3.107616120441212 -0.7607145315856464 -2.4222643126125094 -6.3485272280917115 -6.535368204435056 -1.0174415311690055 0.5472937923705979 0.5612070326234564 1.151381485497239 3.4576860845788784 5.103963360305163 7.49967565003544 9.155084881107417 14.087908308071656 16.822934258127578 18.563356885285216 21.467336830188593 23.347039450792888 25.011214444004953 28.59052585890354 30.97903744339626 33.19142084592129 32.03761514751569 -3.605984687725795 -3.155337537914211 -2.155853486542063 0.04299398276910274 8.412122792481977 12.515553033112688 5.884432196381046 5.716830543875182 2.4056898618810716 -1.3870727497196573 -0.6017962813746216 -3.477762178532084 -5.156302090996187 -5.018089476083048 -3.459854686114749 -4.011339800233315 -6.044191997323776 -4.592626140073354 -3.3689915492418456 -0.4998737096878018 -4.2105270511507475 -7.436625558661012 -3.549371916554945 -2.685609078289794 -2.146039808995508 -1.1055376003876378 0.7530761619692502 1.917472713440339 5.140439580731275 8.029166358687311 11.462686969974941 14.365083711937267 17.622805360119592 21.98102345801843 23.10160585399541 24.7191470285705 27.378497920217725 30.169626366403026 32.82975306997917 32.45355875515895 -4.554103906464393 -4.808624420947307 -4.130348238257838 -2.1528843828577418 2.799330524100292 5.515369239718731 3.893250478684878 2.7720699598796616 -1.6053443736133568 -3.6695956296498684 -3.3278801499054014 -3.5787288247223272 -3.110567440178402 -3.634123155626128 -5.303518962129001 -5.597192500589717 -5.837397547953335 -4.509403391054287 -2.6159007250874415 0.35042262845901423 -1.5447219832218342 -7.022080585555137 -4.53491637571013 -4.544556208848797 -4.691924342450498 -2.393589121672855 -1.5089198078103023 1.0547085078936942 5.126324787379559 8.670150829510773 9.890536238302007 11.568958219615288 16.399571323067395 20.201974561792877 21.676075714977596 24.47878822677606 26.456418954460567 29.313950329261075 32.43332879228465 32.6210216564394 -5.265890569164571 -6.106077017611818 -5.575910886118688 -2.6262583969111293 1.0083878087992073 0.14216506726995456 1.5032108237703152 1.2890137456242847 -1.908310440590989 -1.5617714430357998 -2.59926678389976 -3.302662603681674 -4.816661720732105 -4.869360956705516 -5.248380141579672 -4.4516159002062565 -6.311351497868537 -3.661284864108659 -2.045515796529383 -2.2488307010084645 -4.544342619221572 -6.5717390688653845 -4.4041475340892635 -2.8726630809715834 -2.3113539711144435 -3.5137815974202464 -3.2682480811353445 -0.5443924619586463 2.582523334599336 4.61763997234649 7.610383080055762 8.590565212383451 14.187441176805233 20.05365365892294 21.198003847551703 23.080471437251255 25.612726339227127 28.697081553657952 32.05668721956438 32.573846380166486 -5.577077619722158 -6.827056584231501 -6.5205012954290344 -5.15837092658758 -2.517524705690298 -1.475784863818649 -1.066637720693479 -0.8723892994785174 -3.11835288546153 -2.9144555003698858 -2.775071256093054 -4.210944212310791 -6.614568961039063 -6.59464636965958 -2.044191658108139 3.749762990250231 -5.441146915885891 -2.7452529253224305 -2.6578964074304285 -4.599730337597273 -4.317969242597411 -4.352504251545598 -5.0125770353567365 -2.631098143432382 -1.930911098331536 -3.9075387726443997 -4.84095941818124 -3.115625113076782 -1.2929622699377166 -0.23395567686676644 2.908865086055285 6.418246599076707 11.452183084625592 18.19351555398444 19.92072344578428 21.740129166741813 24.924065133800394 28.27264544764271 31.718477599505846 32.366454353857975 -5.454526310956241 -6.908392037075625 -6.8723904296537475 -8.894668770283863 -9.060633727169744 -3.4591526000156936 -2.004094891739872 -2.19576796090833 -3.607363793755762 -5.140181745481971 -2.9139015873308796 -1.7396934402430142 -6.737273481540984 -6.104496857898967 -6.27998679513839 -5.683460755519212 -5.450739131688857 -4.2987430053751154 -6.320432358653086 -7.09708343942499 -5.586710048656699 -5.121240160544147 -5.78822235457218 -3.0937274368630714 -2.8623779339295137 -3.3325240372884575 -6.1394725391430445 -4.86262638615451 -2.1140274094718463 -0.5992914390544738 0.474195666871598 5.384354902821074 8.099080030415161 12.630033947389688 17.461185818332236 20.42698209825658 24.217481410055004 27.874565833584136 31.356858534322544 31.964533342279562 -4.971711570272721 -6.475485102545255 -6.334690989121177 -7.514606544371974 -8.883199639885737 -3.8246422452713422 -1.911316558813088 -1.588523934184952 -2.6844288055611876 -4.08942784100571 -4.764371703211021 -1.5625246899520593 -1.4191138336139884 -4.921973712780094 -6.902177345069692 -6.784988217369412 -6.31532279186517 -5.8368320847596395 -7.045836917432992 -7.340565754645563 -5.420261286630126 -3.7153583707788913 -2.6747464268501426 -1.6949528116890873 -1.4597204974282136 -3.2330702609674273 -5.708346757042739 -5.582470120871199 -3.411958460125233 -1.7641063943059798 -1.6719213868561724 0.8552637326341418 3.8274233911062256 9.548304671993893 16.535590333472094 19.412030863826843 22.98118509255108 27.913014645092062 30.833296207011053 31.23971802243098 -4.197124655340972 -5.6194528815227125 -5.485088780988016 -4.901814235055276 -3.7822024976421567 -1.7974873273791436 0.6697645821444722 0.5003806092152837 -3.5754161251702143 -6.860310143574975 -8.713066067084693 -7.189335757423391 -4.294932168453112 -6.620518390849171 -5.598469704083393 -4.167365854627572 -6.007598173446931 -6.0089397063347505 -6.387023892624652 -5.867025238282107 -4.071319682340155 -2.2596429142255974 -0.9385144082281749 -0.18766883697118739 -0.2894400180813029 -2.1094065049736654 -4.688572246427279 -5.288706339785229 -5.514092984760004 -3.499934015707906 -4.710646853193627 -2.9499689926701476 1.9292732964895172 8.27099560013776 14.500212733514005 19.610780170621045 22.648076091195897 26.98426206836975 29.738371907451587 30.10086996822062 -3.2116271017307176 -4.445880010940547 -4.399095462156752 -3.9621003831934343 -2.9399207444190067 -1.5520951799854559 -0.6288565448795262 -0.6197441329370775 -2.604898686162958 -6.083529468926655 -8.416037814031233 -9.306702749142854 -7.242345553327174 -6.191038721855618 -4.3268247729523805 -4.155480457537683 -5.895681673543015 -6.215989363147037 -6.178553274583132 -5.29127850696144 -3.367771057665122 -1.3607069092253643 0.22485578044535348 1.0853983047654943 0.9277372667221598 -0.7464999833075088 -2.6756948503146685 -4.3157234275965735 -5.379988091904226 -4.638393653691699 -7.130190989950175 -5.853149234968298 0.18795327148068622 7.93884250291116 12.385067377118759 16.203483662270703 20.757515349973716 24.984909169416014 27.91110389111463 28.37454503871777 -2.133401431617841 -3.1180396941156516 -3.162298135803293 -3.034786564249465 -2.5948518713457327 -1.8071254157585184 -1.1617466703431145 -2.1501301326265807 -4.3212477603091335 -6.5975681002060265 -9.908922401900272 -11.206071135682507 -10.534365999287711 -9.644791442460978 -9.482608297866134 -8.369327665450841 -6.558960617284327 -6.774134015278823 -6.212377429572151 -4.882024399060404 -2.8762013870510934 -0.747697080957937 1.0747981326258285 2.082119064802836 1.9993729597129626 0.5883219611840262 -1.6712620837814096 -3.471889741479998 -3.830931263325374 -6.052787400827135 -8.329805500880598 -5.866205131385019 -1.4651500077794057 4.301507137461296 9.333033920044553 14.09333540441623 18.459695327213723 22.425778697282073 25.592781228070937 26.21531170790551 -1.0600944080731332 -1.7778029440438283 -1.9095050876986213 -2.054850922488083 -2.0901437132196397 -1.918375148699215 -1.824915469889186 -2.8740332500448105 -5.054574403199882 -8.738298507640579 -12.700340263133729 -13.664101730743141 -13.905646298534453 -13.855625240718672 -13.790451791982656 -12.55432242007268 -9.371216104310424 -7.794433041499048 -6.27756224139247 -4.38155169069998 -2.2042331890467106 -0.021850371362128664 1.8370806311468484 2.846946436294988 2.7928124044390303 1.612434469488575 -0.3562739923631704 -2.173136594170318 -3.481586951066709 -4.899876037075576 -5.805297586913667 -4.652021283818081 -1.6869783370737998 2.5924631468001325 7.611325132635771 12.362385517138595 16.43407131785326 20.074990319760424 22.930825641692604 23.650870005641856 -0.26478225080260537 -0.7738106069677605 -0.9591874221197781 -1.2578666050403524 -1.6048892219405493 -1.9573334093279866 -2.5007631879647065 -3.7672194443091387 -5.907414331842223 -9.117648142813733 -12.551570500754583 -14.685015548580367 -15.617191034952082 -15.596142226167185 -14.736339190243829 -13.188216931181683 -11.092159287460005 -8.824868074575246 -6.454694363584983 -3.9768439845321715 -1.5213544287153644 0.7169157402837546 2.4849443334023826 3.382356288899467 3.279161032384191 2.2106123391900554 0.4631930255273027 -1.2921910056838173 -2.7275102556306243 -3.8377808784872185 -4.297911032843765 -3.3932724401168537 -0.9958344906750717 2.5667776843785792 6.8591290704104715 11.120356912601938 14.966494146508294 18.408351925580437 21.04072130398411 21.86716683722466 0.8158483535251974 0.5210010969580121 0.2501643997879505 -0.21028184461163876 -0.8471617988085498 -1.6903243598521633 -2.790792600550979 -4.26799828762488 -6.125456045702802 -8.326796686020748 -10.614128686055876 -12.41337461045697 -13.467151104687591 -13.744946773540237 -13.23491674284262 -11.987059018991323 -10.111463338086555 -7.7856863443495 -5.225613119175245 -2.727939747424365 -0.4985604561799768 1.3247943728267 2.6061409875245016 3.193530689404901 3.0672131813722374 2.3071467110967503 1.1020254049111384 -0.1979281336646361 -1.3409727632917878 -2.1242956890991413 -2.3670396956674016 -1.8882728615115731 -0.6343480684710721 1.358103571192461 3.9108701032549957 6.651510152907967 9.32026335568189 11.796662667609317 13.684016985218086 14.703062628319925)
(UseCyclicTransform "false")
(UseDirectionCosines "true")
