(BSplineTransformSplineOrder 3)
(CompressResultImage "false")
(DefaultPixelValue 0)
(Direction 1 0 0 1)
(FinalBSplineInterpolationOrder 3)
(FixedImageDimension 2)
(FixedInternalImagePixelType "float")
(GridDirection 1 0 0 1)
(GridIndex 0 0)
(GridOrigin -117.0852770935042 -120.40472206681088)
(GridSize 38 28)
(GridSpacing 80.03982898124829 80.0797594767971)
(HowToCombineTransforms "Compose")
(Index 0 0)
(InitialTransformParameterFileName "")
(MovingImageDimension 2)
(MovingInternalImagePixelType "float")
(NumberOfParameters 2128)
(Origin 0 0)
(ResampleInterpolator "FinalBSplineInterpolator")
(Resampler "DefaultResampler")
(ResultImageFormat "tif")
(ResultImagePixelType "unsigned short")
(Size 2729 1929)
(Spacing 1 1)
(Transform "RecursiveBSplineTransform")
(TransformParameters -0.2250320762924889 -0.5525027460796367 -0.6793857397890668 -0.8912559139559998 -1.1503722342606764 -1.4791175593334762 -1.8646038513779022 -2.277287468104264 -2.6988655840794107 -3.1255008092543255 -3.5256461546910356 -3.842925728543357 -4.023556526661565 -3.9929033587291216 -3.740585526882722 -3.3155024236404835 -2.7635686420504793 -2.150894947732391 -1.516287334712826 -0.8731020723820366 -0.24942749996135988 0.30555247122478024 0.7933552456936569 1.2877544865925448 1.7590013686000252 2.059897778639877 2.1678892010812594 2.1613213606861903 2.0914774716339832 2.0120323061307244 1.9664332350776565 2.013452687910472 2.118023956163995 2.112174169163098 1.9895508169539617 1.8694160334011236 1.839326148709112 1.3701861384837675 -0.08676839843237964 -0.40297421098533065 -0.5509695638590834 -0.8199220845894304 -1.1908874855269522 -1.7053357058208873 -2.3610858435256947 -3.118094664994442 -3.9984780877942234 -5.154575603490463 -6.442441413277187 -7.419663366507508 -7.775811236950394 -7.100998215687119 -5.562340433754575 -3.984594510430558 -2.773509216663579 -2.181448492637374 -2.125945279458152 -2.113376903563786 -1.772515610393713 -0.47109870675290555 1.3709688863595024 1.8728384928594284 0.9760344436880172 0.3947068499444134 0.5531687804237372 0.9404749723994882 1.4628434257119374 2.3076027388809397 3.2506978447439314 3.497119237880113 3.1444470165730345 3.315013758096472 4.044224745533651 4.21871537758491 3.8929677132350538 2.4532838425286716 0.039591610007460705 -0.20960869088074335 -0.34549488263349765 -0.606753618645114 -0.9923811528367933 -1.549236362291452 -2.290384297401435 -3.190796699734022 -4.277494498772085 -5.7750419970117415 -7.426954572490477 -8.464500261353518 -9.161810476493566 -7.609257046194192 -5.433701476096069 -3.553519372288468 -2.1353884113774333 -1.8611369332259835 -2.59803583021295 -3.4237829696948197 -3.435180060814042 -1.459235202306262 1.6844721003454692 1.667606704667844 -0.7137276164720481 -2.013147701732363 -1.5685189621794826 -0.7202874772656942 0.2539525483753675 1.8199577010410661 3.582175265739206 3.956087317389808 3.2237278039570922 3.7675262730083405 5.6372265138190105 6.160991482596126 5.3586508815982015 2.9330763989709125 0.2629618247371382 0.13599913227615054 0.025701759152739628 -0.21181184870275915 -0.6033749748301008 -1.2051817276865557 -2.038646482852626 -3.0949570875329915 -4.205002857716644 -5.2684615785870985 -6.482332719725859 -8.694138498805392 -8.463111030258831 -4.698566730008363 -3.817333411950812 -5.527680870698897 -3.861159658581275 -2.633305116922444 -3.6847741470522077 -5.04841311282465 -3.6204568489101554 -0.40931483084702003 7.386026513682155 2.3237272548199153 -1.531224520454717 -1.8735216978942055 -0.10762382273513717 0.6384125752792575 0.7800956383194416 1.1198712086790288 2.987991866730339 2.9088245241202215 2.5504186244176754 3.151895411614904 8.286473954824576 9.997663992112011 7.858316728425481 3.509630122998116 0.5752738275062834 0.6362012581405444 0.5735784462769254 0.3932938671412174 0.03108845271919307 -0.5840586712494836 -1.454191365794561 -2.5906126720294336 -3.637858341077277 -3.8023873324377377 -3.501977855726448 -3.8522692499581135 -1.1655184306786404 -1.0102801199478186 -2.230713989313245 -5.325174676587507 -4.846528503734161 -4.849443032153406 -5.278460343420415 -5.81895757922957 -2.8465694339485172 -1.374403900402305 6.40780393130826 0.26680022344188586 -1.8508659001215508 0.7331403778904912 2.6264781414951432 3.2048311190552434 2.5215346190142083 -0.0010454952089605349 2.0101134628944326 1.2412646596644188 2.7127883177109373 2.8005222131011456 10.837947991688752 14.293542159948297 10.312874244027313 3.8882532446645266 0.9853724879210081 1.3108512726705817 1.3229217757472995 1.2401778138910078 0.9457832816841142 0.3622726950772227 -0.539568814861265 -1.8397250533488132 -3.1807554970955416 -3.8087268051838024 -3.804687957555795 -1.2467960180674704 1.86326127358479 1.3231682385163963 -0.35314453498129306 -0.8754728797569894 -1.7923502577222086 -5.426307968170079 -7.106197739027497 -7.104184532694669 -4.798241182347349 -3.5056230651882787 -0.015277611626256724 -0.7022276434775808 -1.390444516201728 1.9125067275947323 7.369721235794378 8.937917473134593 6.220580276645275 3.1585734761319006 -0.45930064691279776 -0.08681270167357669 3.486928747734575 7.590224396027518 12.895738008200562 15.239863483106676 10.468496319265554 3.874373750650044 1.4939288882536927 2.174270676754523 2.2982034270633234 2.3689420504442134 2.1976728040061175 1.7047901764469702 0.7853038573327885 -0.7250522925554858 -2.666422562850954 -4.799780590687889 -7.087720221668706 -4.339774092586753 0.49536079992366205 0.40563284107584385 -1.391319391983959 -1.4622161210291864 -2.2992200141942827 -3.431346691171862 -5.570652982646064 -7.652670436203231 -7.191003369833469 -5.129853462825228 -1.1599258457246056 -0.741757910940318 -1.6760844194790019 -1.3873535898053946 6.673425509619206 10.346360556931218 6.598632491872267 3.343509341934957 2.019261879188898 4.669316166964946 6.917379482862081 8.905976529838757 14.144230218614306 12.895916735735513 8.181638798437413 3.474826640997766 2.105121883476254 3.251858795526765 3.5368479827577675 3.8197983975628143 3.8214353683980216 3.4593621465322433 2.59233172994938 1.0537131045666233 -1.2010938936884918 -4.661567322102681 -9.372890377734702 -6.259408267662703 -0.9994709238498517 -0.5324921469002618 -1.368064367322195 -2.4206772834231516 -3.887709939024156 -3.990127677721976 -5.144420129423285 -7.138339690194359 -7.442319038643072 -6.310395804934486 -1.1882653091598603 -1.7060746435034142 -3.316785733172093 -4.076337018410286 0.6015361459027909 3.189184872627391 1.1148825443785415 0.16662199315827686 3.8746795731785504 7.077048649969521 5.033100137168076 4.292150831120855 7.852419133938674 7.218737962022955 5.399336425817845 2.9856137070232367 2.8036410347972414 4.53138965993432 5.046869475717886 5.671339018355692 5.997263321284947 5.852879414093194 5.074436684475727 3.612965351397326 1.2756629082796385 -2.7376946781837925 -6.222099646439749 -6.124137667735845 -3.4715843484129225 -0.8229237354989315 0.19312189722164164 -2.0783170960094797 -3.5960919780007856 -4.823148270582145 -6.712982970385718 -7.0500466003165405 -4.757802292155626 -3.0664959041749436 -1.7906863674947315 -2.048747653230803 -5.188247264750852 -6.019551245468624 -1.4185656362813157 -2.6902568109434433 -3.5057916242482206 -2.54952909047546 -0.15018570416917104 2.935899988229013 2.2558836045841253 1.8581935174676578 2.0294578578893985 2.8009684929605574 3.0744747737125793 2.536308137722852 3.560876534968643 5.981106593139595 6.840524926975297 8.117189071224347 9.18172047942651 9.458266557807772 8.703074913786212 7.1105902635831715 4.539464157850346 0.6809240744459932 -2.195648501331131 -4.545951932621831 -3.9560013726672003 -1.485893501923646 -0.4265850905374275 -1.1581334870006357 -2.6032777245198675 -4.710394928429272 -7.446777662639451 -6.145855671518684 -3.081125725401118 -3.2837222245459063 -3.598620424422299 -2.586275143958909 -4.230330773138449 -3.8025933952319577 -1.4813768955946667 -2.215803416904949 -4.841128295019806 -4.101356798804277 -3.7282031419852197 -1.2783023976711518 0.19069667562424047 0.6773972198399129 0.022299459848631426 0.6877054720275392 1.628265485217381 2.165921737902575 4.328215065010828 7.512655420221338 8.825431493161885 11.078829068099909 13.330144295465637 14.29810778153402 13.541329303089784 11.438675826278685 8.449223005478297 4.298781991013487 0.717462712185241 -2.404572286139326 -3.986272174497958 -2.715615768282584 -2.519860765657513 -1.8625163665492783 -2.343745847586566 -2.881399716309631 -3.2783158564422488 -1.6562531164915404 -0.24598590727423938 -4.749823644616457 -7.525655148149094 -7.050031112654678 -4.339647902810933 -1.998187101226993 -0.2339930464672825 0.4680125373089444 -1.605703121404694 -2.7731259712743928 -2.6573781828966596 -1.0135236070692208 1.2545938557142287 1.8717656830581524 0.5451976206395963 0.340441332572472 1.1893378262042549 1.9203070809579 5.022858156266742 8.973472039507731 10.839977096598885 14.382919293808119 18.332637755295757 19.9970607365256 19.442746021174884 16.747418169366238 12.039239451508124 6.892222260641148 2.3473031989624906 -0.37879419760807725 -1.8554192223357493 -1.6754455530200099 -1.488343644085437 -1.3914393900468196 -1.4061373514742501 -1.2399875572827557 -1.0326782440686604 -1.3659629722134348 -1.72788830971981 -8.832783186171186 -12.225907810071694 -10.025531216353157 -6.186118497185877 -3.004039419086891 -0.08518187064829404 2.143903319314969 1.7201854400598398 0.22401529579706705 -0.3660672608057857 0.14810190001702098 2.6199116601924515 3.3416539390179403 1.554098321327491 0.9656165644283685 1.5176595651123554 1.8526412698407235 5.602063157690783 10.222189873953003 12.587187289335894 17.223731272784136 23.16848928982395 26.118603790782405 24.39160567845981 21.744413224290657 15.028251133433903 9.27336773077498 2.4851040171911056 0.2555740911559924 0.444920773953218 0.016156274305380844 0.456463542013568 0.6497956893415354 -0.6391215607406323 -1.531618938711615 -2.4133523258664185 -4.537069136820447 -5.569318099892178 -7.318009913290568 -10.612138538612136 -10.094138712433537 -7.208247648018609 -4.551375314092032 -1.916348432408503 1.2526692076745214 1.6998132849546368 0.9937646658477439 2.3802537236625705 2.7165391411282647 3.653056149952703 3.6480306077929066 2.6544528831866407 2.1557919565076635 2.291902938532739 1.9269453849592497 6.054383108642994 11.058300092362767 13.42785676480989 17.44966716112695 22.568197149099824 27.176074477865725 24.624695931619122 22.135883043565034 15.16556862511218 14.440086853286322 6.014150162444424 4.2956946633365325 2.6221870815250043 -0.350178444480877 0.04216870848090382 -0.14792864991729612 -2.5507283550321525 -4.44902182849993 -4.988405947363764 -6.502017735858237 -7.550637161627527 -8.88492167195521 -10.28291191786636 -7.712137359798455 -2.6726980397559723 0.028776779346406017 0.10472496952764461 2.268790519096058 4.076711072408731 2.210174992834088 3.809669442915495 4.5672699686537745 4.2999745435261705 3.9325715062095656 3.4503463615521546 3.0523259036798076 2.8945975845689813 1.9930363791053733 6.366643665382463 11.483496760759715 13.452222007954962 15.563311484673882 17.41426511752974 18.613504572917527 14.528620968155634 18.353058244138715 10.103723257584498 13.671270467475109 11.800261046681227 8.25647210447063 3.087089087986793 -1.5919928308934739 -2.1036388496452156 -2.939415790687666 -4.742202886878036 -8.622113490231873 -8.551176600020975 -8.200035450000392 -7.711486450041817 -8.319630843158864 -7.659444999994314 -2.651742294341451 4.3204684144298335 7.266230992674874 3.7161036914036076 1.5841047073592556 6.344441389091519 5.590106365768955 4.676836618098866 4.256060368016939 3.9436974055609517 3.831858753727146 3.692451740596822 3.4091184174086546 3.1465152496801623 2.0013730409082253 6.528447609508626 11.742322945812417 13.621858206918654 15.231949485077198 15.9072247571897 15.508130831454354 12.230051777670488 15.394776639254493 11.569050822071432 12.152581967382625 13.475440101823342 6.1930989675024195 -1.2917623022968703 -5.308130518277869 -8.08778570368476 -5.360717928882725 -7.6129416266680625 -15.928086645916784 -15.591635515344434 -12.12621221770492 -9.531780341506153 -8.140785965799893 -4.435868048801712 -0.425947133336329 6.537844705168957 5.64030031528109 1.4568980346553373 1.0492991007761063 4.700701432851108 4.599643900304471 2.889406050235296 2.604471440342851 3.2621553137351365 3.810703224053872 3.8841989914389807 3.605103470643366 3.2727905311826877 1.9789120793910187 6.543256518346593 11.865532709606097 14.02149873895996 16.695947458067188 18.961268720672436 19.362074933587714 15.532658857032178 14.219500331152743 11.346438933001954 11.979239360643424 13.184846981902147 6.557055959024175 -1.1752400951224078 -7.625711755486266 -10.930193190715126 -7.055343256243891 -15.482218134669225 -21.626039186420687 -21.518461857373754 -19.318705775214053 -11.716831030080236 -6.455717450302427 -1.9187433548338768 -1.544427440849106 0.9989672513480148 2.122426611297523 0.2724784417943308 0.016290268097959023 -2.4049779827279636 -3.320620740649173 -0.4978975018136482 1.6330436641869348 3.081054171130524 4.114961903290287 4.175623366446407 3.74349654071885 3.3269250523979337 1.929274403259266 6.4296023000116636 11.698694058320767 13.924006744064027 16.97431335898509 19.327884870725434 16.065042164504963 14.189868728818764 14.781627658532742 12.47617748656383 12.774887569942022 14.949372330931828 12.078062955894987 2.348086171808714 -5.6853631518137036 -5.423395383716562 -1.1994374794766636 -5.040141223006281 -12.526976033799132 -18.719041885645563 -22.343430201031808 -15.187641707026978 -7.661433590916592 -3.7315560719148224 -2.9416981039649426 -5.933805116707793 -2.9551410844756183 3.534209673795766 3.5312793402142106 -0.3313962099096182 1.2490304511433608 6.390977887396835 6.511698757909752 5.429029775087465 4.99298913932735 4.541327531258689 3.8113199919734875 3.2902010359737432 1.8519479010036146 6.204792687484404 11.221264167701479 13.202594470525606 15.562266185407939 17.125348494328477 16.28900772727544 13.879248574938844 14.650927627817651 19.051260116084716 19.348919575246097 21.969677218154263 17.937252978332946 5.303575904804618 -3.708925264745919 -1.8997361293133095 4.94655644676298 8.05746546474398 0.08790210398129975 -10.243519203314339 -15.61770066303659 -13.53734673184999 -9.799028931346967 -5.5181578715875625 -5.174679193729755 -3.3166810408859293 -0.729174064644662 4.1372415524576756 7.139370077965378 8.695889982411934 11.628588131843161 16.31631115925009 14.326610357386372 9.689114149086317 6.401071447242193 4.8617642183554395 3.7913360927391513 3.1686923725689233 1.7489753475607799 5.8905333746104045 10.496081960910526 12.158898515558429 13.841572408250638 15.137593005450801 17.594123088507946 16.609875497343634 20.312788421584873 23.59221081899133 26.24567152609974 28.33002772911014 24.245151794551713 10.401146868110839 -1.5219086085412028 -2.2155629500564915 3.0448522586937963 7.942724833481433 7.068524048363166 -1.9317847631563272 -10.625945197678272 -12.620506338782018 -11.471580581780723 -8.822011847115146 -5.845674224548429 -1.9409603418432337 1.4647714114623218 4.6017337111686 7.513695970806219 9.434775365878274 13.073380702426611 18.00293419457595 16.544301635640593 11.032013789688314 6.759712499055491 4.7980119962372205 3.6154043334823767 2.9756520485364644 1.6237520273466792 5.5023590383882475 9.595751387519451 10.966249790603554 12.3334528198435 13.513773157935749 16.254067588480005 20.82909122022255 26.923901454611787 30.466752557391967 29.676802978958026 30.808864317842133 28.24029412522476 15.343167860270995 0.25519065068850144 -5.636306931455143 -3.492298358927308 -0.47071564417863965 0.023351326429389592 -4.10882966651443 -9.606478653362315 -12.325794361803416 -11.24269773381552 -8.909246024116573 -5.631251513686712 -3.9629156841468367 0.14820874248715885 3.371355534945063 3.8588218552086384 4.155546237239036 7.625199343318 11.717385295008091 12.305857301841012 8.883841077257044 5.885842800242092 4.321545142951808 3.290091944466414 2.7245577986277167 1.481193762023475 5.048544837843572 8.642398371810888 9.8224567247917 11.247436882438363 12.697433977199509 15.739294704681178 21.893209337212895 25.928972825585156 27.83868644875961 26.927390768689257 25.533578828796863 21.142997011485125 12.513707694904712 1.2249650363460076 -8.888677698220283 -10.893397019460105 -8.636886606867076 -5.513858039193121 -6.833065573952315 -8.269976410557888 -10.03652844336483 -9.063649991896643 -6.98075096212401 -4.027301839090797 -4.6099163880874965 -2.8792748573050018 1.9488409240153104 3.974329633293204 3.387048191429227 4.9138352262375165 7.599642679364003 7.955617904205451 6.33943026465959 4.726857828668829 3.685284368753569 2.89021041540114 2.4295422248572307 1.3283333325175484 4.545598202972421 7.688957854143582 8.768735432848995 10.458787318021004 12.446343339148498 15.30446811034697 19.698478781339464 22.33238922941644 21.677274620822345 20.23495803400379 17.11467466534413 12.946943755061799 6.487054463693899 -0.41878417479619257 -8.353361523216392 -10.991064682397989 -10.270961608014295 -8.638594965553542 -9.057299008809547 -7.462895983930753 -7.151115667842606 -5.056596212225241 -4.24433890739228 -2.953396421283451 -4.59126340981127 -2.892329754623035 1.3485399169648942 4.1349586368822475 4.597104256339475 5.209572302551665 5.851045086682621 5.303718010035369 4.483830013085509 3.6579027992383186 3.021677077325633 2.4638269928642225 2.1101938172777266 1.1711534327077915 4.007589515667696 6.70803288882062 7.637796356059491 9.25068766119833 11.198263102385262 13.680477619748368 16.144755487064845 16.805449155893413 15.262776221984721 12.839841456997743 9.770810741279648 6.471652162670915 2.378072005347889 -1.3740081207527703 -5.830994384887178 -8.27881439432174 -8.82044078148438 -9.041740720237014 -9.014251020525858 -7.176994279942507 -4.7693749640988505 -2.670268241265533 -2.4710629621633515 -3.1207295614441968 -4.296766766608014 -2.8226964943068147 0.7917640884751226 3.2526996425445005 3.9021556275729203 4.087176731566125 3.9318298284510065 3.5055493555699826 3.159782660269442 2.790770957257541 2.4266042406098567 2.050797551245709 1.7899526057709263 1.013056892686375 3.478095899347534 5.757956436502965 6.4778703678023195 7.637118029424202 8.874717833471724 10.228820053971164 11.336938461569263 11.412422934545072 10.339400433562387 8.62954614449788 6.547540805691599 4.305682264815335 1.9970929530022876 -0.45178955085226036 -2.843247558669562 -4.544266708075957 -5.46336484730051 -6.044847215177506 -6.25675952555111 -5.5182371906745535 -4.0717136942104775 -2.993898910998886 -2.6233424343581944 -2.821318004950243 -3.086918612441323 -2.0304684947622054 0.20544258546557514 1.8483010168775702 2.4634031003545362 2.6402461153477836 2.602255845811694 2.4889822480866273 2.3649691672897766 2.182134983482853 1.9533735377200405 1.6873963152978246 1.4960302390450404 0.864462437147257 2.968144775181036 4.861777146144406 5.403145782381909 6.178609455604846 6.854335601832784 7.406413760228615 7.710451852079762 7.642634734428374 7.142242166799585 6.1832455931344805 4.844222873771441 3.340923913801372 1.8172449692910786 0.4004923199577455 -0.83991263607336 -1.8853061426605624 -2.7283145040387478 -3.4038298677178713 -3.859192911023537 -3.899672898804969 -3.5751330053515455 -3.1996883881092812 -2.8686082474102226 -2.54430318613504 -2.123371558222149 -1.2985232998771834 -0.15687225216465187 0.7755575397571568 1.343631429315642 1.669899075707014 1.8130906429396467 1.851408943174649 1.8225430197552444 1.720744867441259 1.5687065934537896 1.3760993951097686 1.2355740542178377 0.726729079285875 2.6482783095813014 4.301241352263157 4.748981404479209 5.368145666006063 5.860851858876171 6.194568131060086 6.29858607006301 6.1698507416401025 5.7779948114512285 5.053838145064201 4.0402133747714695 2.8937293069974195 1.7287756511385304 0.6708065768294165 -0.2385482276793508 -1.0521965283514596 -1.7682053835444174 -2.354002773994346 -2.774070670841019 -2.9642956849139415 -2.9334801606612495 -2.7699817742693584 -2.505797056959659 -2.137358173578675 -1.658548999670297 -1.0251253817080088 -0.29321308328450535 0.3638889181282745 0.8715797377206069 1.217886274349706 1.4108892986103136 1.502172928484429 1.516187738327215 1.4564619112010182 1.3454683624675003 1.1927878739749043 1.079437900980092 0.6413482966503843 1.5533664344024376 2.4843678392210995 2.7167550048831366 3.0351097580373367 3.2742384294967493 3.4208777340034535 3.4406173342797675 3.336172861627845 3.103293258032132 2.7339971263336014 2.248455947530151 1.6959663398844207 1.1192292089451767 0.5671354026887457 0.06980411528386274 -0.3580750533857077 -0.7080807755504152 -0.9824045593347637 -1.181854890607753 -1.3107764494149796 -1.3658625040554473 -1.3322494871900223 -1.2134889196104917 -1.0296286810196265 -0.7963765019562385 -0.5291753416421455 -0.24439682582024888 0.04216577559927056 0.30873314466824475 0.5219601635294755 0.6699900879223042 0.7599180664225746 0.7966839169608357 0.7858576785374541 0.7404806348385379 0.6665351223874104 0.6096780474531245 0.36712448832730715 0.01512768268037476 0.03697385819078491 0.046080215095158805 0.07149956574953303 0.117789234907437 0.19589722552194178 0.30409391979307504 0.4214460850524479 0.5612436497648479 0.7971576408011151 1.0843552622226384 1.2578613771539882 1.2161877815965487 0.8383129804770688 0.199234046388809 -0.3943570169102203 -0.7902807770823236 -0.891075729379896 -0.7438690567565673 -0.576935200121108 -0.5345389524798284 -0.7707242758565169 -1.2666750895087844 -1.8015123221482632 -2.2772668142433505 -2.658881079157992 -2.9355736685946505 -3.1559262568250563 -3.2950916223613294 -3.241448678767907 -2.994695237324873 -2.6648393543360878 -2.2773277373586573 -1.76960247472025 -1.2016591730628803 -0.7396992022784332 -0.49561260447090005 -0.01737209896979694 0.02025501363624823 0.04843724204368148 0.0630565248515103 0.11115582726362734 0.20684462128404588 0.37043421099011403 0.6130822159477034 0.8851902748956348 1.351439587501797 2.5855521512955844 4.359793828813071 5.633734564289422 5.801278470032842 4.176255024500533 1.270175789730649 -0.8668758428469083 -1.6250268481912715 -1.504031462144798 -0.6835579288599438 0.9256214119210092 2.4843503232637736 1.6330244207052464 -1.4757074327939899 -4.001986597453462 -5.302344417340565 -6.530904249019107 -7.655463396985317 -7.655763918131098 -6.555212642134574 -5.332335511257351 -4.336902333114411 -3.481698457626415 -2.8876555383318436 -2.950713571087443 -3.363336354020648 -2.723645873456345 -1.3032991899842545 0.4519909440458219 0.03099039699939166 0.06496929314184816 0.08206500859974303 0.13872062262011792 0.2519137507709726 0.44062419876588166 0.7316609323842062 1.0785481565507056 1.7263772609492811 3.5686208823561323 6.233612865646993 8.288950614060262 9.013248474053983 5.9811813237307145 1.2613805874887987 -1.516002952024129 -2.2378866711612555 -2.0186772890298084 -1.0517546481013214 1.542867945364096 4.757222832263133 3.879616484304584 -1.7958739925268195 -5.5174021472741215 -7.26556372439156 -9.081167953761986 -10.566979949468564 -10.243335131818217 -8.208448100843551 -6.210426693682293 -4.779058171648488 -3.4815848445974034 -2.6302685533455876 -3.4048263011493636 -5.090301260134002 -4.539494820928234 -2.177578225229736 0.6551243902505136 0.05293597537852742 0.09851870969876854 0.11861101582786832 0.18363342498454907 0.3117299839333891 0.4851244098186349 0.7850800764611381 1.318402739330059 2.113423751184821 3.9705101257878894 6.236109071089688 7.06485529654623 8.51807206687404 4.959202448241801 -1.1494271173357364 -4.22825379878344 -3.071133706097213 -2.2569531900443507 -2.21474716280642 0.7329485701521647 6.445884781214795 6.7964645075053784 -3.970242547415732 -2.8186151838044564 -4.801507586877225 -8.648919217318957 -9.0293343956946 -8.632930515529347 -6.477713748916454 -4.856113849887181 -5.526733010211993 -3.1212186075111528 -0.6065454767221913 -1.4679790207310606 -5.100612913845388 -4.338817121212863 -1.8425424070545966 0.9437139694266392 0.08856510261235359 0.1517587376746177 0.1740085983150653 0.24214950156453308 0.3719501292428628 0.5516085330891439 0.8610331543272496 1.4928088763260705 2.3127701388564477 3.469210581239965 4.55585422881173 2.752974996481568 -1.318870364611795 -0.08689220179573023 -1.101458878733939 -4.326991376695653 -1.5484086205637884 -0.5796822539605484 -1.2555204447419694 -1.1410916530363766 -0.3336526626140652 0.2503445317865504 -3.162361541116018 -3.9783454406373195 -7.730811524716551 -6.115649732791906 -3.289164468849694 -5.31230469892129 -0.7764931985933995 -0.8752325697945377 -8.349333293159573 -4.261371073447492 0.4542973325864647 3.651487839748054 -0.2213596259791323 -1.020977674612977 -0.07668857035892522 1.244304726821479 0.14074225673944946 0.2283042200234373 0.2514742045032152 0.3166902621481067 0.433921218885729 0.6193649642628566 0.9289565303281342 1.522179066560575 2.302706540732135 3.0674105297511267 3.5262626763346834 0.7110869634354168 -2.454424173138167 0.4881791824765544 2.367309810799007 4.5638671442478325 4.617449270374742 1.170234880288529 0.8528608339910256 1.667144739344705 -1.8474869949164465 -1.698578091392078 0.12169879634219864 -2.692741320161304 -4.394580858573039 -0.5822119210237167 -0.35715029675329146 0.7594872136472818 5.216518427177733 -1.489931392304534 -4.032773781066035 5.5527941561332765 4.991917374776591 5.477705727365195 4.839536745983008 2.452112066005431 1.9428502805018222 1.589040512978341 0.21200361946072477 0.330225419040604 0.3525705375690745 0.4107694874437947 0.5048281276598071 0.6435606201073668 0.8838766055726289 1.36848180694311 2.0544194244925085 2.7912282284038947 3.327210883339126 0.8042604913370032 1.3752617522078292 2.6611772102813185 2.7805732385134485 5.396423923954241 5.011203101495973 5.318546075481609 5.9425108761915535 3.985639867051901 -0.12392592045122845 -0.7139039288598764 -0.3653354888106871 -0.3413392577358554 -1.0697697112949816 0.43738976245652694 -0.13442577872541267 3.036204072982341 4.991676600515067 1.9918224023704703 1.1343523077840258 7.20868222966974 5.854340649688567 5.375926807602504 5.233953778859633 4.4898075925105765 3.6219866404982257 1.9423934999906645 0.3049284782227369 0.45675423281291067 0.4721569442813599 0.5092023461612133 0.558047285425644 0.6308910100515467 0.7828695859362402 1.084366693522977 1.36531976814291 1.8401598496223877 2.2538096394761533 1.0714549244961393 1.2231058991560784 0.7168793539480669 -2.229408183775468 -1.9235601836085914 -0.2667309254131425 2.3302095512690424 2.872309118095658 -1.0037351665387004 -3.360312294901134 -4.0824180061483535 -3.24111225537666 -2.104767904171181 -0.8713021806262461 -2.157729248979182 -1.945545015363724 -1.4131192473567127 -0.050125840229852676 2.4611488833789164 4.516857836028594 3.467222596578933 3.3421362474088885 4.988945889780986 4.7283166815305915 5.226602178707139 4.4619306858619305 2.2322329205007656 0.4212801477685642 0.6135002100060792 0.6279912668558225 0.6850399032291163 0.7505834002980263 0.7863129659011162 0.7767689046328231 0.7472727377097012 0.4451263543089183 -0.2797917803674141 -0.5990754531662783 -0.5642782390344641 -3.5489956729073278 -6.003552920182584 -8.947596815718029 -7.983238050222596 -5.267024269212104 -2.8850536039197157 -2.422424958627264 -3.3494729754580215 -2.3558902086371347 -0.6338372462622379 -1.587160724886744 0.4568480924139411 1.7740443490360187 1.2740998603181002 0.26749209700140747 -0.7015815657224572 0.4548777716730659 1.1968757261768792 2.0202488027779593 2.358617763031135 3.785181378180636 2.3157626458167035 3.1846734429039962 4.671204703454949 4.402526134463163 2.4022239882836263 0.5621788010740568 0.8111508516114285 0.8610544193760846 1.1125244762504374 1.4639440242633421 1.622076895180668 1.452918823723966 0.9762360757427387 -0.014081965019688033 -1.9389166586563773 -3.9821355219406613 -5.8834361384904375 -7.03836752314036 -8.380137620121513 -9.941158152589004 -10.023344831206137 -6.9369873785875305 -3.3516805345476812 -2.0205705739401383 -0.8138773487225054 0.38040402752522956 1.8103649639438968 2.484714487484951 3.0186507903881785 3.936939581828553 2.229727991867177 1.8319008226304696 1.8287666635983637 4.387526219905415 3.7862320659693895 2.0633005761031167 2.3600743171048912 4.3472397283089705 4.873823358545215 4.824343482875294 4.633056452179118 3.9155050580657456 2.3785589621392833 0.7282944034257277 1.062564666587475 1.2034347140057606 1.9013878452590056 2.9033583991251923 3.3075281246315833 2.834523228229706 1.6259292470965678 0.014969489061461307 -2.1897329958011356 -4.718629368408674 -6.702471923673518 -6.099606568224906 -6.051982086918673 -6.889415529968372 -5.837096005461838 -4.513126323809293 -2.9122603429785867 -1.4438126370794622 -0.5922104100757013 1.7580605409425374 2.4968889913299708 2.809489855485105 1.684888061802964 -0.4238702001311671 -1.7338079455115358 1.6511175176878494 3.360212241465664 3.602410710875661 2.076654301129711 1.8503091066018253 3.2226740312866236 3.788599011212526 4.666541038067295 4.111198544229208 3.653188538214573 3.218531825075095 2.1791919279359218 0.9216830836889104 1.3892306339991876 1.6986070946951943 3.1876829005942837 5.1258193600418815 5.636591953941444 5.11795534435084 2.070633342973127 -0.029501253874349542 -0.5158123052811888 -0.7067025904742398 -3.143404809479761 -5.476411404060622 -6.409687560078135 -6.177774288459273 -4.847085089800438 -4.249391390803692 -3.9004372458256698 -3.88635506552192 -1.0137218552254683 1.0738645988408329 1.911913853073056 5.358278219240197 5.838625317267418 2.9199111223635095 2.9513800922155053 4.055820656933424 4.207936174439336 3.6497827158975196 2.939090993880592 1.8067069190282647 2.1901440262377307 2.4026016930357836 2.5661168799978236 2.511710889772196 2.3454395359405873 2.4769154600579872 1.923850708793265 1.1367810634627762 1.7956599855223325 2.3387061129668947 4.848312336421103 7.920234213560238 8.8231980928886 8.30839138646088 2.364781070342565 0.27598860568472 2.526208663786641 6.133465156456644 3.33854986045663 -4.568781587540663 -8.997852619671518 -9.338735796936094 -8.156807862255585 -6.601793892568894 -6.897063225989708 -8.690792971426516 -6.26973552399126 -4.709169592174209 -1.9800775591653306 4.109183852016129 6.6973426354058905 4.242681705081677 3.818206325629929 4.4173497259149785 4.411354718910285 2.526889254220508 0.19901057672837882 -0.7828675175814847 0.7974220643411212 1.347012242715298 1.5534070290128075 1.5224129534392612 1.5149906954882726 1.865655770003149 1.6771752430752185 1.3610462216319135 2.2773800837038265 3.077288085211993 6.472134871203218 11.276252040685703 13.232111245659768 9.590332780604264 2.4933350222982305 -0.9779246669068671 2.6813747894669318 10.83928513416574 9.366410647667934 -4.385784786944179 -11.032452010611449 -10.044239012215572 -7.9512460912739495 -5.249059043419368 -6.144001804919063 -9.861589758543882 -11.343996522873818 -9.353130265534173 -2.8939302818266293 2.4283254833921375 4.743951012692468 3.587864369564818 2.4583541161744793 2.370444738873329 2.7121065456962214 0.8950240297046518 -0.6584385281860999 -1.4930229959978394 0.8683729502845118 1.4001515799513728 1.5682730465221186 1.3031145824385943 1.2840059241034618 1.605343165053129 1.4861281103135235 1.5807327883383604 2.808771232931142 3.8400347391770735 7.733434243691691 13.01915607332376 14.051115454420206 10.879559361897586 1.6755318826689496 -4.564244954315195 -1.0592060004906327 9.64803325385313 10.890889878215248 -1.7651976972414787 -7.813737551130165 -5.913738588822703 -3.1869848011082667 -0.8876561619317512 -0.5040750831357939 -5.0660417183126984 -9.56717724100245 -9.140279664521357 -5.412531002982012 0.16417895125381818 2.469230000229146 1.8504746222903052 3.3040859550893096 4.570575198139758 8.741453889556773 7.57878729962629 2.9718626057540356 2.914124875465188 2.882244497384771 2.725222717053194 2.3961694996718474 1.8547485955148064 1.5844804356083833 1.6677344446674516 1.3580793282678107 1.776370928848851 3.341586964814251 4.491200839694849 8.167558302423037 12.78710055571412 12.814020552221844 8.261678300668041 1.126940117726714 -2.104176870209531 4.8672932083778155 10.299031130276052 8.08170160695968 -0.2638834125474189 -6.55212754236218 -5.957989308279865 -1.2186073066345766 -0.5086653181674118 5.607666135518413 0.7886179432159641 -2.4799819084360144 -0.1700497698099185 -1.5727607476094394 -1.9928752165355073 0.7919095114641215 4.643311740142359 5.030181567550151 6.0702339225538715 3.914291163986165 2.904970017855444 3.803348696257249 3.5666435164387225 2.9168563723605843 3.089070046851243 2.9183782543885393 2.2867982529188517 1.822608422240289 1.7283447246615216 1.250005112492492 1.9387994527870327 3.8240621386641167 4.98789744547909 7.926468113871779 11.358477924746445 11.450981358779757 5.014305397917196 -0.9369285627543061 -0.015093246799939999 5.709823292000274 8.107630170505388 7.165832727828724 1.47421048074941 -6.002013780556321 -8.04423052238245 -4.6442628886178765 -2.5373273593555927 2.531087734448783 -0.571375746569518 1.4041730138594808 4.86538662019381 2.653217812665094 -4.224211229253317 -0.6072652021310322 8.414510291897935 6.482374704818203 2.833181154975956 1.295856375473317 -1.3648484422124956 -3.3483076880868285 -1.757901004278191 0.6214880037932565 2.3457188887824256 2.8635869972404167 2.360187203873064 1.8394244399109951 1.6891897189677336 1.1431932525784063 2.071547468295799 4.185722364060801 5.378841532773706 7.949136855812084 10.696927345915693 8.101440519687982 1.0565344973506936 -2.98665476958965 -2.1301675206291995 -0.2983752981690078 2.500359520550041 2.4297422357543628 -2.0596098828962233 -6.69762960896007 -8.106263861170987 -7.689564276669864 -4.577392420247348 0.9941605260478101 1.4318418294753295 5.191911958965769 6.25147898179797 2.4991273376472334 -5.5533322543738235 -5.146894108218192 1.407056285267765 2.0443526266929344 0.04260201208588225 -1.060955583762584 -1.9935213626783714 -3.880314235966767 -3.20157697679257 0.7305850359544127 2.5667890905331783 2.934813041370475 2.3716270019664987 1.8109799587231414 1.6137918417442687 1.027880819820634 2.1630077024958605 4.392128616917203 5.649890939857823 8.37541423053 10.933323957846186 8.73325096273889 5.984212964231566 1.0837912507310175 2.020046164742589 1.9693354881370284 0.9177759223647776 -3.088323827014515 -8.620518903119757 -12.811437062361355 -12.278771492974146 -12.70796761171864 -9.531522711358367 -2.6107979319689942 2.690522013654269 4.05376729146234 1.948092120648667 -1.7767163670210666 -6.484097944123213 -8.797830151998408 -6.426643262759249 -3.15709759784717 0.5087117090236061 4.436782012510833 7.377828243523347 6.240559667037656 3.4973800470564163 4.392698076779424 3.962667374096312 3.1981380060419995 2.3670186450588044 1.7667734073695083 1.5123240961906168 0.9015001500473169 2.1837334067931238 4.4419548857976245 5.750958927692874 8.66396793908106 12.112789101748945 15.082996557822712 10.548284455726037 5.285044115662655 4.9750878061042885 5.753159729028539 3.1350725828274886 -3.837061495295547 -12.542102717419763 -17.06856804776159 -14.354443173482336 -11.20816980690409 -7.363804295160721 -0.0891350848532679 5.324005585419842 3.506092514012422 0.18473116596287328 -2.05911192101163 -2.9349246503178703 -4.946041605970969 -6.157145906946214 -2.5713041737816145 3.6511892420513363 7.607307027224648 13.076696484648478 12.696223416668898 8.35935158939571 6.069384627233399 4.4191255346932055 3.141525929473103 2.2497684227170107 1.6634785261159417 1.3814175755180746 0.7716461580437894 2.1270188221715944 4.324222820119357 5.621699085148176 8.479971358560572 11.999674053669988 14.048381737218444 11.96389067514387 10.665225350817023 7.953847975577246 8.160621645170565 5.5634501745546645 -3.3640152758021467 -12.61124518042153 -13.470826508506647 -3.063805773934074 -0.47925684017690034 -1.1201660669076545 1.6145023137127 4.00551628427918 1.8461764364141708 1.4926809595663177 1.7380192360323976 3.402095379909078 4.570478947962713 3.231311371223234 3.0834638410228643 7.743072939917724 9.141570459532167 10.554527668781008 10.321455033890695 7.9262778066658655 5.129308959135176 3.7277620980174433 2.7623824269411736 2.020818543553176 1.4997396452407965 1.2244888217861027 0.642944314494249 2.0027731102265585 4.009227724929739 5.123059276579333 7.3490964750964896 9.806248708826304 10.83187376484 13.17802179330724 12.332025744302767 8.519607627630124 6.444439848307618 2.9650768034598864 -3.441493369958997 -8.713188286746623 -5.740864959796068 0.8390896770611684 0.13564466979088471 -0.9151969983288856 1.8074843008817338 3.9250986188418016 5.647019474314282 7.047582962639749 6.35221592468796 8.465518626805542 10.112250954793295 10.233502296137258 8.987801090354033 9.642644474859779 9.957148975940624 9.37663145331229 8.432258882446027 6.137960714065752 3.9447228946651256 3.011913315835642 2.344206553518056 1.7519348089129183 1.3001926744451253 1.0473826160940345 0.5197512688229199 1.8262596397971458 3.5363136254432312 4.330039880695919 5.512514517903698 6.547673644317712 6.946051853615409 7.5708638636724785 6.824057206305962 5.266413992235053 3.8072665117107625 1.6530830632349205 0.1901958603016726 -0.004251755921621367 0.21924397426404338 1.1014334993433894 -0.898341396604368 -2.1566681823699625 2.3709570374267446 9.422698039600029 13.615751825055108 14.630255615451588 13.773961169982666 13.046633266730769 11.466682774480267 10.476582589187538 9.445039824142016 8.618746828144108 8.118040153901168 6.896017031627251 6.117904973527856 4.499244290433372 3.207875754918363 2.5350565972366934 1.9751476137851935 1.476022971473105 1.0842662211766632 0.861469286729934 0.40656829721031346 1.6214149209759325 3.017501524587434 3.559951240130161 4.086878983112518 4.30110107294087 4.282191502614657 3.9440004641745756 3.431555034312187 2.7004995214756495 2.0412567561769936 1.6188622931837955 1.6515009491388837 2.297201990400313 1.4855253313300818 -0.5663146246242533 -2.0655012464447906 -1.5702861257566656 2.74103453720314 9.191761963229686 13.694068053259102 15.561477557937502 15.427221630131994 13.265466773185386 10.696839103325892 8.887884145847844 7.757188873476221 6.9641684955748335 6.14508524252528 5.035492575542748 4.216771317670706 3.3978375278127833 2.6840066116699255 2.117839136761939 1.6228178083318443 1.2028604072693514 0.8735475453874426 0.6851776928001204 0.30822504122144057 1.414638524309255 2.5278111447386933 2.9370661796678434 3.3363836083922402 3.497996080406876 3.487673071194299 3.293442958237114 2.897748321434002 2.3538527735010866 1.7936295880638808 1.331283389523212 1.1702042995635928 1.1616026045597971 0.5699277239961925 -0.4529565409640497 -0.8922749118884346 -0.18228741237438653 2.293087189565201 5.992556690179278 8.86490351973732 10.206602945904594 10.203689857213186 9.16601055876954 7.944351252720379 6.92464136109565 6.160872592130834 5.577393284492442 4.895122615715332 4.089416591920363 3.3763942520315138 2.7884230647965773 2.2411167914966463 1.73097385980606 1.2958072606584725 0.9517271998482345 0.6858907640812095 0.5320875049178662 0.2285588752524802 1.2128247424432586 2.080367769183572 2.3897699525907434 2.7479678799084977 2.973446100803685 3.058398324976451 2.971746593160439 2.714086193535392 2.2983896086236144 1.7437758721883219 1.1284485258381447 0.6160766500490057 0.26431868142886045 0.023153649909298538 -0.060895352289439056 0.13752568064543888 0.7213840757988765 1.8870296146261378 3.437928875191389 4.706836223492481 5.451833442161035 5.7401167917996405 5.652566647893538 5.390777045330489 5.052552512912032 4.664886291727945 4.242920012100361 3.763882482891795 3.243017794111593 2.7306893602529283 2.2462846243346255 1.7817885500112163 1.3527161419797433 0.9977753173167976 0.7295243612625592 0.524356944314239 0.4044138292891192 0.16737045676758414 1.0860241114516382 1.803100484550035 2.0442455185265898 2.3414968454774048 2.5473549890263874 2.6410798538527835 2.592051813214188 2.4054814191182436 2.084587214921608 1.6251899084770294 1.0818818530868506 0.5776396806718637 0.19281788947685322 -0.00854285685834538 0.0059770026504240206 0.2297697611671686 0.6693084821093356 1.3702967629013234 2.2398785017632763 3.0215627274167836 3.597231274268554 3.937005220580865 4.046801072518355 4.001976184907333 3.84447888979698 3.601100716722824 3.295451686587545 2.9437655677707704 2.5640296745243143 2.175222382166057 1.7917728968202828 1.4214904668354658 1.0811638024911152 0.7997734571595138 0.5869889297625004 0.42311682339345147 0.3266244294876243 0.13236344239489645 0.6506123366537759 1.0145670502642405 1.1164073579889209 1.2527379300265118 1.3535671433914567 1.4045649727975305 1.3908290124145821 1.3196265599502086 1.1914553723523196 0.9999393751368958 0.7624850452749612 0.5196491759110407 0.30838739747334815 0.17605448318615655 0.1401633242964493 0.19051312457854444 0.3197215982550364 0.518857639150701 0.7682502368705304 1.0387544659052736 1.2936666559596133 1.4755364853903508 1.5673245011016628 1.5886227352840825 1.5523907184813646 1.4764945650231436 1.3716508306270694 1.2422141270275147 1.0950145327653884 0.9374702552107317 0.7778687216510929 0.6262190779307395 0.48986731007475504 0.37457517520470557 0.28343587483902716 0.21020175686047418 0.16610431643251405 0.06831859688928907)
(UseCyclicTransform "false")
(UseDirectionCosines "true")
