(BSplineTransformSplineOrder 3)
(CompressResultImage "false")
(DefaultPixelValue 0)
(Direction 1 0 0 1)
(FinalBSplineInterpolationOrder 3)
(FixedImageDimension 2)
(FixedInternalImagePixelType "float")
(GridDirection 1 0 0 1)
(GridIndex 0 0)
(GridOrigin -121.06252534786717 -102.40733066741954)
(GridSize 39 25)
(GridSpacing 80.22049153098864 80.58246758312025)
(HowToCombineTransforms "Compose")
(Index 0 0)
(InitialTransformParameterFileName "")
(MovingImageDimension 2)
(MovingInternalImagePixelType "float")
(NumberOfParameters 1950)
(Origin 0 0)
(ResampleInterpolator "FinalBSplineInterpolator")
(Resampler "DefaultResampler")
(ResultImageFormat "tif")
(ResultImagePixelType "unsigned short")
(Size 2808 1730)
(Spacing 1 1)
(Transform "RecursiveBSplineTransform")
(TransformParameters -0.17810394071715233 -0.314326655116922 -0.3537279991239262 -0.39570383946808124 -0.4372404006704583 -0.482051337038093 -0.526482040059475 -0.5666877845797138 -0.5984583303122417 -0.6195257899347159 -0.6273055635657027 -0.6140138912487949 -0.5614630732717163 -0.48448099828034824 -0.3951617521195567 -0.2883778588804017 -0.1717276068034977 -0.0494780370351533 0.0736546543723892 0.1883948736627052 0.2854669266394893 0.35665240562399525 0.3937135881898064 0.3942580289540002 0.3559017093708497 0.2759237029061893 0.15159127367273262 -0.013851848958499984 -0.21728136517924546 -0.45692117498731094 -0.7309127722083968 -1.0031382085533542 -1.2376158412989626 -1.3870530122245763 -1.4031756165930662 -1.3424874203855406 -1.246129152561369 -1.1457952425653701 -0.8610746790785052 -0.28035322969781473 -0.4920461320591826 -0.5604418901422723 -0.6459894899442821 -0.7507763506846764 -0.8678484781371287 -0.9793418958714336 -1.0855917863311737 -1.18136577229662 -1.2066805702129138 -1.1704374931302577 -1.1995323495850791 -1.0397952533216017 -0.7021971711623193 -0.5944020905946176 -0.3896212773519408 -0.18013769490192932 0.03454905825165478 0.23894738037131505 0.42341009383464323 0.5787274973862924 0.7093277760572669 0.8129047963602275 0.8819907285829119 0.9062389985980897 0.8908741605413828 0.8399561472253846 0.729747362821305 0.5415724548120592 0.18451436679211697 -0.43444072309882276 -1.138378112629371 -1.7857732269806652 -2.083403455848564 -2.0121465514338546 -1.8516620368023258 -1.636667363743503 -1.44460002205685 -1.0443205818472647 -0.31367042398877176 -0.5543183596052264 -0.6374714133142461 -0.7461517220268424 -0.8838683129074459 -1.0187828280362936 -1.1060411381690671 -1.1149741290139323 -1.2383798271349076 -1.202704189682614 -0.8162258456895327 -0.5999960966638229 -1.5553300170818465 -1.3629046505710065 -0.6066999399272694 -0.3913462153016796 -0.17652555977672296 0.07629372942974236 0.3393339068851159 0.5917065425931086 0.6826007028342873 0.9067513699560809 1.0361615006522322 1.1152473900239157 1.1272412628177297 1.1612162780366895 1.3049623929158116 1.231981502511492 0.9882992732611215 0.563907908319791 -0.3417319695458047 -1.985290904437114 -5.114560044659386 -3.523383498444556 -1.6623333830601552 -2.15473686122467 -1.8223309409056172 -1.5239913575981843 -1.052664927537434 -0.3522104521697898 -0.6305255715754154 -0.7346899537283331 -0.872571009753094 -1.0449702878978144 -1.1963317071074342 -1.2575547979653134 -0.8707214039136093 0.039004694084185436 -0.7841958075614007 -0.6626820372171857 1.744072305044806 -0.7399315269277347 -1.2278717473027392 -0.5131008153301357 -0.21482736192332072 -0.12103618124597942 0.15206311783215254 0.45745123734852866 0.8081397700916233 0.8461622376707706 1.5306599821795517 1.8813794825806918 1.5176797610938721 0.794755004934416 1.0373987122372832 2.396590840362895 2.023561285493993 1.611925660298993 1.2790358273321738 0.19639099361675127 -2.9602447315174043 -8.158845599679132 -3.8461538339689003 -2.4751415527475844 -3.6824110770748644 -1.9677353806242606 -1.5160696284198663 -1.020282123251875 -0.39367725325412795 -0.7176875285445057 -0.8484472684650465 -1.0162834561751686 -1.2110816175129033 -1.3668242863168878 -1.3057418410982278 -0.8923830248984133 0.9340672281036 -1.4381739590789793 -3.607051661626592 1.3992215362487872 0.21380985634589234 -3.9326198293007377 -0.9408063300405315 -0.24284261964961318 -0.04907616862372114 0.3595157137112749 0.6296479242310383 1.1339008207938204 1.7514377110150947 1.8797238059376398 2.5662312374583025 1.8463110849084055 1.9334720713656883 1.7056379023757802 1.6751052083691191 1.4375278379196166 1.8075746150562562 1.9743744647939894 0.764476016011991 -0.6462473214997916 -5.428027828062897 -1.0115075867995456 -1.8056312667424883 -4.61647661960756 -2.168475639198917 -1.3447257330310023 -0.9385871798482518 -0.4369089865669561 -0.8124871096785612 -0.9745723114910295 -1.1819425142537445 -1.4150805931823638 -1.308145088314626 -0.2070975184006885 -0.7182024036930126 -1.7436678551815146 -6.629979213956684 -11.002646087045257 -2.775422508724469 -0.12346993976696062 -1.6526467208422355 -0.764271698821251 -0.2939256955303279 0.02354423069423615 0.582070628772081 1.0283482703548672 2.312162608901172 2.428305069683999 0.22685274465952726 3.0095993370010796 3.7596758373494397 4.061117455429331 3.3353637110334975 2.1406388596435515 2.757243803113506 3.028696257698612 -0.26427166915248895 4.713004156358437 3.465806994745443 -1.4101034009102642 3.203926962104158 -0.9371377899924852 -5.13761946598218 -2.6214472095407997 -1.018258903314166 -0.7960761411487621 -0.4752557547651611 -0.9021308790804435 -1.0979863286823857 -1.3612202339783834 -1.670863845425151 -1.441960795618263 0.5594589399072347 -1.080298610544893 -3.9874984461964016 -10.386422478561203 -11.454024822737408 -3.0749790377740163 -1.4879579154625506 -1.0362102308327257 -0.49357142570145096 -0.10397551972704638 0.2968614576943631 0.6747367611883123 1.0138757092569266 1.6104219563046869 1.039892410495191 -0.6476135400808376 1.5147965202083538 3.9917335919095787 5.2628636665849795 3.2664947567294207 3.328672805797614 5.557714312590394 6.297685502367437 5.996285659858596 10.766404138861551 8.818957462929944 6.154282905824901 4.47467103330769 2.0035456071132036 -2.395970821543943 -1.028418024727304 -0.37092968247348995 -0.5708626852204267 -0.5036917579248092 -0.9714036909078578 -1.1974702964327242 -1.522239419963894 -1.9017287481674028 -2.1341440714074307 -3.1973187816897646 -2.4118572131223686 -3.9730014006255687 -5.211402768416238 -3.347797359928454 -0.7885710685307693 -1.1262518806812147 -0.9143698444277464 -0.23551254360046017 0.17607364029178063 0.6106802993183653 0.8379175187020039 1.2019439267856356 1.4948475734988131 1.5519721313054418 1.3460705139113478 2.0146927369677443 3.1828845755206028 4.487090982133467 4.49582626482429 4.639832019935143 6.047721913814672 6.124017291671209 6.582024818438191 6.957905949054002 8.72653135166106 7.974251773877799 4.730137391301137 3.2569974896510905 1.3886812677453397 0.6942454638888507 0.2234990943755587 -0.3353791177267741 -0.5167968766434211 -1.0044203557903895 -1.2511090019945459 -1.6306770546709553 -1.8685900330060068 -3.6479709737529054 -7.134049992299537 0.0337191296683131 0.5465419535279722 -2.8370360348077224 -1.4999046111738565 -1.3592694639718366 -1.49665376583432 -0.8817104517169131 -0.003944121993559619 0.35504258861693727 0.6280523688029708 0.8825424586270414 1.4638002488653696 1.640472204934128 1.9609420206333912 2.666896236169675 3.396674451310976 3.1989185310992725 3.5958859370258804 4.322794811482496 4.569371324005276 5.9107457044549845 6.115709625484841 5.963743572247819 5.225204110181203 6.118584753206792 6.74543455203486 4.402198257781032 2.7823362686666218 2.079874084413059 1.269080658188572 0.5631195906631946 -0.16309682731131192 -0.514510391248774 -0.9957499048577096 -1.243664591157563 -1.6365942004411447 -1.877703024939542 -2.640924434877232 -3.0530374104608504 -1.1429714354898544 -1.283091656834282 -1.8642246214781666 -2.3695556582090362 -2.011224448090592 -1.3088022045824477 -0.60885606455623 0.03454928812895429 0.16965836505613582 0.6366657312826828 0.8438810086579885 1.434167397093512 2.393343750595304 2.5837163841778588 2.914096854918106 3.2523645690170357 2.579611227318299 3.2098452743574333 3.716173396210847 4.098975268727374 5.140664081591394 5.710128703923616 6.292220631897155 5.687083599822566 5.106011276129206 4.20070869549118 3.723707479739822 2.5938342780787305 2.0646997395950244 1.3093651489592313 0.7251012001792433 -0.04984146907328003 -0.496742373121813 -0.9399685532174654 -1.1598391071194056 -1.49288885946141 -1.9739919803960475 -2.5914634459713533 -2.5066080750487862 -2.0013663168845004 -1.0152613945090028 -0.14170802205530064 -1.8771105549810514 -1.6824610587572189 -1.023216445927975 -0.3592480567098163 0.0915342848581732 0.26065964401228076 0.7535380422692284 1.004891095746639 1.7454051621467408 2.641435245093774 2.540552804312064 2.4138006008974906 2.5428879374663915 2.4403434926764356 3.077624813687541 3.434447437437589 3.6847404761886127 4.412355905861406 4.808030725653173 5.249319456585481 4.651140250760761 4.3914887297674 3.8011842059563135 2.9931982001166295 2.220338092687564 1.731120837373203 1.1895736851883905 0.7216592765630868 0.0068527167278616226 -0.46628169186347684 -0.8538846185441382 -1.0317700762392668 -1.2761100734263757 -1.5672027844107514 -1.7918512417669576 -1.833649588204572 -1.6396990932339859 -0.6974543379639279 -0.34445601822111727 -1.2485597081468798 -1.2021475323183397 -0.7880535786867786 -0.020896395659238717 0.4642853474893557 0.8907832124649154 1.261885046819232 1.4995215006633147 1.7509404117548188 1.6403509994298766 1.910244986117831 2.24446611850248 2.4501952416635664 2.594284393797524 2.784064598672171 3.044653123682987 3.234744620765374 3.8498141831661883 3.8826875346084084 3.8956331368280597 3.344439699357303 3.854638025408094 4.351470746971777 3.0119621515179698 2.047598264296799 1.4387066540827467 0.9300814926142431 0.6220887254686099 0.030078199343443374 -0.42591523381071467 -0.7542677609725501 -0.8925635773365608 -1.063060149897261 -1.2171691592751768 -1.300439785712107 -1.4512995001650169 -1.4031451612324735 -1.169399041184892 -1.1629506091610875 -0.9671138589840906 -0.5776734607244215 -0.4138046912171507 0.21039660371554297 0.6824311777869176 0.9081266010786871 1.3257557633883 1.4053323406928324 1.6712326489368228 1.597736007748635 1.7266496288964965 2.043788772369543 2.1515262035080127 2.162983003842811 2.4526667524608396 2.524953011427304 3.0066901471393943 3.9533860543666823 3.2412924394802616 2.9206672267209965 2.6429639910079694 2.780738494523447 3.0353275291207513 2.4816263168204653 1.5621645738990524 1.3252824904756055 0.7061161061472144 0.4998714588337901 0.043698372661852086 -0.37847965134543854 -0.6483076403607932 -0.7521823554082376 -0.8669336103184238 -0.9647536933233222 -1.04596401348853 -1.1276550714546716 -1.0285051352908525 -0.8827572506287299 -0.9034541158718664 -0.6530685282759181 -0.2766063991692762 -0.22367002590146037 0.18663604504607195 0.4432517425853368 0.7559480484571409 1.0072860410549878 1.2417062334238547 1.756184477458375 1.6815039603547324 1.6773527212601789 1.6567901963703535 1.2262958994920836 0.5416088727440602 1.4142135924395856 1.8672140028264108 2.4736475811625 3.220180636702149 2.544592465365896 2.3501072371729257 2.236096938789475 1.8754532913004878 1.5371309055887417 1.2180395500200523 0.9929177544121459 0.7578600519177571 0.44107241988181445 0.408170870075675 0.0530791294395902 -0.3268108579642542 -0.5432384972417091 -0.6204970438415811 -0.6989388123891664 -0.7579643552394089 -0.7914539448256481 -0.7803323995920911 -0.7220352560195061 -0.6207210241216812 -0.4925018131793603 -0.3346471574862068 -0.16176541752530052 -0.0028736120129532338 0.22658562740543936 0.44040444930775785 0.6957874215847714 0.8776046900866118 1.0839636865911504 1.3727789110904358 1.3571219498748568 1.4561874520007214 1.4690425021069278 1.1496374071688122 0.5663219928112602 1.1547632125322966 1.5922803116183557 1.7608029404232353 1.8566985557869031 1.7998773303182325 1.7400882206691177 1.5042655295019622 0.9911825441735466 1.0905775053818818 0.8016450454980291 0.7789984629851647 0.61643124489634 0.5043133271885701 0.3654917876600435 0.0634629513528805 -0.2750719988998132 -0.4443234927281374 -0.5009066705044088 -0.5555287388935235 -0.5926671128528446 -0.6077960731165031 -0.5871036446610782 -0.5334820751952325 -0.4496240868147623 -0.340244998764992 -0.209556813068122 -0.06380493641094168 0.09110837781446933 0.254478372488724 0.42607767915582095 0.5973620591957147 0.7593984514650709 0.9083611923416937 1.0379619740876387 1.143899265049852 1.2346890516227296 1.3048011304202762 1.3299327173433806 1.3271944726079417 1.3863472711858562 1.4538493510602353 1.4898619284390378 1.5047606722473765 1.4914370225140117 1.4426797122796866 1.3230546272531074 1.1203903269935163 1.0319099061701384 0.8664902259935839 0.7012543611097707 0.5518102226954842 0.4139244323317832 0.3072921384390095 0.07357924031663862 -0.22742585816440844 -0.356827333074849 -0.3969176241147679 -0.43360142016446424 -0.45581443158823187 -0.46074920635472794 -0.4386548899223847 -0.39238604701772756 -0.32434217929991105 -0.2363673242473518 -0.13003938423137604 -0.010357437413388133 0.11767307190134915 0.2512084916158066 0.3874066109025604 0.5221013483900203 0.6509815601655249 0.7709081635935101 0.8786116226187088 0.9722813896442875 1.0506865002770922 1.110714732086884 1.1488604609946291 1.176291635458679 1.2054352067664658 1.2297273821178163 1.244084095785215 1.2432118388113758 1.2211890229878164 1.1723139112854923 1.0900872659365042 0.9806517476848673 0.8495656556702795 0.7102010389931558 0.5755470063874165 0.45572532591423887 0.3513432002151344 0.2703891848526465 0.08203004593346076 -0.18526603282681128 -0.2825879339354228 -0.31029232833548775 -0.33410337064293144 -0.34657448795117185 -0.3461721874661188 -0.3261499487578243 -0.2881057136362763 -0.23331356661415512 -0.16238558762852257 -0.07584978910997978 0.02216454311108512 0.1275784874265278 0.23693423524232674 0.34669642028038256 0.4542391829722267 0.55712378075594 0.6531024479187778 0.7397796410955034 0.816032126223683 0.8808171448662112 0.9325425950050521 0.9698294585156446 0.9962139280843344 1.0151389781139473 1.0261613065893223 1.0288502277458667 1.0192187637530885 0.9932932910724217 0.947082154808387 0.8765899672566563 0.788136335287936 0.688024097232958 0.5838604604433879 0.482882832632428 0.39181327529107396 0.3093499999887237 0.24362503705053315 0.08872561659113998 -0.14997872236491386 -0.22342221396401504 -0.24273792863998314 -0.25812536126891056 -0.26441468091024645 -0.26071769096361663 -0.24227537830087595 -0.2100609078537656 -0.16481639672880885 -0.10666260780645653 -0.03577144712631607 0.044465492479441385 0.1307408597672765 0.21969902629258034 0.3079291975603335 0.3938565364662839 0.4757963285715983 0.5520344395371579 0.620885198208837 0.6816628006721283 0.733576004110557 0.7757968898438613 0.8075816147549209 0.8297414877894166 0.8431034847552398 0.8483223207982588 0.8460092428371765 0.8337150460093942 0.8089724404153803 0.7693148848121931 0.712292498757895 0.6431540438459825 0.5671946519862093 0.4889512905973205 0.4123654689652949 0.3423629688500457 0.27703720255617326 0.2237050509502862 0.09358117105936846 -0.12021877011555365 -0.17586588911946682 -0.18960345477212728 -0.1997075155885891 -0.2024360030685672 -0.1971595378146438 -0.1803779141393805 -0.15274476884868612 -0.11489340514361727 -0.06684296019794649 -0.008628168880780907 0.05693376632864271 0.12697837907352144 0.19873731174532153 0.2694348460284014 0.33789040411644045 0.4027737064685164 0.46277639250886754 0.5166710283083227 0.5640542177005039 0.6044245990678215 0.637282330468487 0.6621975426243176 0.6795298348941237 0.6896609403538332 0.6929164700384723 0.6895936562892336 0.678306807338176 0.6576543443438428 0.6262358737300867 0.5826362322429743 0.5304710258450189 0.47336682467696534 0.41420964142844574 0.3552860404799883 0.30069314386554413 0.2486911731539067 0.20532375392747357 0.09460463820648889 -0.09454073634255217 -0.13631136888039058 -0.1461006176445269 -0.15276457511332675 -0.15356374419675053 -0.14800443392990242 -0.13348149617688185 -0.1104708409275625 -0.07945071224700685 -0.04035303329555593 0.006827699960677201 0.05972082828978794 0.11590648229641912 0.17313527711428153 0.22912059911385346 0.28293843107983474 0.3335717370497448 0.38005602322130067 0.42146512970601097 0.45761272109878215 0.48828105567942737 0.5132597373782826 0.5323528542248867 0.5457089734171625 0.5534850670583832 0.5558065894148831 0.5528190425775317 0.543763607987039 0.5278508987498405 0.5042205371914469 0.47206795180987743 0.4337960935734918 0.39172829072331095 0.3474921601425376 0.3023160161679967 0.2596873058981065 0.21821071938869532 0.18292361665152473 0.08967741862607678 -0.0734838214944582 -0.10480862790487529 -0.11188295118430024 -0.11638189380577516 -0.11625384323431048 -0.11113010069310361 -0.09901471616644984 -0.08024612152877993 -0.055166637450180724 -0.02371139243912231 0.01412719005023271 0.05641449548086339 0.10116870665062397 0.14651598460481088 0.19056070528611246 0.23253285924536699 0.27172784259578747 0.30746369017790426 0.3390095486199125 0.3663014899804264 0.3893277677296283 0.4080825554136659 0.4225350018764474 0.4327325058901443 0.4387457219646946 0.4406335901510911 0.43845785699014306 0.4317591228839223 0.4200605520383837 0.40283673153166916 0.37961805295956846 0.3518990309736576 0.32111772482041984 0.2880752711357386 0.2533153012001313 0.2198963659150886 0.18675849325183164 0.15810838747691228 0.08055122562288294 -0.05619101963819442 -0.07943621894087925 -0.08450080126174438 -0.08750356073351613 -0.08691887886443408 -0.08247282619937783 -0.07265382830976506 -0.057721101796322574 -0.03791396979609699 -0.013195296532804743 0.01642334293572873 0.049444957995180894 0.08433879288188191 0.1195640354249793 0.15357788438928682 0.18583316743717618 0.21581645936902305 0.24300238079164238 0.26683650583906204 0.2873454669472212 0.3045673498166926 0.31856762495858454 0.3293949640893363 0.3370321835071129 0.34149552675646255 0.3428088225147967 0.3409987463799385 0.3357954248429639 0.3269403340272361 0.31413752970861925 0.2971172330656608 0.2768278039397002 0.2541845124552196 0.22958945205907186 0.20319771510671866 0.17751173504583534 0.1517115216989077 0.12918231486133527 0.0672308378231576 -0.04353043459025279 -0.06117806480861154 -0.06491585998333003 -0.06700107706288967 -0.0662750757538547 -0.06252851408735595 -0.05460069749008228 -0.04270854587618071 -0.0270270964297554 -0.007535168904648363 0.015776284272662915 0.04171288916181044 0.06907099357373177 0.09664007211290049 0.12322113147891374 0.1483801389129763 0.1717102478755251 0.1928003540938394 0.2112351145185119 0.2270556945480984 0.24029987282641352 0.251013531725435 0.2592675986900638 0.26506404788719146 0.26838515493219867 0.2692024929317145 0.2675107653410907 0.2631807670331502 0.2560929449638897 0.24608111676134045 0.2329788963023158 0.21744523796541637 0.2001188554746587 0.18123080073473502 0.16083157642386736 0.14089109333377503 0.12074768843711459 0.10306734199678978 0.05409492160770201 -0.01692331255714094 -0.023570779076107707 -0.024914317569840035 -0.02557161954578028 -0.02509814460071093 -0.02340439812359445 -0.02003664835379526 -0.015083405334413658 -0.008608809669169595 -0.0006126625989136969 0.00890742004292787 0.019467264007636945 0.030580075181549687 0.041763100239363575 0.05253354846795235 0.06271902832159452 0.07214876169901256 0.08065138293762295 0.08805390275791021 0.09436623144175316 0.09959928139304877 0.1037629868912544 0.10686600147620673 0.10890939822691464 0.10989533298288846 0.10982549213675628 0.10869999997469713 0.10650323849220268 0.10322050721723838 0.09882491103881962 0.0932885743589271 0.08685813131619963 0.07977564702448853 0.07211737574991799 0.06388572930020246 0.055860322503325635 0.04777913586410156 0.04070496942222562 0.02118926661244091 0.05186496336456145 0.14972408260641895 0.1916473341471935 0.24739660444303813 0.3146887861015679 0.3985663588110957 0.4989398475759942 0.6085846753047331 0.7196180125791457 0.8269670164274345 0.923576509733712 1.006954459240435 1.0706130019943452 1.0872258752765136 1.0732542466709192 1.0543349264560349 1.0670980773548289 1.1150338388159995 1.2017409238636905 1.315281405724639 1.4437294505185805 1.5718749983366027 1.6844353433614343 1.7881286319306742 1.8897427110933416 1.9921543755968192 2.098240702806172 2.1969848019849025 2.277214633877013 2.3281413108201865 2.339049689607105 2.314719480881983 2.2598346530720166 2.1411810263092956 1.9233995945046167 1.66481885107341 1.3943928676529556 1.1621454178915687 0.6152360286579027 0.013278275211559313 0.1405284267070412 0.2089125493955711 0.31123191297975183 0.4481167854765947 0.6313684912044358 0.8706310542995146 1.1270328382636186 1.365473095292829 1.6099918091949796 1.9882237201211832 2.391707276729759 2.7226320567577487 1.9959875850598063 1.6056101490752965 1.526146839694198 1.5383470520975588 1.6084635574841537 1.7254913853636096 1.8807744050961877 2.067004213826381 2.23122902415945 2.331285150921776 2.394075538695956 2.4409580811338616 2.5002829946108887 2.596306680474651 2.7000792032647998 2.7862382460112305 2.8494643814604705 2.8833832377801585 2.8794388645781512 2.938757134821051 2.8202934224642964 2.306825375281928 1.8474674206654078 1.471086766422986 1.175925905227304 0.5637902367268413 -0.012750181584238289 0.11901195221437846 0.1969629033558594 0.3211967778540063 0.49717037851090334 0.7424254728421947 1.0602668826511705 1.4805450139494443 2.450153957331416 2.302855801562344 2.9239577099244025 3.7209213091710454 4.412113271968784 2.846521227223607 1.1289556572606152 1.4512840520682366 1.5973765963017188 1.7404338547884755 1.899437837184139 2.076794970096983 2.324029190694389 2.4781749756165197 2.5179194086644223 2.5482772504945927 2.488823538181444 2.5481662551164463 3.0159073820254094 3.0210300813527566 2.8683585244264695 2.934329376358743 2.9920137126304818 2.788063342930318 4.334597305862716 6.7225517449280705 2.8252828166675883 1.4588085555540409 1.3202442458145698 1.0351246903193339 0.46480496599663773 -0.05112711345450883 0.075557723640704 0.15958679903800624 0.30429596454632796 0.5224724357336871 0.8325348356170318 1.2470722362415838 1.9826625020641269 3.860599736257628 2.8381086399427082 5.125291224769589 2.970249621836337 2.559835193425383 -1.2149888498317707 -0.301873627565313 1.3337392033265174 1.6505859361442767 1.8450586489058884 2.08813773323332 2.3368877697014994 2.6358383142767368 3.0684242773942834 2.8715155563161274 2.8038745243791383 2.200258519975317 1.785388491431198 5.99528726069469 5.594707977556963 2.8978216513970034 2.6403691151583204 2.4484256976730765 1.3125574974342828 -0.06525926536209613 3.283574738307772 -0.6904549946285352 -0.17086540671447886 0.9798432774103959 0.7869140312935313 0.31074083319278467 -0.09941411169411823 0.005390395875174554 0.0858048339514069 0.23870682265272103 0.48668720044753094 0.8531868844076869 1.4429547607531141 2.5661438214817616 3.0509762365930695 0.9401915325213877 7.413905476847278 9.759351358330255 7.2016815806059835 -5.648567506921542 0.564658005799131 1.7182379852397833 1.7156582660732573 1.879243947846997 2.092507923981564 2.428651244642416 3.083744414103987 4.141948854927693 4.0267911396102045 3.352114619998842 2.0510259081777247 0.8822045580942512 4.296201069181818 4.29192995886802 3.422825250378521 2.313510753616018 2.3690493984284786 5.022580965655383 1.949495105340137 1.1490916685247428 0.6129723556863477 -0.4307669322842386 0.6609202051813561 0.4729213915466722 0.12330331745172661 -0.1551020664384789 -0.08819076841176506 -0.022594794330123787 0.1167758493610456 0.36021840161416563 0.6850430496670394 0.6123794187070148 1.5932759060907176 0.6978798777049783 3.347799944984193 2.487843658452846 7.902139615915544 6.840881072565633 1.5082058642528064 1.8582397329230895 1.8847374660740495 1.7793116712495138 2.0195505424397497 2.390374505455196 2.537332816354533 3.109514958794526 3.0751868877253914 2.8736944081794844 2.4325242982651307 2.1964311643864267 2.186652781060677 1.3365887919499095 1.6791767470614196 3.6613223739665117 -0.03495573105104238 2.008576623919642 0.8214373576835483 -1.4057878736048992 0.2793318500574149 1.4772443409006013 0.6998065545701433 0.37735058838759755 0.09921310407919871 -0.07842605581123553 -0.21371989939084624 -0.20156215811275205 -0.16480767808807878 -0.0718980936770576 0.09421634470699375 0.4960999559098978 0.804954802368842 1.9952439832475313 4.4497551230358265 7.289196945328448 3.9435879046423343 4.193440551127259 3.388034182289718 2.6722965556979017 2.225998481988536 1.9096903641410896 1.7128594232049175 1.824723529164243 1.758437707930777 1.8192353666548085 2.2119554165076725 1.851629871741095 2.0849578227472283 0.5565851136169488 2.626575557131435 3.450252414333035 0.09527062572895612 0.05291228449193454 -0.49907415029228025 -4.826523674817241 -2.7524673524685435 -0.6360702221126804 -5.088860603334553 -7.545410268731513 -2.8733660355049415 -3.2745198552217833 -1.1876800219488897 -0.35785338167927516 -0.2728769649161756 -0.2663569444452039 -0.31735542569397845 -0.3223185719468476 -0.31357456201549466 -0.264176982791944 0.6670463477020759 2.1302366632130374 1.5504738778579858 6.335967109456518 9.116430239595473 4.2499502469151045 4.478322281213971 2.7197788250512516 2.180937923001347 1.9968398876851101 1.6797417665501275 1.4607368437900818 1.557996907543267 1.624121157327755 1.7323407454729567 1.7888329662630948 1.239477331640899 1.7791627549558164 0.025127816842989294 0.5805129693059992 0.3983699027089206 -0.7713358414975285 -1.1158072376720183 -2.201094361278412 -4.104027227698282 -2.879901013953794 -3.515970234703609 -3.9448342602262425 -4.765650909294706 -2.556262474207244 -1.958807383319066 -1.0298951220048256 -0.8142129643471413 -0.43601220569076804 -0.30395894817355684 -0.4181902568614909 -0.4765629500745026 -0.5945439793679238 -0.897366003021152 -2.302308270321866 -3.56684264206638 0.09464564604969748 4.002806452831144 3.273451080997454 1.6862834287049264 1.199202590347517 0.758339702993303 1.5005666127488564 1.5479000128157028 1.277936297355729 1.2001245086404333 1.6417999568090658 1.6210436769680256 1.1264272160829765 1.6929028472846026 1.521116558539103 1.51053676813166 0.5517563625816553 0.06375782130372872 -0.27998537935104534 -0.8526541411060841 -1.4468115773714891 -1.7145830796055042 -2.880917645048773 -3.15392533123327 -4.409251761493173 -2.291680718699055 -0.722861529061661 -1.7263147436493103 -1.9115439334586493 -1.9719634612604644 -1.1507376534640628 -0.5389106620104777 -0.32675631468078553 -0.4908946581169095 -0.591499727968854 -0.8038820394961075 -1.5514768078461738 -4.71342699733995 -4.7958635491540775 -1.082897155952356 0.4674121424483216 -0.729889571819972 -0.4702091780366687 0.47682995333400335 0.3988052713732633 0.8361663456355155 0.9064340706668204 1.2504599790839244 0.8863085714115662 1.0732406929110185 0.2026274713045582 -0.22119719758423076 0.6196074758184239 0.8481344137783072 0.6315856049392385 0.027245125575609652 -0.05108633364888339 -0.3501530210700812 -0.8806007473765559 -1.3321247849476547 -1.7374517753520995 -2.5215611745073865 -2.682048728131268 -3.7972700856642807 -3.6409493971121565 -2.2967222728160355 -2.0084636608941495 -1.4907393299613372 -1.3042897417354644 -1.1094912608162701 -0.5840897987384734 -0.3349692320337025 -0.5223084267491999 -0.6312165430132577 -0.831302679611407 -1.1952585984874264 -1.7436324607982878 -1.6286583381615938 -0.679892216388107 -0.513853277280891 -0.5178245658158541 0.1854430938821691 0.253482049585424 0.36946380205127816 0.4559597110646743 0.4873485570929165 0.66859074077399 0.1694107455023868 0.4537995277427329 0.2058045393240281 -0.31135094470909147 0.3128817153074242 0.47187680070154336 0.04127340100318934 -0.0395691162705405 -0.11493916882821102 -0.4058309769747684 -0.5924460655284194 -0.9997738135058203 -1.4650560496529632 -1.846174848405236 -1.851188876671153 -2.970199082629905 -3.5106318110799437 -2.405957821975824 -2.0529485869457664 -1.2691909354992215 -1.1541590317781913 -1.0440441309280082 -0.5741564728046905 -0.3310078951841604 -0.5234208427325426 -0.6234373955705635 -0.7688482305453209 -0.9400045470114647 -0.9165205213324203 -0.8190665002720525 -0.8001043313005471 -0.542036154847152 -0.4139185405829214 -0.06099495970767757 -0.0683499780857946 0.024091091200223597 0.12989613258166105 0.20566597874092732 -0.17828885698184177 -0.9797507377254204 -0.06212725079015809 0.24972740394649431 0.1347833794844972 0.7028805676881112 1.2619415872643744 0.1420640726593333 0.013248251793565279 -0.2983667300340026 -0.3690412358751872 -0.3371746904714445 -0.6594640230628493 -1.2017514542975745 -1.3502713476629398 -1.087053986756897 -1.431849043333339 -1.5647805886666373 -1.3954630800817336 -1.5178703727659888 -1.278637938757194 -1.2429259576026321 -0.9488412943042204 -0.5351003284146196 -0.31728202331541583 -0.5052237214592521 -0.5963014709259957 -0.7087668138962296 -0.809972654160311 -0.746303067313992 -0.6315032366529627 -0.8125016494949707 -0.5203065965771336 -0.5859714425702389 -0.23340619674302945 -0.18628822365771777 -0.2056425052087217 -0.07729461077006432 0.017738409863423427 -0.4726792900611122 -0.6500928153955668 -0.02269431095325047 0.2062509525579515 0.042774568650374344 0.27933988495705137 0.7301574390702051 0.2533994222643256 0.24231368995159833 -0.08935917646322536 -0.4474895466370913 -0.2983924144798306 -0.11301850947730292 -0.8454819969310372 -1.1223147710086032 -0.7892982008226151 -0.9839702466621606 0.2617618596512454 -0.29133179870105125 -1.4419961340173395 -1.0591224503979524 -1.1670363046118253 -0.8702342707600246 -0.4930226589087572 -0.29631728527947043 -0.47095970403616977 -0.551437340411888 -0.6425906626569142 -0.7218396320876066 -0.755913831258728 -0.7169199931688114 -0.7100129275595165 -0.5409125716580712 -0.4643561567590187 -0.3717981536623404 -0.40256935810476374 -0.4220461460234488 -0.36092702890042905 -0.21853952505051785 -0.33486736176687165 -0.2587333820323798 0.255947638643849 0.37053243096858857 0.28966209526801673 -0.31571610184544624 -0.26878464704213056 0.5968094901813961 -0.2759963454802894 0.45719149649135427 0.16938288802187604 -0.20753891267358518 -0.3533588032436598 -0.7893504800835016 -0.7794899149295532 -0.7463780423715889 -0.7933596911637851 -0.33395354712261144 -0.4733197834024341 -1.1173700054576106 -0.5726651671998372 -0.8536373913588748 -0.7778338938921984 -0.45374850084986257 -0.2706386493131593 -0.4238983984459731 -0.49055025547479675 -0.56297520649337 -0.6209614957702887 -0.653484345832473 -0.6436882547187089 -0.6079672634874815 -0.5448148292874624 -0.49579468536410964 -0.4926961431788465 -0.4990944110924037 -0.4889146741848449 -0.4709803245314457 -0.42410240606549815 -0.3598343862549037 -0.3171527546394796 -0.11481776868522615 -0.04721078921876629 -0.1298257074826238 -0.30490805238987345 -0.00786193854641306 0.5143572778439482 -0.5151073816712687 0.3310333241774696 0.3581231210241574 -0.13898262181899645 -0.5454905393016056 -0.8001314827168498 -0.5980923220843093 -0.6850185436573563 -0.8275762966628257 -0.6985637633360087 -0.5776693493953142 -0.7482737339192169 -0.579378371423775 -0.6065326912186438 -0.6306886604861929 -0.42294594943790337 -0.24264655679831248 -0.3715113466417582 -0.4235625263143145 -0.47953836324761684 -0.5250460179211859 -0.5541030659734404 -0.5538954841758809 -0.53532559509245 -0.5091802081593406 -0.4877435841165327 -0.48302292598468993 -0.4826517554346411 -0.47413606390947205 -0.4519812908783239 -0.41112870795643686 -0.3625655994590743 -0.31735183236651937 -0.2754299746551789 -0.24057673368468765 -0.21498053505430545 -0.19827145020311748 -0.18020927831510808 -0.16745211455705442 -0.23993827788100974 -0.21563818806671595 -0.24116534572634604 -0.32123365861743536 -0.39517023032848575 -0.4646988375669345 -0.48651852725999944 -0.5456019123857974 -0.617742401999545 -0.6157747472068997 -0.6330237636668501 -0.6662109138385293 -0.6544982988885558 -0.6190884517221805 -0.5727014527033629 -0.3944001818227622 -0.21474085279288405 -0.32127107245981024 -0.3603809997110591 -0.40181694897011755 -0.43612173805401716 -0.4608999281583377 -0.46817075915663986 -0.46430306043484865 -0.45539893908834356 -0.4475244230606066 -0.4466260743622271 -0.44567849294846085 -0.43744267046608276 -0.4191578591606488 -0.38839606998803666 -0.35228990930992765 -0.31803049340854445 -0.28728978564993085 -0.2617867273252069 -0.24358051919122745 -0.2343735171736446 -0.2328886743588119 -0.23905237078619054 -0.25514423107115186 -0.28121026482471206 -0.3137320124004794 -0.34875517132020944 -0.3832021945491516 -0.41539573697040044 -0.4471621670208736 -0.4802916524420744 -0.5130420049720653 -0.543883595044668 -0.5682761568170548 -0.5811053044842438 -0.5800930395926924 -0.5545695593206154 -0.5166630645898327 -0.3617828018622328 -0.18791424337662577 -0.2757924152482219 -0.3047938046334546 -0.33486054863982045 -0.36025217429635376 -0.3808580691749329 -0.39193926125172984 -0.3965361750714239 -0.3974355841144176 -0.3968813142098165 -0.3970808307973963 -0.3953105177716227 -0.3887981214052358 -0.37580262092878824 -0.35470541043943926 -0.329668869234453 -0.3048095467508936 -0.28280132092625454 -0.26638555414246956 -0.25621218613499935 -0.25293974994206253 -0.25657887531922613 -0.26700266242885207 -0.28339943731570855 -0.3050004078365708 -0.32929907916684303 -0.3538450269274462 -0.3782666622616207 -0.40236004649341467 -0.426643935323075 -0.4516360438897013 -0.47553862458388213 -0.49649026217049075 -0.5107915811948929 -0.5142389201672585 -0.5085582015851856 -0.48837686945724373 -0.4592764356849201 -0.3249109363121622 -0.1631496389860686 -0.2376636426857213 -0.2605061982263765 -0.2837872599512177 -0.3037516957813072 -0.3212879257876195 -0.33337338844516684 -0.3413883820725019 -0.3464696721528985 -0.3491104825799769 -0.34977545785600234 -0.34773733128506135 -0.34226945050023955 -0.33257926785927083 -0.3179455061797444 -0.300801815374098 -0.28366842322589525 -0.2689958671898231 -0.25925733658963923 -0.25458282724253944 -0.25511400429621106 -0.26099008405726426 -0.27231591711136693 -0.2877498664619053 -0.30596119125000515 -0.32547339680078574 -0.34483759378705675 -0.3639151766249088 -0.38262165451453045 -0.40083743262019805 -0.4184629870135893 -0.43419378672738546 -0.4466498598580327 -0.453148042528202 -0.45066513437784256 -0.4420625904079528 -0.4240393655483711 -0.39958766626040076 -0.2835958404761348 -0.13964706913247135 -0.20374685193945327 -0.22273865506071766 -0.24191822371349544 -0.2584925814384836 -0.2735633334359024 -0.28489957974730756 -0.29319919475830775 -0.29898781897725524 -0.3021910702461974 -0.3027273816349167 -0.3005962136373939 -0.29579333809463987 -0.28824736070114465 -0.2779546587624148 -0.26649014072331806 -0.25552216835993063 -0.24670457123595987 -0.24166948522654266 -0.24046764277651486 -0.24317393255170938 -0.2498551342869836 -0.26055102201530395 -0.27425284849095816 -0.28996654409653466 -0.30665192783618667 -0.3232976110788988 -0.33943880386419084 -0.3545712013791274 -0.36818544414585525 -0.3797740591854969 -0.38875110726303125 -0.3944588143175857 -0.3952700008188921 -0.3892717974603565 -0.37894647694384687 -0.36150278552282766 -0.3395189645177509 -0.24050821556260935 -0.11647136299460321 -0.1707063104665442 -0.1865225628352294 -0.20241886380656324 -0.21618099609182265 -0.22883418975854655 -0.23859089868488564 -0.2458738738657018 -0.2509632521302625 -0.2536138263167641 -0.2535828961851887 -0.25125057619749763 -0.24703873766992243 -0.2413025196429747 -0.23441378657827078 -0.22730548448598334 -0.22098970727633918 -0.21645379252124397 -0.21466048669738225 -0.21566701073847774 -0.2195259763175753 -0.2262788284329499 -0.23595747180283833 -0.24788181535913817 -0.26136345479640205 -0.2756869433403082 -0.29015013752582175 -0.30401483632109716 -0.31652646630713704 -0.3269008515942811 -0.3343435240871268 -0.33871449621503186 -0.3398580410324274 -0.33685638467602574 -0.3285186173684536 -0.3170518432961035 -0.3002956914773491 -0.2806603614981913 -0.19809459819692038 -0.0951631665616871 -0.1403372476616216 -0.15348005114112723 -0.1666629492234919 -0.17803582407376112 -0.18847170802129173 -0.19646066992882513 -0.2023284860635789 -0.20627409646504405 -0.20806659690782658 -0.20748887106090552 -0.2051100971125421 -0.20151434454955533 -0.19722447691140058 -0.19278454741364542 -0.18872819827654594 -0.1855799276438994 -0.18383950272447513 -0.18401397141278214 -0.18617321293353167 -0.1903747976648853 -0.19667340490354077 -0.20510723408245587 -0.21523039009958164 -0.22659290326576176 -0.23873179268726122 -0.251181572334075 -0.2630562515190045 -0.27347465173547103 -0.28150803623663295 -0.28623060568919534 -0.28777516990629964 -0.28625816163407874 -0.2811855426777875 -0.27182146921951883 -0.2601490842378443 -0.24457279204229687 -0.22737146343392253 -0.159813062463566 -0.07538041232665152 -0.11165891809075203 -0.12219933466296384 -0.1327768171087268 -0.14190770106352787 -0.1503203546515772 -0.15680053732821628 -0.161592963561741 -0.1648225404467558 -0.1662678596031676 -0.1657157096019219 -0.1637457726697513 -0.16094027132946795 -0.15784404498054058 -0.1550221026295596 -0.15275477992510708 -0.15130536863002106 -0.15093594093500612 -0.15191784555713225 -0.15429995604721886 -0.15813113603106244 -0.16346209476191947 -0.17033540033865818 -0.17845200107792283 -0.18750460302735905 -0.19719137585326715 -0.20720346204788767 -0.2167138465352684 -0.2248979362328609 -0.2308804471811461 -0.23378803422414954 -0.2338659021300089 -0.23134741098566397 -0.22597608454294704 -0.21728761490598658 -0.20694603156913785 -0.19374004559671104 -0.17959788038608626 -0.12603470544634635 -0.05954066191597943 -0.08845198194662417 -0.09685048929363284 -0.10529476188665506 -0.11261442081773902 -0.11940934414420731 -0.12473012195675852 -0.12874979125934866 -0.13154102821908012 -0.13289845644390297 -0.13261001465847272 -0.13117025672634341 -0.12909768181466721 -0.12688023473087792 -0.12499943620926175 -0.1236123779136511 -0.12288306390067417 -0.12297918930164357 -0.12406860043209379 -0.12618678823759796 -0.12936772813143638 -0.1336496376577029 -0.13907131892234834 -0.1454174175121812 -0.1524673263713273 -0.16000594609023083 -0.16781668181645362 -0.17520586986494832 -0.1814781353988202 -0.18590374550645594 -0.18775540540803198 -0.18728829457099297 -0.18474316230534749 -0.17997315826965 -0.17267007611386284 -0.16416238565031765 -0.15347954795302837 -0.14216294203652274 -0.09982399492901671 -0.023838496303967203 -0.03583714571829788 -0.039392663287225946 -0.043024189572665274 -0.04624000013760442 -0.04929314627408278 -0.05178795767329189 -0.053787390298441866 -0.05530630807474605 -0.05625791546575052 -0.05655236632998685 -0.05638758273618323 -0.055956534921391576 -0.055446709711274106 -0.05504507903517242 -0.054804448670978674 -0.054777599018866065 -0.055015693174261575 -0.055568926824616074 -0.056454521619721795 -0.05769044501513008 -0.05929409370675021 -0.06128089341950945 -0.06357697471793573 -0.06611032612697294 -0.06880905039486454 -0.07159910015494098 -0.0742034506103911 -0.07634522522204315 -0.07773732112751111 -0.0780921365237659 -0.07753381001160826 -0.07618281835382099 -0.07399916756247452 -0.07087680049867234 -0.06733374501773806 -0.06296144177686983 -0.058366652865566734 -0.041241881452584575)
(UseCyclicTransform "false")
(UseDirectionCosines "true")
