(BSplineTransformSplineOrder 3)
(CompressResultImage "false")
(DefaultPixelValue 0)
(Direction 1 0 0 1)
(FinalBSplineInterpolationOrder 3)
(FixedImageDimension 2)
(FixedInternalImagePixelType "float")
(GridDirection 1 0 0 1)
(GridIndex 0 0)
(GridOrigin -85.39551912264118 -88.7680500177878)
(GridSize 34 24)
(GridSpacing 80.02631691065147 80.05758120570644)
(HowToCombineTransforms "Compose")
(Index 0 0)
(InitialTransformParameterFileName "")
(MovingImageDimension 2)
(MovingInternalImagePixelType "float")
(NumberOfParameters 1632)
(Origin 0 0)
(ResampleInterpolator "FinalBSplineInterpolator")
(Resampler "DefaultResampler")
(ResultImageFormat "tif")
(ResultImagePixelType "unsigned short")
(Size 2471 1671)
(Spacing 1 1)
(Transform "RecursiveBSplineTransform")
(TransformParameters -3.2415790020888715 -2.5383504986955807 -1.6955408675528423 -0.4162463164303586 1.1803901146998315 3.0852500530104727 5.3125426225495245 7.94631978125332 11.039056832133028 14.710431942735843 18.778529625625815 22.75311703363328 26.234217646711276 28.76135955521262 30.136356139570825 30.418668336721083 29.611397492575456 27.68408103274301 24.769172497554777 21.260384617420534 17.405797545385955 13.353248689534688 9.295874271457814 5.5168671024548 2.2082448444501686 -0.1979767038362534 -1.7283015727559972 -2.6285260470353755 -3.0422643963692937 -3.156732198058714 -3.0867560692580267 -2.8731788790548243 -2.681656107732044 -1.983446033944415 -4.053406308447157 -3.9855657691804787 -3.360700142703914 -2.3311900955967535 -0.8579244717298699 1.1129796623128032 3.642117424217894 6.809656282571951 10.663655281574941 15.345240211083755 20.553866794606435 25.463255097204645 29.28930936293834 31.189929641475352 30.841218838235836 29.200669361867632 26.728300407484642 23.597154495117422 18.903603897377703 14.99440067168591 13.237051240619458 10.711626254712101 7.683016833195896 4.033356357046702 -0.01449699195551481 -1.7516484972141553 -2.8345197237633686 -3.6181382793221113 -4.130702450590954 -4.505539371319903 -4.330077646471336 -3.9767929930656467 -3.6700260537437184 -2.7018957614385384 -4.009216530061922 -4.295055083646431 -3.8727818386401025 -3.110303468818925 -1.880069061613898 -0.09758546551284938 2.324713236676034 5.491845825914422 9.504273959370726 14.301889542427837 20.572818991768187 26.304650798801763 28.602902588645673 28.287184928945376 23.579218592124526 20.999436338909874 20.464851780609017 18.910136623526014 14.560665404702696 7.0624842973264546 5.2986143934358125 8.40270167064803 8.177961707096697 5.997594383866715 -0.2967006552768947 -3.086919746455121 -2.771045992743112 -3.583961907504539 -4.657421484313434 -4.959213902986196 -4.5459013455024575 -4.168700606292581 -3.842974890040554 -2.8368626605838108 -3.9321887698052493 -4.755801510188985 -4.66064556719234 -4.3368674193247445 -3.524691820141229 -2.127402455454969 0.18170471713533948 3.240727685518739 8.627892344492349 13.132842404089173 21.242940536945913 26.94050230641307 26.96256215738253 26.1527256448529 22.939189498118047 7.928212874820402 13.285015158670051 19.06124901024417 10.79360314478429 8.251246127616428 8.940334445287588 15.891881191300811 -2.1902542559628393 -8.061375469515756 -2.7012764631140107 -8.922951289046322 -3.457899931571497 -4.121269734311545 -5.028196435542343 -5.14614016696455 -4.889721268095403 -4.51236817888455 -4.174197922092672 -3.1045851416600647 -3.6592555524531187 -5.030195898784433 -5.316680935451505 -5.522369167853188 -5.266525112609833 -4.505658589098167 -2.526130635068173 0.9726562130442626 5.6811714762729935 12.221672005522663 19.56111134250429 21.734408094050117 22.939478471195624 22.6885102566904 30.484579461763598 15.097930801355735 17.181480413349092 9.293168164565781 -4.1913609837987 -2.8415332223978025 6.11396874686107 13.443654253443995 -2.3485888042652565 -3.117944805295802 3.9882753465586207 -3.0635996847060736 -3.7502563968108125 -3.8622249283821857 -4.641715692407722 -5.143268551443817 -4.827505063405159 -4.647755665356582 -4.493748369482882 -3.3809260311684497 -3.1276263832508553 -4.9458830776157 -5.601750985173487 -6.345849422762046 -6.744678111191171 -6.897865641707556 -8.951766342601305 -7.935210492605157 -0.038958061894988634 7.208445963463223 14.040730469286299 15.910889072794149 17.16565703042472 12.931017455802815 15.451413000824267 11.457002412689564 6.436247207126086 -0.09611452961996611 -6.509712111950939 -7.357306966198182 -1.7772711557839247 2.8967491861405357 4.287229473739764 5.503323487891242 0.47510834719785455 2.2483541446293183 -3.903856953629869 -2.74153037656136 -3.603051282327073 -4.795504462341539 -4.765621637751706 -4.970745065349354 -4.796791513608405 -3.6132501952287552 -2.2243646026522406 -4.129826459250411 -4.979372054468197 -6.079769918071516 -7.051736233574585 -8.039013808920458 -11.225391112814535 -14.148853501981357 -6.010902236633414 -0.8375023293221951 8.55411531482598 12.701841235910482 11.97907562833117 4.885320612841891 -3.2393960334819587 -4.261630038011781 5.007225973007861 -8.004690413757212 -4.384659729196045 -3.0885264509741046 3.2353677839080635 3.987352739333534 -3.5648497125939804 4.374769662171442 0.4397244063428878 -2.02805962139811 -5.015518726296071 -1.8794438971762053 -3.5158047603558265 -4.4762879732946175 -5.145617919040475 -5.5087200479919955 -4.9744766132078615 -3.674495017761688 -0.7898229066284816 -1.934219955952411 -2.4941855416686223 -3.406389607421391 -4.635396487672987 -6.626377348161656 -8.503270282456763 -10.207240448700928 -16.600825987022397 -27.77561768636742 3.1199461489533795 3.3353192978241344 3.807307364125977 0.38906392156085917 -1.0087831641464655 -1.9952575534361667 0.2785275706489146 2.5472139286936692 4.718150435698716 1.2359939015836512 3.22380241751536 -1.250149133205444 3.4590804962155843 -2.716747245528955 7.011442547551517 0.29182450914187613 -5.257598399892583 -8.097188863002716 -6.4381898733294 -3.8529807022000013 -4.601298716180246 -4.908048496821594 -4.601534272546479 -3.3569343687142577 1.191675273841993 1.7516681957957514 2.036852272255163 1.964294980579225 0.9259649810855618 -2.1016832002046 -6.872164129936151 -7.127682378687101 -7.9753040124131775 -19.168700344329192 8.278964903662718 -4.941888389596328 8.940566254032523 -4.46320651064449 -0.8074918574915507 -0.8552779512145627 -2.79810705494429 -2.1097121673306733 -5.844528523153519 -1.299634719830348 0.0074340940516667234 -3.3464277272952354 1.6165572136966164 2.5683424323004473 0.01864690106690634 -2.132073953506192 -0.3012983390277481 4.993888056089724 0.3818580574234621 -3.9161237235788398 -3.310507867834725 -3.890985780472033 -3.8715255372187003 -2.6074772589528967 3.6365196404967324 6.692468036733943 8.299094432562487 9.625397658044209 9.300349937399872 6.125858589899417 10.257419030218134 -2.9049234786045446 -1.1587267453572052 -7.361511214506473 -0.5266739526543053 2.9358220656854166 -0.19761975186014166 4.6477736980375335 7.116137316655776 -2.1143616774201135 0.8535024811837133 -7.963517777961932 -2.323166499769908 -0.13475233084393115 -1.4064299581793467 0.6879099167017919 -4.4040065086048275 3.7781746883779324 0.4077922864858014 -1.8653244410969516 -8.253327039370678 5.320998859786699 0.8364249602731394 -7.843642088513566 -2.160043963962789 -2.4307255784059394 -2.435928331396462 -1.4156513162405528 6.333740129779807 12.200033571713984 15.300003228186734 18.24050789877722 18.907974477164924 15.857456547902297 14.884119710552902 -18.669731977233813 -1.016287769772914 -10.276612923088706 -6.929757182176643 7.02126847208789 -3.7168109682213895 0.019667865739044842 3.5439650550189628 9.2198209236248 4.978423951178912 4.480701676339055 -6.556274896564077 1.933713378114375 -4.050558179492558 0.48064282451922025 3.6985281814671747 -3.746051518149882 -1.8718053537223973 2.121977920287659 -0.3931499119319056 -0.4465510116281 7.559576024219644 -7.672336928326263 -1.7171783491233197 -1.2638111148776385 -0.7217939322100301 0.04857563184507883 8.871303090456887 16.850427668458842 21.000767892799644 25.114903410110742 26.6166241364538 23.638522118568954 31.546398648160707 15.225926522213191 -3.895684881237967 -7.634603916800317 -2.461337257541382 -1.1058891337515828 2.7497722826057203 3.8307537036029538 -0.9447090295913372 4.299565777679749 -11.323080713341287 -6.727043420798861 -3.6464842421032766 -2.6282577859965053 -4.038440307127738 -0.6421569210024776 -1.829266587993638 9.818597519776228 -0.6675797681554383 -7.8721215054718385 -1.0047971556597095 -2.8066878967157667 -0.40110271418466714 -3.6097480133504884 -3.41199838358114 0.04799697574211478 0.7955851861058885 1.400653941215652 11.010734443599924 19.967126337244082 24.453598486647863 28.9813031668022 30.874320883207215 29.962270908751567 35.71965487198681 24.97293187338525 10.87271403745203 -11.464080066113405 4.702279565841745 -14.06174836462747 -4.713372916919304 8.193708714206474 7.630921908826883 -1.5150496263492188 6.47255216807011 -3.7853797635321467 1.3372649588824845 -0.1829755174794114 -2.757609105142809 -4.945151454906042 4.884293085083752 -5.1514104025160785 -4.00858338426384 1.553067459915109 -6.200912169988672 4.483599553812916 22.60989719604999 -0.15057383745780345 -3.231904966351587 1.265322282606084 2.001816809589947 2.4895382550858827 12.619874820539852 21.32860219858978 25.366747409984267 29.415078081586163 31.012863692376634 34.68639846822768 62.93014070764034 7.983295958309286 7.037681364010362 -3.10704184069851 0.253602341362411 -5.836635964916813 -4.021344308001763 8.17129212752981 -0.21135888851229478 9.637037413852685 2.4341007793736282 1.6509496957083847 -1.9420949999802897 -6.390970138900571 -2.348307230683342 -1.6646716567399633 -2.5208407238954154 -2.668442034464 -0.9250199552805903 0.9646314113771555 -2.793877988071906 -1.9791025118239804 13.077981290728067 -0.002932418688233478 -0.2985993253763355 2.092942350157128 2.80784865090114 3.2542380839152103 13.622440562131612 21.079972143547973 24.07027636756114 26.93795846954015 27.50337309907389 27.61463640092931 36.14499058925268 -3.556682430886052 5.095212441279835 -0.9150067106093577 2.5324967839337185 -9.45885592163448 2.2158321716360936 10.7613197240267 9.198728195412302 5.783665002485523 -2.2496931726710363 4.05034567696633 -2.468648087089479 -2.4682574640562063 -4.33326016994033 -2.183823818698849 6.697980286702306 -0.5765428512232734 -5.061075731264973 2.405594753724833 -4.088155675780155 1.7267647521161102 -0.8761185677723997 -1.9030353375391604 0.9249607676107048 2.5743695237617796 3.2614021441551806 3.738968924412815 14.020744658654744 19.934772301792197 21.785189822947356 23.376482488772908 22.880093821072123 19.056084132440557 12.785005897348753 -2.332922931935752 -5.084086866362816 6.517063010297381 -3.9351611142199228 -4.795807352825129 14.714180608837914 3.7471967811091784 8.169211664264385 1.5848486035147138 -2.4824068081490274 -1.167600545375747 -4.1279765912082995 -2.36324740397294 -1.1621152464673856 -1.5533495104988178 6.221487453761429 -4.332555191583122 -0.4397317286584858 13.297354845266824 4.423384710348345 -2.7770244379308333 -7.278724101295114 8.103960351347007 4.103001609908548 3.409470262639769 3.5875359888935163 4.149194986716813 13.837919731196461 18.273483048711583 19.143282821932633 19.680063137796598 18.576359443862742 14.831004781310536 8.209530308346467 -3.2941616077719895 -1.633192369057711 3.350612040056711 2.3774617316318634 8.048673718378929 2.668708476270874 0.45103137898742224 5.804560175109428 -1.7180159360424774 -5.415822779617264 -4.1477681733837395 1.8241019392573363 -0.5520871408311014 2.2721908194140665 1.5431163713042004 -0.1124802060817319 -9.341107155588887 8.452430052077709 -6.495674425610197 -9.54432831706193 1.6006161439664655 -2.4828776930861234 2.3001633709769638 -0.9225095898247805 0.927761481591512 3.127282985789501 4.551586531262176 13.1260462201129 16.317642049820932 16.469474434207108 16.284948426878138 14.96584850165817 11.906586069811643 5.232280077587589 -3.896286581778714 -2.2371281118563586 4.537481647986902 0.25000283324988326 8.573711256113894 15.365541993428325 1.5049420886596567 0.5694310691116192 -8.172324678444008 5.72656455020059 5.181088280012658 2.1846238892655157 6.096263286512083 -2.806622683758099 -7.793198766452681 0.5573543459441215 -7.546961600179866 1.498688060303438 -4.408445040944794 -0.8334635649006297 -4.20614442216124 -0.9932448764982564 0.046492712037411364 -0.35222663550575134 3.963171415583848 4.534563461459333 5.0138892269402655 11.97528338353925 14.225531909981921 13.94534526011977 13.38034292182463 12.1093642024893 9.942385068033596 5.761043788745376 -0.05542523782660026 0.8719799774954371 9.615371585278798 2.025305631154995 -0.9304055110439484 -0.6495608838519517 -6.095729575361001 3.5993057277383795 -3.0018764486388965 -0.030265565498245495 3.0591218336940345 0.8700975505517377 5.472984379313074 3.1352292996356903 -4.8752417747287815 -11.104486073356593 -6.095290702742506 -7.408554485462185 1.0381178064602992 2.77302814027516 -4.27243268695638 2.477784617727992 -0.5785701339090429 4.482073726304633 7.295934124140168 6.165060459402546 5.590860836858889 10.501971427401639 12.01176222770351 11.485156332227627 10.73233217026762 9.59152422487195 8.15475619985656 5.741987459696662 3.43358840056828 3.3711928750813245 1.5244754440008936 -0.5389284743311561 -2.1690870652027696 -4.103169950743887 -4.866465644127141 -1.511667190570983 3.4180793497502298 3.6207828836881872 4.7250133097505485 8.02301394369857 3.5990944005263605 -2.34906729485449 1.5269583862445835 -11.3995095385415 -0.7930282853458946 -2.8002903701927035 0.6618515750588447 2.644148182156694 -4.466664722222825 6.292638998480847 2.3433186273777773 4.7099123794684035 4.662702151421552 6.584248311648477 6.131637387903958 8.890555274839869 9.830055676087467 9.186813854428488 8.36200044452109 7.345857568090926 6.3357867694987675 5.215603464536099 3.80954430099816 1.7729044705954695 0.68163326539895 -2.168145170019041 -4.604781635640838 -6.190006629326806 -5.846234464143267 -3.44283556029735 0.26455475503809106 4.715334371954489 6.2824066914262175 7.313297660141682 3.2690245179283264 -1.3838655316274113 -2.9027088972254034 -4.287984797205447 -0.42481950772544597 -3.3717970264962642 3.9948963739396697 3.608990380982543 -0.16522299778960917 6.258098946447494 3.599404299053948 5.164704703755345 6.282172344323687 7.05484351957779 6.599261166256407 7.211864711431998 7.733059411334763 7.077515078233431 6.263464368113388 5.355972609137527 4.562958794668552 3.836015309901695 2.8683176171065363 1.5096999731886416 -0.10283961840992996 -3.162996411789563 -5.672552317329586 -6.963200013375642 -6.350288685819692 -3.9123203715081605 -0.8334141849629269 1.8628203838913449 2.9483704304327376 2.5638614504687802 0.5388975712661644 -1.6148123078335024 -2.582921268703769 -2.156066251048249 -0.5376571667213998 1.4346469525283028 4.628542843418724 5.423878214053078 6.540708211892929 7.6164160721707574 7.412040408649412 7.526058228942383 7.758101282338315 7.889413710457821 7.2305666354790175 6.045187363660819 6.329292265362205 5.697805478198796 4.909044317886171 4.051832749220449 3.3110295533258283 2.6449230185506036 1.7966437771623482 0.60399359019212 -1.2447620123729708 -3.5992573931912437 -5.638016275581198 -6.787568416624575 -6.282814176838075 -4.241127452107488 -1.7186879154029895 0.46098455798275095 1.2374584677739422 0.5427225200216117 -0.7069885127465209 -1.8094819173332741 -1.9442773099324133 -0.9088311803854908 0.9005265352875466 3.1139204653358514 5.128312344615635 6.687113182157679 7.8562509112292 8.651390287344238 9.08559490865894 9.235810596572103 9.162056740966754 9.082709036341466 7.943327911081042 2.860816105143827 2.7657797727785858 2.3515962157275814 1.7989568522099866 1.1827885319099063 0.5767865186078293 -0.014157414475437254 -0.6597663878300778 -1.4070278323516927 -2.3462513251400687 -3.3942542832378395 -4.290505537493405 -4.828120762501889 -4.717461496504232 -4.007790320102961 -3.093697835751108 -2.2775439858503215 -1.975647097797657 -2.1645800730143967 -2.3819077994795324 -2.2755854181786876 -1.3655474666471268 0.366274299804012 2.478107794660095 4.652201541085037 6.513734260067631 7.913388237669653 8.923231217762565 9.56852775484036 9.871384274017494 9.903949021209062 9.690665924406836 9.513798567764683 7.9104415799593495 -2.4436762726271684 -2.5082521887901783 -2.1883358706102816 -1.7100799406639444 -1.0756202506531196 -0.3014357436762816 0.6219082316249713 1.7223303606686842 3.0274681034284576 4.561444640347158 6.379754797657706 8.57570269748361 11.217117146581609 14.40330574835638 18.060168572697293 21.959348832093735 25.809903725772326 29.167968558809715 31.784242551607516 33.58600958073019 34.52236208480843 34.606768529211855 33.9169899712789 32.49116156916695 30.466099549661752 27.931016683561563 25.07596978736403 22.10865492381434 19.2462843719853 16.657748135138807 14.45838378314575 12.486992807465711 11.267109736750987 7.325319227977821 -3.099049045055959 -3.220777718643993 -2.831946213572803 -2.303419578764864 -1.667572913989873 -0.9924137811046883 -0.2627846736679377 0.6064961346208572 1.7027798091451645 3.158755948886802 4.9812170353505385 7.066913476938384 9.456679232807398 12.088832721202383 14.78705288913604 18.21421790095117 22.433006861368053 26.265145989982084 28.91186098687426 29.80394248595784 28.998084871218254 30.13037412560382 32.87060883964942 31.1763200480262 29.63260737966078 28.021837250567017 25.646751121856965 22.760807449584 20.28712968906788 18.181009404191443 16.042171444059385 14.013400443843997 12.717050877639217 8.435491898468083 -3.116131305746971 -3.195316740458826 -2.7740091635393878 -2.235580385772287 -1.645938299632892 -1.0974107484204596 -0.5840428526135943 -0.012976447220364349 0.7319296815246461 2.1174218888040133 3.999915361995931 5.614594651188521 7.65034299297822 7.534116263661124 9.532908356961537 17.632220111882372 18.28279354386904 23.525852362843914 26.72532228839325 27.61405945182342 24.607353742566428 26.031535701582786 38.95538446494419 41.52996278481237 34.89352463427986 25.770217008485165 22.60743562358756 20.524262350536144 18.69825434469748 17.106785033635173 15.235613295078906 13.44925101532951 12.295479912263145 8.261471030202628 -3.1657365119258536 -3.1411740637447547 -2.6421322257903004 -2.0605875003954095 -1.5253394459485878 -1.016840555198124 -0.2703336916400751 -0.04972404463298239 0.12409322752490914 1.7215148259122237 3.4738086321531507 5.4396185586992045 6.9629656469559285 8.177228579883774 8.888788587753128 23.372039629213713 14.825092763057581 17.86868548460981 22.66085359334987 26.708941994310212 27.02859250519708 18.564807198179597 21.209312535608774 45.41148380353241 37.48986917821939 21.99511363771671 18.862598205138163 18.134208142268292 16.766929856423125 15.400366277198303 13.954496946659486 12.484183274330775 11.638991318373874 8.088070857009505 -3.1481961751505034 -2.9404324229424423 -2.3225233371578446 -1.6619524741598115 -1.1832364715741974 -0.9557175219586899 0.9060093591746462 1.696850772854324 0.24396307874396056 0.5618944461057312 1.5214215499551653 2.4757188210453194 5.0009701066959655 10.838865294501096 -1.5408323017675638 10.27382125227574 19.628911208214287 14.996352962388746 12.687629676814055 12.34150408392632 22.12838313835148 12.532163550823975 5.649162607737674 16.738065392589128 11.443908774029254 19.50375252312047 15.913264819466491 14.763325484263213 13.740082599187915 13.124864092610979 12.589165914844243 11.066491125351764 10.581293662623798 7.7835641667465465 -3.0492100173867462 -2.5812039502395483 -1.8061658392686422 -1.0290204258690785 -0.6069258143486381 -0.8886709166230217 -0.7667229010738918 -1.265932009997065 -3.6937089181592544 -3.22596848433229 -3.92831203265438 -4.782232700383797 -0.15647661818631137 4.988199983414303 8.37680621988157 8.908033969637751 -11.601314367227564 6.054730142091687 -12.119550721051146 -9.308465104438726 -1.7986327499014179 -2.49303992084382 -7.2595601857126395 -7.703708228030337 7.772282218010144 14.835780117815677 11.422091426459243 11.465440081229662 10.984461218707057 10.175964417042278 10.492983218614016 8.982680599941336 9.08993592687039 7.34779138728561 -2.839369374943911 -2.0515435033784772 -1.0950943646442504 -0.16426197991865643 0.24422158253913961 -0.34960545302336266 -1.3410477008794996 -2.5766269174316534 -5.806946156429778 -5.952466236974964 -6.961938630451712 -1.6649859669421265 -0.1318958375091211 -10.055474938929576 -8.092459156223029 -13.24693926473895 -9.743101695167285 -6.487929958519167 -7.848956082213958 -3.354051452296698 -4.920109768459309 1.8228139484234012 -0.012704171257838045 9.98799187352897 15.654008639915341 3.526034661277914 3.958834213564786 8.368183259298977 7.734646411726155 6.769476502227829 6.642290207589155 6.352232099468079 7.323382620536091 6.790568613677804 -2.505351019330185 -1.3811243772144626 -0.24291128795568115 0.8803776640621094 1.4015408330852743 0.871221633719613 -1.740035398895811 -6.350761533007457 0.19663057598423386 2.443043903885357 2.753586411851633 8.066505310737242 2.51855363624007 -0.2859523519875544 2.9714370021355134 -7.768683526808257 -4.872282530659832 -14.917810860704861 -10.023536049885067 -3.2028875119754403 -4.447871917057576 -6.150869978742992 -0.9686998138268951 -2.1128871015185986 -4.812967320176154 -2.087757614855844 3.9983233011862467 12.040873147490146 4.885287062340619 5.0292992129149745 5.179911413804886 5.369450558562123 6.378025655388451 6.209116854560146 -2.0487000506513637 -0.5978476387074884 0.7033369725960358 2.0305853589950704 2.7957926061182143 2.826182302143533 2.2501114547491277 -5.324000968250108 15.21634519788863 13.9009337245733 -16.86770414217051 -11.450896495597867 -5.101032956609554 2.425428876969634 5.868582366566414 2.9288866687928916 -9.442852105122448 0.9767960441074056 -2.3021526551652913 -2.9880983657269513 -5.142972239712949 2.8005583841277466 -2.3570829408776777 7.326437701442928 2.1909252716603955 4.423798980895994 5.540885735282471 -10.1385540548969 2.637784799998443 9.209780364289541 4.843196869595744 4.629913111149288 5.662655912876511 5.640387501146039 -1.4856125790156294 0.2658835857508565 1.688805943036722 3.1717305456646474 4.136920171728861 4.877677316620237 16.48656602768494 9.370569163133695 -10.796828774866675 9.53314747199194 -16.508302400974806 5.032658084378549 1.5068250791117985 -9.458846764722255 0.9751722626252967 1.2225070766607589 5.002607915986379 1.2480073530618765 -0.708241139588712 -3.6269300013398302 -1.9579853199022046 -3.3043450304605715 1.2707703277561428 0.07463459588083644 3.6644362628436298 -4.984859713210208 -0.01071918997739285 -2.328667993458345 2.7658873465383476 13.140977312042049 4.064157203962929 4.107477502289521 5.283726113611115 5.10449829519819 -0.8511207995555914 1.1598723780925797 2.6565433519735877 4.245060641326553 5.205597892081082 5.508870324271791 12.419859668707725 13.294828907974676 2.7067813658364477 7.2541241265771905 -0.11512921267043923 0.007607586177745099 -4.658747883419781 11.144855234194539 -3.8130456602469502 -0.5049553558930645 8.330533858790362 -4.895822632812087 1.4253616960627744 -4.205585645688668 -3.4356136872327347 -0.32541300079983687 -0.5677448461227884 -4.890838734544459 2.74351561379964 -1.8370494183948245 -2.4759293064471026 4.452851601044622 1.7117215973841953 4.304469482364448 2.1505033526730317 3.3823070446959096 4.600236365093722 4.420780716195253 -0.20570649828467671 2.0150728635836934 3.5512069225212386 5.224255086925086 6.124531839943509 5.752860114993156 -5.609532875370041 -14.246392573240342 0.0372831502402596 -0.3590412020451139 8.085208367590548 3.534403053278481 0.4865614461682203 -6.25102213359638 13.087397461639478 4.611380013312943 -0.40107761187055807 -0.2589742671405817 -1.2599523186798156 -2.1399950268268397 -0.43574052343178354 -3.744782679380554 -1.173019505431229 7.10898812515734 -6.835502282758444 9.48309197346043 -0.3451448491931887 0.22625206959251398 -4.5277219540064255 -5.216070447532655 -1.0758903331313467 2.837297253616489 3.8796751346856784 3.3193716857110904 0.39948753659401576 2.7624044905984073 4.3020194121123305 6.012507961578158 7.050298626432985 7.556814098548558 6.526147819704464 -9.854810316623167 1.9335401630943252 2.3828749275245245 3.621514642031995 -16.320779462762594 8.01894584238214 -0.11729992871428892 -6.4760617860246334 -0.2742882608194616 4.289770642500981 7.0953531950228 4.047783972417427 -6.439503744527915 -1.7804067690045007 1.3898415054245663 -4.152808907435881 0.30616080066015283 -3.6079641110523326 -4.613082116973499 -4.137185296270925 3.020765321296154 2.56252469675051 -2.3262197822253188 0.47706425523317986 2.443375867064054 2.9111829713401707 1.7573893247875887 0.9188952356524782 3.3340021764964916 4.827751939687551 6.4909557504505075 7.596558165731469 10.292510855832226 34.217502682417575 12.479055329292065 -6.191405542791506 0.6204054510348045 5.716094026674999 4.018029595199945 5.676296976114604 2.0312218773738415 7.454365334694532 3.043224952588072 0.9051883734447114 -1.6375399182504558 -3.4236906331681007 3.9165622434030776 -5.681144920259237 -0.38672640079163156 3.3920196438892627 -1.870042262691416 -5.553276477094022 4.363504241241929 -1.5836221392633065 -0.8268268674818562 0.8728858576403611 7.5536905408518695 2.1869390608925823 1.128089490198372 1.0881256375711734 -0.09217804085997139 1.2952895124271098 3.6339120708730617 5.017497455492753 6.536007634365091 7.40956125067616 7.692176463957225 8.27382977572918 6.32435018847746 6.767713827148049 2.0716141114868427 -3.8464699680822854 4.533458425134374 -4.103338149249631 2.488471705062953 -0.7129260090057696 0.9237014722673768 5.735662898665797 -1.0178553650641924 -3.1715146225381936 -1.734153094200349 -4.50185671419088 -5.476229462993875 -9.372956217379736 2.4268171392326643 -1.037346197697666 0.5566383849126221 0.3918206554706804 -6.830660981502058 -5.6763644910222135 3.211919289733988 0.2307119784543683 -1.3816505597579054 -1.430940210666606 -1.9310859295092682 1.4470041982452302 3.509586125476177 4.685061285978828 5.9203904830893155 6.442324927526642 5.6102766966485 0.26657036120707484 -9.675818739552888 0.8880793947919211 4.187172021340402 6.764967167060635 2.6208667524813207 6.077469707120148 1.0415797365965969 8.198422142491331 3.9318312641804574 -6.399797566926871 -0.4301370630811883 1.543657877026044 -3.954929319506291 -2.9772261317443522 2.167508066135491 5.63285970051548 -10.049316002140703 -5.215941684177733 1.4084370127354588 -2.750297635600798 4.067234538586037 -4.385781306050214 -10.352837417956525 -5.398548215579939 -4.298754391597951 -3.517233149852929 -3.1966175906128522 1.345479359023065 2.9187550490122365 3.7862627338499655 4.599378301891151 4.7500896083941 3.5989048273701174 3.0792420514299734 0.7078194559265577 -4.478820126070032 0.5323870821106688 -5.354446416846764 -15.17972506792001 9.577704272383855 1.650204085915086 -0.33263888430338906 4.574601773189428 2.1067209898786055 4.215956911912324 -3.1824361818250826 6.763279457643502 1.235979958803303 1.1376985640574593 -3.7394595963095174 6.046626139855386 13.955128849049549 8.259327503835008 -7.201328839052255 -14.2192375360415 -2.1747738886786445 1.7735987663099115 -7.57742754885584 -4.485347677979755 -4.248325150314929 -3.6630228909750686 0.9984535616104089 1.8926247234566171 2.374503721317192 2.6855801979055767 2.410713255156492 1.1392890199239125 -0.07080187658022033 -7.150456601766067 -0.2994538227623704 -2.757872039623941 -5.317833922046132 -9.326384928434976 -9.496862433440315 5.063000303414679 5.955088298297299 -6.830000165206709 -5.399604564400775 0.3856917338658712 3.7152762397762262 0.1974621534156798 -0.4452488694837572 4.6822616231874274 -2.5748420344717005 -9.638003552824404 -5.434994482084254 -5.216304196917955 7.634261762163385 -6.915009462219262 -6.834003318425814 -1.247392949727184 -10.019217874179283 -1.9569581167803078 -3.1247256147030718 -3.334585679300782 0.45152704423759576 0.5504112571399059 0.614636811332419 0.4067013609452629 -0.2736233415894753 -1.6410063154917645 -3.0425246290663988 -0.26651340862296385 1.2781369777874274 -7.242800747160396 -5.050591261676664 -3.7353651143011573 -2.7745833677870144 2.9071525017156863 1.985550396169113 1.0548710407095645 -0.5853823069570168 -0.522028225323323 3.7671425923885486 -3.350528556379637 -3.9448915726332094 -1.9372523244499995 6.306446112136318 -16.598515091059227 -8.650612241585105 -0.11474539827208721 -1.1914788509125462 3.2756850872912913 1.9677361484168963 -2.071234746503166 -3.6175428723457497 0.6015894055436039 -0.9565284499995128 -2.4001769686988723 -0.19693679046173482 -0.8578524108810364 -1.164432798033361 -1.829012439773453 -2.8500546302424667 -4.325781580713647 -5.75284018880774 -2.385351968173008 -4.422038016835514 -8.60539028428739 -7.051643791324851 -5.30593031983583 -3.2144797447416504 -2.509879895901878 -2.7873518266413866 -1.532560508899961 -3.6580655032394938 0.29127198850506886 -4.161393133578459 -7.015075992595959 -7.464403983385242 -13.309714998840477 -6.606910140405004 -3.096661061588803 8.160720966627384 6.971878403408819 1.5090340699349125 1.7267973679922974 1.5946951762042647 6.060922289078186 2.0028275729899256 -1.102347556141568 1.0638689510857167 -1.3035257802275322 -0.8703367955950275 -2.176206184415672 -2.767968049194225 -3.781835611719441 -5.061017230390104 -6.668018903585763 -8.25506807909663 -8.38099309129175 -10.075370639914587 -11.745257940154302 -10.430463238140542 -7.887680939118851 -5.845261752743048 -4.301403221097797 -3.0314510642653723 -2.3531126478270683 -2.1471356818826335 -2.937260430564458 -6.760163650418718 -7.092440532313623 -6.015946539712458 -6.362387298309108 -4.435589865350417 -2.5612155247518524 -1.0812080639793016 1.277351901488689 -0.3606666710419097 -3.6034652533545244 6.529819021786426 3.1718570886733377 1.9039400243352524 1.6547244680364395 1.8047609407168173 -0.2671901154903756 -1.5368566648980113 -3.3469902960558797 -4.124827233442627 -5.361841875426925 -6.790376228951921 -8.457303622911702 -10.225722354113964 -11.986742157924098 -12.914089263979255 -13.078056437645795 -12.191527935058852 -10.788900535249233 -9.104816657448747 -7.599990273168728 -6.47896227135957 -5.60891125218537 -4.96333947142941 -4.893771250563235 -6.042850846566916 -6.5773408072310815 -6.00856325118003 -5.499473083950544 -4.140114445761923 -2.2618575233480995 -0.7106981532956085 0.8092498163620505 1.77589902750494 1.3002610967836499 3.1398250178188025 2.92310101106222 3.3042345976979357 3.1641272100223623 2.597194052687049 0.6469448187801331 -2.0476520951017245 -4.183109009455867 -5.057885682696012 -6.409677193134889 -7.908899197975048 -9.600654286455828 -11.33032052534252 -12.881364610871998 -13.956404157767329 -14.307337482865288 -13.90376250340693 -12.9859197417913 -11.781255917862424 -10.587906350746655 -9.558633966355083 -8.683263423678293 -8.006887862704945 -7.6575677009588095 -7.587479490137348 -7.553549618566593 -7.305545623622901 -6.506826767978738 -5.098301912838167 -3.3118877820028843 -1.3701034266125576 0.3054196976238192 1.599995488581753 2.754697207858749 3.72851025318018 4.1687430501931155 4.061149663167828 3.5599136355974115 3.079517953100054 1.239997531152825 -2.58580140860633 -4.839287223137966 -5.6787334397859075 -6.937516916176883 -8.254760738461274 -9.656649850385199 -11.039446949281448 -12.311006788294742 -13.373406145824088 -14.10186500095068 -14.47190709299768 -14.558080446756351 -14.41018321281931 -14.083301870208736 -13.61927430890626 -13.046304892220082 -12.387658875767386 -11.67192304823713 -10.878788211816106 -9.932116249274838 -8.782901863416045 -7.3703695406797145 -5.7232918190501 -3.961385860893304 -2.1853837562532714 -0.5066018605735346 0.9831171474939557 2.2020140198012728 3.091054251281431 3.587640922302932 3.7324119799020545 3.5943608767330133 3.435275401688877 2.161308689821496)
(UseCyclicTransform "false")
(UseDirectionCosines "true")
