(BSplineTransformSplineOrder 3)
(CompressResultImage "false")
(DefaultPixelValue 0)
(Direction 1 0 0 1)
(FinalBSplineInterpolationOrder 3)
(FixedImageDimension 2)
(FixedInternalImagePixelType "float")
(GridDirection 1 0 0 1)
(GridIndex 0 0)
(GridOrigin -79.37869341228797 -109.35263257560247)
(GridSize 37 24)
(GridSpacing 80.02797629186966 80.07786975876249)
(HowToCombineTransforms "Compose")
(Index 0 0)
(InitialTransformParameterFileName "")
(MovingImageDimension 2)
(MovingInternalImagePixelType "float")
(NumberOfParameters 1776)
(Origin 0 0)
(ResampleInterpolator "FinalBSplineInterpolator")
(Resampler "DefaultResampler")
(ResultImageFormat "tif")
(ResultImagePixelType "unsigned short")
(Size 2720 1631)
(Spacing 1 1)
(Transform "RecursiveBSplineTransform")
(TransformParameters 0.31273662108292155 0.5300518017141913 0.5770188230269778 0.5962808949560381 0.5653281547558087 0.48472203518953316 0.34317175097817115 0.15480644929142012 -0.067098917671199 -0.3073494828141798 -0.5508122151744974 -0.7709585439359087 -0.941260440374577 -1.0571462517597843 -1.1140469410437661 -1.1197718706847481 -1.082116464658787 -1.0080908228154848 -0.9047059422618715 -0.7827282733784148 -0.6529251384253733 -0.5225136015654596 -0.39869423591365677 -0.2837568547075856 -0.1799567840683383 -0.09484014170982352 -0.035969493054311144 -0.02022332575903825 -0.06449065691955606 -0.1682224881617111 -0.3309145400175218 -0.5302825690727618 -0.7445856660007156 -0.9559256501851374 -1.1540194246770656 -1.2982671562495978 -1.4541779635626098 0.640402189190908 1.2515619560745683 1.4294702806936928 1.5749448123550394 1.6295655713646597 1.6001092295389008 1.460358810623745 1.2640449055455505 1.062439739828946 0.8603527232598237 0.6624627428075442 0.4745467682821625 0.30235830341527925 0.15565133740814122 0.04419591583693323 -0.06526297718929301 -0.20589140130512495 -0.3800838714105231 -0.5902949720057226 -0.8053626344673762 -0.9940931492901419 -1.1404055502369868 -1.2281541121869786 -1.2407081979479408 -1.1613913347536173 -1.0150716636625363 -0.8269185472260033 -0.6845766366675896 -0.6756732413014536 -0.803039713849883 -1.069535383201339 -1.409255487281641 -1.7565989283694623 -2.0819387948192034 -2.3590206095130686 -2.5405847135067474 -2.6259328083405142 0.7505925298932742 1.541399339593558 1.787472492089529 2.0032795360650173 2.110722309319386 2.117595726067509 1.9894382567942728 1.8084359232393348 1.6538635193219224 1.5003108055083896 1.3218721726596223 1.1288417981208159 0.9316982053760555 0.7561039366722304 0.6281470596216145 0.5023867395080491 0.3328243944386243 0.09950400632821131 -0.2173958577910479 -0.5707057961454325 -0.9133199296962616 -1.218311917121072 -1.4587165286376116 -1.5930203278323367 -1.5800831255884056 -1.4450872873842793 -1.2138695851127923 -1.0074710276296703 -0.9469013540482825 -1.0647032388723345 -1.3930004137883887 -1.8153002750985112 -2.215012904876905 -2.5654015641008274 -2.8397423150243073 -3.0049652876746507 -3.0254791609528295 0.9032539985411077 1.989937048782147 2.3566034241563045 2.6996086951058347 2.9042977533248613 2.973801361738478 2.853834987285816 2.6863982836788343 2.6097969221731145 2.4992053573699278 2.2284531956897005 1.8622872135090103 1.46781375790065 1.143206371413559 0.9841728486233488 0.9145775959494817 0.8588676860360348 0.7241915525448159 0.4199132776818223 0.00585298992496126 -0.4589287970240571 -0.9467610037377259 -1.4295515546069124 -1.805551639251135 -1.9737829957330337 -1.9383058083960907 -1.7032171289465383 -1.4235250243637232 -1.254886978485217 -1.3432224494410052 -1.832268166148097 -2.461734268562418 -2.9709024922100253 -3.3477401514835954 -3.5754030327987474 -3.6753411639479054 -3.593056390645547 1.0291128426758043 2.4507311155596097 2.965036552100593 3.46911044636837 3.80314951922521 3.959253944930082 3.855038355128411 3.700313342824716 3.7008918530875854 3.587526692550068 2.9329014610993527 2.0694886081821813 1.6896298344099623 1.222403738226467 0.9923639998475815 0.8996544379184962 1.1895179512093002 1.3514374674561356 1.2325683203956745 0.8998428970639766 0.41474198674904694 -0.21719686739247754 -0.9888282303512886 -1.7096867230652253 -2.1877037514285935 -2.3684880581401466 -2.204444343964261 -1.8318279918102338 -1.3898167365920973 -1.34813326403764 -2.1738743099463074 -3.240702654903946 -3.91492678211039 -4.26523099028613 -4.3557999931761096 -4.313762948871632 -4.113993903340541 1.1085254019523314 2.8709553872297486 3.5443564626562862 4.227279647893979 4.712347256296312 4.987566827074108 4.94951842776236 4.813448260235591 4.788041519984262 4.386020705986328 3.443584843200063 1.652897173654607 1.7921154230727125 2.0965504478665635 1.9880940936952292 -0.3467393524077591 1.4804982841763186 1.978133671469947 2.063147191998261 1.8478489837896659 1.4142948577033643 0.663220975511429 -0.4342731267969994 -1.4210624331273867 -2.3937970595533677 -2.9374794361588785 -2.96294618132708 -2.2859426207261 -1.024440178823246 -0.5313338085469721 -2.1592242531788624 -4.298766365686306 -5.25869780826488 -5.427806621301342 -5.195889903802006 -4.871114341509404 -4.547839909858947 1.095212878827619 3.1167119657407767 3.920044633276005 4.763171156735367 5.410247846357854 5.832279508294727 5.89169491527177 5.78042868335436 5.7187054387149905 4.682156744496686 2.4204627194293122 2.3687449401644414 0.37060616343832475 2.2803954438147813 3.2485139825293525 -1.4881800667362046 1.8987658169716284 2.5706818649341874 2.8527715613902096 2.9907379664120355 2.6145001564049797 1.552806811470127 0.5850005687306027 0.09826335868535786 -3.8244575293386727 -2.7946358501265998 -4.117302947956423 -2.9909658886635775 -0.5134822750800637 1.724218947331632 0.14237446097770648 -6.453459490647216 -7.530497840540801 -6.447577578677028 -5.8552751825921305 -5.239827333824393 -4.866339831458393 0.9176599609218375 2.9638035978323205 3.7951367021254034 4.710896348526398 5.499583433803751 6.053942215826692 6.1456480232489215 6.116837886205832 6.521074446705635 5.799590879997784 3.449409854022312 2.151503372407788 1.595221605867556 1.4012132109880415 2.081512653195026 -0.2650525417180794 2.580018048504508 3.5161599688589265 3.9645328999145804 4.538040016244005 3.8458714378251577 2.4156551452231154 2.140699553515614 1.4042078832231022 -4.553620974414296 -2.6411705005108503 -5.2305387327302615 -5.1165057503394795 -2.318195510186248 3.6966326388631985 1.733246972296903 -9.554511498363832 -6.533616534460571 -6.094383170443326 -5.78127803517153 -5.28004472542565 -5.135101559087441 0.5686901320343186 2.3592247074929373 3.08646161321197 3.9828358789020353 4.95638952645664 5.71009147635986 5.850501821292073 6.180653070470994 7.322282349262417 8.110511915278394 7.445668593713572 1.4355019684173567 1.2419688906508475 1.0325900630646125 0.7336489471540115 -1.389217129510607 3.1596306690966585 5.075237360947409 5.704418034800668 5.744092609168857 4.846588161170228 3.676441638034332 0.25340003370506525 0.4814513563104921 -4.479490717202819 -6.275950170946346 -7.22982173503246 -6.265235334521438 -2.9049875784289996 0.3198977146949986 -4.1113204707077795 -2.98806380197989 -3.5470617996018894 -4.411770670091525 -4.3900089406094285 -4.933370352999858 -5.356154839969989 0.08401790321039102 1.3567446320079153 1.83543261824773 2.713614770598395 4.2281358022978175 5.599515502464868 6.034815705860072 6.3140341809439 5.7047052822785504 4.010341053849806 5.105108430086063 -0.5933001568575226 -1.0349102954227039 0.0856230797531303 -0.014301786736441504 -0.10144908471145661 3.0252006509290412 5.784268398987749 6.003820652339154 5.131918032539561 7.973529695400897 3.586200437128764 -1.2035341358705158 -5.132441482275469 -7.9125787797341705 -6.635074904479351 -7.352503129385638 -6.22185698165411 -4.0544457870706605 -1.274920755037068 -2.6396828434072974 -3.052550903874069 -5.984848223066832 -3.3523836793275876 -4.317861235533422 -5.125778975203519 -5.455885960118533 -0.4420643851096079 0.165945441120443 0.2956229963653647 1.0771059846158368 3.160391495584126 5.312750735709743 7.17738450925393 7.710095693688549 5.083774216050243 2.3349909714752872 2.5074367585475903 4.73856653334758 -0.5160836982271663 -1.022699123715353 -1.720421609099312 -1.61260207142319 1.5001569097653726 4.814595731831865 5.733297167174712 1.4495393173103945 3.0836940981118723 -1.6207647141500867 0.9037403272694 -7.887163788926409 -8.4671497233133 -7.333823124792801 -7.058137362483845 -6.499377882771372 -7.062760013548953 -3.2837049295101823 -0.7724990848130283 -3.4518933093222293 -3.015286142552018 -3.8115338894204913 -4.829193060796719 -4.881624461056488 -5.484382967623361 -0.8121712486598658 -0.7661640020815508 -1.0005674787844907 -0.7555734961270711 0.6637282101299741 2.798843213677747 6.811777033698923 3.160269741702501 2.091473553740802 4.236257236329077 0.43318028405808556 -0.2508292137068252 2.609296824256594 0.3525576389102057 -1.4942596518632376 -1.9423912777061467 -0.23712275608282746 1.9469079341384135 1.3374165149834825 -2.3354353999223134 -1.167501256106682 -2.275059975515579 -6.03490962744523 -6.9459817005438715 -8.388956724347102 -7.375603629235442 -6.053244851991062 -4.763337413780424 -4.804066940345881 -3.4387769096638316 0.47677932820192653 -3.196817779085208 -2.02144191973793 -6.563099886121815 -3.3580959729292683 -3.9743533587388034 -5.385478262794608 -0.9529585190637846 -1.1874356140451077 -1.6326098304598413 -2.2581460124239983 -3.004372435836758 -2.0682027539953083 5.86160074749192 3.6606120501992794 2.5793758145669266 3.9137610811996972 2.111949406773986 0.020743875406592296 -0.8396358948020656 1.5257280108179225 -1.0814418847454574 -1.906166500482447 -1.6608166186917857 0.5247301882903227 -1.7291622056964915 -5.267512313049431 -2.8142696858968708 -4.095950546866535 -7.699019469181462 -9.640500844922556 -8.391087748202336 -6.421941983956536 -4.274241495807157 -2.6089501670643136 -1.731690630876388 0.5315231784989369 -1.3225260314545952 -1.2355421106341666 1.2477344112152813 -5.721224080176632 -2.101597469690234 -3.5692355090330374 -5.08100541331366 -0.8749500999696337 -0.8560161247986491 -0.9561866435986801 -1.8780305056953137 -3.3880058304814944 -2.433251174913505 -6.604789711691449 4.362034060908209 2.8176641058674776 0.5493893011670486 1.2315531276779865 1.6690793124189371 -0.5850121182259276 -0.9463967478088452 -2.096674171639752 -2.5117371280129186 -3.814830618615364 -5.606806232215687 -5.673826690305677 -3.3921559926207774 -4.307477133511075 -8.447254658701057 -7.2800099633898085 -8.39481747505252 -6.959609308637694 -4.634506714453608 -2.250826492859308 -0.4282731613561785 0.4773548439838103 -0.4084738446213985 -2.486168249969306 1.4299049591369994 -1.719495795383461 -5.8121487526365625 -2.014406674951311 -3.15334647244897 -4.778048740136099 -0.6367952708934573 0.002300528872064072 0.6355682165649856 0.7511227713507407 0.1894156463718686 0.6341044363301661 -1.5055592782627099 -1.731963697405854 0.44990193096128217 -0.7898519311800349 -1.1389212292143691 -1.4477604606688073 -1.6298435788745667 -2.2592168692881995 -2.59802138687106 -2.385219699767374 -4.75696256103325 -4.77739081724829 -4.303614317394373 -4.175274344635275 -7.294208973419034 -8.019542797657333 -7.034933710361984 -6.1464045412452295 -4.358684096827997 -2.2203999422981564 -0.34266576385989483 1.2966182385387617 4.409185264708274 0.19172886403842382 0.6368037018831463 0.6354372640086546 -3.6283031853597913 -1.1726402945875458 -2.149332347561235 -2.9705772756679067 -4.568277920590854 -0.38147957518284276 0.5136307217355403 1.2754433055684413 2.183083857091404 0.19081276329943064 -0.426455762708408 -0.5865873712614578 -0.889253809779449 -0.04139809362786578 1.855321393121735 2.208584161121264 -0.5538896058397123 -2.456837277181673 -3.5551360752479804 -2.3014696826473573 -2.035551287210319 -5.03596794998216 -4.118876318601941 -6.9889113334875015 -6.220331758377249 -9.362992482094432 -8.086743065848626 -6.61019455409462 -4.092949564703069 -1.1851149634934524 0.671249241314471 1.4069624196200157 2.606507048264272 1.9141771715366847 0.8058934669066997 3.8761827460093063 -1.8367670812568906 -3.652094596554309 1.5995850595286323 -1.5980712694488992 -2.6199950815051256 -4.410183437305708 -0.19860030239784604 0.4861321368060828 0.6349147312846756 1.437114581348272 -0.12512232654271455 -0.92329293086275 0.4192120505127599 0.6670066114837391 -3.5003039526375375 -6.218889754907226 -1.7139449313656308 -0.9704538580019302 -2.646560825600417 -3.91071707395127 -0.7900738710706314 -4.285509268561113 -0.8757714498718087 -6.380698439426546 -3.944824853454828 -5.401530026153363 -8.550452903480835 -8.63597947539119 -6.340930026421745 -2.132135737272586 2.0202935791746413 3.1585705196393783 2.3045892581817182 2.400071741531868 -1.17714139835556 -0.3284662985547475 4.682718116008944 -2.2844152625372596 -1.0151334706827133 1.6240090488683485 -0.9776997946413474 -2.3229857120719886 -4.242347707074919 -0.1629112592806477 0.33887791780951265 -0.002617156239901849 1.133014128244091 0.8706040600713015 -4.182728281789859 -0.48201062977382486 -5.336641461620224 -5.705184440967193 -0.4581834346821012 -2.0696586952011256 -1.6799794389437341 -2.674093775622383 -5.714229252282141 -1.1899683294532353 -2.9804837461653686 -0.6035536042371866 -8.468187481685712 -1.8082408868327127 -1.4548877381802507 -8.942855286282011 -8.257369603789902 -4.909244922240828 0.4042788796902408 4.385637620357403 5.758419750246539 3.4185174994455325 -0.14236625537835057 2.5629903869208555 4.40475067714366 -0.04174233203196421 -3.0282363539034267 1.277608059801847 0.6996722385785163 -0.8378019490219003 -2.1097523653020307 -3.9288399030545706 -0.2894544089005802 0.14043668134912302 -0.16391058704148126 -2.3564872966623307 -2.403791061262032 -1.7241753171630534 -2.788448384597079 -3.1538937826556768 -3.1891522397639425 -3.0796303507187273 -3.3583413170922345 -2.6161225109187227 -3.3837556506757664 -3.4191101555742467 -1.5872954626151523 -1.789945210068376 -3.2936322312594117 -5.133359776145179 -2.768775192305348 -2.6397573705558575 -3.0362295502397454 -2.78124568807725 -1.2639808725459025 2.669584187731129 4.492297539540997 3.999095170096527 2.793247391427028 4.150946409497663 2.9898472947167307 1.34261433693644 0.0026741224838000206 0.9528179350435377 -0.11622074183066632 -0.4773587550157559 -1.1491403123378976 -1.947868887445694 -3.4593277264310798 -0.5217893581360443 -0.40733965035434805 -0.04229353304515454 -1.1615960142985498 -2.138977052734428 -5.215640840689031 -1.9233733173813141 -2.658563978537879 -4.408985712520387 -4.701243589500939 -4.328986844319891 -3.5806975531604315 -3.449518603896706 -0.1008872173858637 -2.89308457927108 -3.3745175662969777 -2.1169281400893 -5.912187292542021 -2.831243376171122 -1.7421339217764273 -1.654000873529853 -1.0656271539333213 3.1040117667019453 2.536179807231634 2.750914609553792 2.207569656573865 0.6469729609703186 1.6301876882542976 0.8906727420534087 2.0382376211458664 3.021383854974532 0.8344736035290827 -0.5282622319477523 -0.5500891626256207 -1.0225838551366235 -1.557838465765439 -2.930929639769199 -0.8365996926075588 -1.3423163791496544 -1.617434901065489 -2.253853334167955 -6.096252291479653 -9.669396552342281 -5.716727824226865 -5.318647832919596 -5.039013814187199 -5.391863931234298 -5.1391479071561 -4.436379563002904 -3.6485561362497183 -0.8095957852193695 -2.8361509929952287 -4.6426733845655015 -1.4853141238134562 -3.348841973240458 -1.33067192457114 0.3437991553659107 -2.199599827992252 -2.3630510025376896 2.5508410617218136 3.030447873286204 2.7576639863480543 2.226111896154329 0.7641658676426777 0.8447798499885004 3.334546580582532 3.5070155796272595 2.015949823074276 0.8967655796080158 0.3817703866410891 0.1665789967904389 -0.343633250520326 -0.9312786074827104 -2.4180934284139384 -1.263879105616416 -2.4075755297472874 -3.351392749902443 -5.132246286578473 -7.271871679979059 -8.516530987926162 -7.274267888352433 -5.847570125533056 -5.777977564861113 -6.065024690764397 -5.817836991761652 -5.264108785512035 -4.687132021941024 -5.066736270572468 -7.661187304069292 -5.911271065620194 -1.7374557547949523 -1.6291093505039653 -3.7434974721323053 -3.422375361448206 -2.4238206835980236 -0.41012803929365765 1.9854711362611956 3.542105155117158 2.1125312026893 1.3895748615176355 1.282209340254453 1.811041874557322 2.1296327663503187 2.349104309065877 2.351712402687032 1.9575709882679393 1.4360314624029678 0.8773229352407063 0.2157236426184492 -0.3678173305713772 -1.9662543405304374 -1.689648531774347 -3.3094709100415365 -4.275110211988711 -5.583571377245996 -7.0582580269523705 -7.993998592619882 -7.5933762779325775 -6.826089259247894 -6.655141027257794 -6.64742537297282 -6.369362566321635 -6.015816730065744 -5.782720387670509 -5.649657876229363 -5.622411180594375 -4.840412686365105 -3.121363069358515 -2.138098277199464 -2.6903809737345545 -2.5463074267102006 -1.0986652869876623 1.380944796861956 2.5659187684132965 2.9673141985381783 1.557689702234651 1.4028335392751776 1.8581764247087784 2.2329698616780074 2.47089696299196 2.5717708041064804 2.518698698904059 2.272970729248692 1.8099525131904801 1.2336167236341002 0.5762954060482522 -0.030285092801671645 -1.7028670724178039 -1.9415104844897302 -3.826912205800782 -4.64323168362587 -5.505155594297048 -6.1403019260003155 -6.556682176217508 -6.662702433565953 -6.554258002402801 -6.320143828961294 -6.026549121964262 -5.739125487345715 -5.528711722991869 -5.466151058876204 -5.283159466267482 -4.711420852942395 -3.8827091985718885 -2.9278489304514563 -2.042320756781728 -1.4208795059180728 -0.7162421730365848 0.40978313900166696 1.5325898560020164 2.182231664615663 2.5353398141066132 2.791632403692889 3.0300252245000414 3.256237949529345 3.358875244681886 3.2331121163829533 3.012856668151359 2.8314523232807103 2.5977832221628434 2.2151310015217027 1.7350888497846704 1.1300711657847768 0.556543902747006 -0.9324812115098324 -0.6666740857997939 -1.056199320186214 -1.1729640890015782 -1.297051528601181 -1.416154961740556 -1.532261799626607 -1.6263772191961792 -1.705518112491276 -1.7751985316954446 -1.8206057517979828 -1.8268153698384664 -1.77542843325129 -1.6480414813373123 -1.437612202035275 -1.1370961332608984 -0.7501048961855623 -0.28026538134081186 0.25509112061691686 0.8386312299383666 1.4382160098228818 2.021710111353158 2.5739643183459804 3.079837837715414 3.5391414187000882 3.9517112900061817 4.311581308091471 4.612768674140184 4.834447944721307 4.955805187787292 4.976246447277098 4.8948352975212845 4.710567970082866 4.41772523089383 4.081426820052844 3.7013454985598084 3.3321759487427154 2.117185699287255 -0.9848576748467899 -1.363872924619439 -1.4543659648001621 -1.535496944515108 -1.5993098856796872 -1.6545456372049536 -1.689345803766991 -1.7250578931855225 -1.7815866257449746 -1.8725473127316683 -2.01142892050919 -2.1136134939633093 -2.094473660124927 -1.940359169148242 -1.6375516516847497 -1.2023556153846287 -0.6511614497888969 0.005448554260203039 0.7569695410955894 1.5252393461065608 2.2320804984992337 2.8644177106183157 3.4091897694682545 3.9220553114269925 4.459083579286375 5.00519004728362 5.545044877225987 6.012078410620336 6.339634280698329 6.509817147871523 6.504231133570618 6.314082100503495 5.924081359546431 5.430443705141229 4.837989905268964 4.265994119421889 2.5598344533496986 -1.0754062916036962 -1.4008101987022532 -1.4621313574416839 -1.506273707117923 -1.5318364016560382 -1.549883551279109 -1.5536534142817608 -1.5623717223078715 -1.5940851309845883 -1.6931153650985409 -1.9035362042850235 -2.0972324225874392 -2.145695296575865 -2.029940917818328 -1.731021455783554 -1.2907859676082005 -0.7502331412217996 -0.08969266008242988 0.7106476254645002 1.5402920674603813 2.2887450801919154 2.932921519821808 3.4498832916311417 3.9123032158798194 4.392826954377418 4.914857430915782 5.501808841657349 6.048101857586323 6.448213851308391 6.672577476208314 6.691389438399299 6.498120675009763 6.079855066560358 5.540476220069656 4.88931415682435 4.2671829813545346 2.4943764037312195 -1.2294460868978927 -1.4676373922749075 -1.479542841507035 -1.4658256900620295 -1.4417224810513567 -1.4195259572557568 -1.3981883623046059 -1.3818860460805806 -1.3739395280207571 -1.4472181714699148 -1.6755123866650454 -1.894862650749016 -1.9394037188668862 -1.7958599813481924 -1.4532089814251188 -1.0034411862224966 -0.5357765792462134 0.06717178854045748 0.9222381939481532 1.8764518475012257 2.7768008406333964 3.552685616048534 4.1338803006915406 4.532945498783496 4.7644545177937205 5.02956770699554 5.530867521389291 6.093447499366652 6.5410844618910655 6.8065495940452845 6.823347005330124 6.591418325114572 6.104665110546366 5.485632306059232 4.762969172534269 4.094447247770567 2.325746576111244 -1.4041126530657309 -1.5302995690363437 -1.4796591766753975 -1.3971554712686165 -1.3230509716306922 -1.2680259388311361 -1.2351645171612762 -1.21829102135852 -1.2108544515172055 -1.1854139657727583 -1.0040127326157144 -1.6079992670415186 -1.6650644672533692 -1.2996781716580725 -0.784653499985181 -0.27070930086543815 0.018052280383722093 0.5116041293498588 1.4116273493144444 2.5440385195849187 3.744896851391728 4.820221628783025 5.576518155524728 5.837524747854276 5.435563025606357 5.036197919810669 5.304726789004328 5.859113689487611 6.315142315950451 6.578196288499666 6.555918553717683 6.268330955508591 5.730790032654503 5.060557670677014 4.2905239165626226 3.6017435500032375 1.9861270117796541 -1.6014654352318767 -1.6029165386598412 -1.4831400256463132 -1.3267970823040054 -1.2039266587668982 -1.120846189786493 -1.0847465872353343 -1.1417023880695785 -1.352212945906383 -1.1787459581071855 1.1634282985446998 -1.9556361580869193 -3.484697396492145 -3.0488208429915336 -1.4970794076657499 0.7442318945292351 0.7666745360142134 0.9649336337501191 1.875564437935243 3.2309975542413487 5.081893075520984 6.820437744499678 7.8625498210531815 7.7790208359323305 6.276818185662561 4.636405830744608 4.459462660761183 5.0254059111503855 5.559946911010923 5.81590298056163 5.829115454941522 5.520445560161023 5.099605528617614 4.514284968686223 3.6737553044677607 2.8958356000927763 1.4985063049017477 -1.8194134312899786 -1.7153990990351762 -1.5368642439133748 -1.3127970751090945 -1.1331240442401094 -0.9946084247302474 -0.9003724484555015 -1.028051114249538 -1.5897436694217204 -2.230919809677194 -2.4170651960280503 -0.38873166032257006 1.6081388769810703 -1.2399612633355985 -2.813945546165029 0.45491303565604285 0.9458977667904913 1.407039739234837 2.5038038795353934 4.210663157876458 6.719963760829838 9.103747177876206 10.325834536386258 10.018022907329211 6.156562544639626 4.0532305394535495 4.5553872422157715 3.680976987695693 4.6875542432283615 5.64921654826613 6.368180793007486 4.8282395553167 5.249954760416819 3.4744260351450285 2.911061490868682 2.1136934960657094 0.9748674447457208 -2.0770131214380636 -1.9519772945889238 -1.7560714513137314 -1.4871376343700649 -1.2177228940336664 -0.9059982213639277 -0.5221838044657713 -0.4414169091604688 -1.1487076081569703 -1.2403396279232708 0.21887529017703677 -0.9892517760660631 -1.6194726550985723 -1.8809184586735936 -0.9035825055092656 -0.5558397360193799 0.03657899418644639 1.9013948465102843 4.394744648300175 6.621482849339624 7.2075088816731165 8.813870140791597 10.556049090143398 8.768159077795895 1.2988003518546014 0.5670944594085008 2.428489417848097 2.431232115475615 3.9158084392691266 5.391430889175301 2.0750817783495816 -0.30127675931760267 5.738362524122436 2.145156418453235 1.9979408831399885 1.6150666605849315 0.731948088463399 -2.3643484180439156 -2.3225814044802013 -2.166972375557863 -1.8860298680272365 -1.481443511443497 -0.8903624033016498 -0.03929269546757428 0.6830570241257855 0.12433259285553684 -1.4425912386622353 1.035421279982067 0.3528236335399743 0.03443216735338798 -2.858391469681009 -2.6170998227543287 -3.3467853504438043 -0.8247216229681623 2.122893504793239 6.307929662700644 9.432698081031436 7.818050075713637 9.088088696811438 11.276603773648462 9.52643556122701 2.9864328014819637 -0.5129232924195603 0.7188291970042813 2.798553077979012 3.16890229450315 3.125972441842371 2.5692245376393252 -2.4940603587146986 -0.759760211365255 0.25477899627875655 1.338655406242069 1.6367057322271341 0.7759682602797952 -2.655089611004141 -2.79849894700212 -2.758236766079289 -2.502932004194214 -1.8784080670288041 -1.0007091591891708 0.08305551026109896 1.0880034902317335 2.4736360662703256 0.9439927061495174 2.7834870814072876 2.789841400921459 2.944781291421387 2.185642217265546 0.11214926896081107 -1.1665148725042553 -0.553883580039796 1.8411811605433326 6.336483416312043 12.438842390007359 12.404518576604946 6.490791262281659 1.978326922377479 1.6282371153057895 0.4044778391869799 -2.332011874458564 -0.43150719773666857 2.122325222207476 3.2534604617550205 2.404648351304582 0.6872049429071235 0.6109357673554943 0.06646668539370065 -1.8101906818316629 0.034120935244156964 2.5527239459095346 0.8542391665270125 -2.8967079250446344 -3.2704100325841803 -3.3914430995551905 -3.1996201627339733 -2.355399941519166 -1.229246180999296 1.2753790132094356 3.7793059472467254 -0.21884771399723552 -0.9009349598966795 -2.3195080623262285 -0.720830756277861 1.7377038152955508 2.716698443731304 1.9114796479557454 -0.17536371859976038 0.04195475205209398 0.47070911038351304 2.0797746130024706 9.194948672779052 10.103865732596976 0.22123937134909938 -3.642881479554722 -9.59189281980646 -5.28780409895073 -3.5618961471053447 -0.905595453089729 1.4660577519587412 2.64699043620324 2.625188002380617 2.2523319252446066 -0.2836121234359254 -0.6512905947438942 -0.5689955194266562 0.036143938053770974 2.4924936989313067 0.7834921866567437 -2.9859433154149873 -3.5023077640423943 -3.7542785458873222 -3.695784727386255 -2.9101958983229035 -1.5018307032334444 0.5947495648361751 -0.29142994849676984 -0.4288575290637162 2.3328315109817783 2.82349415266772 4.73672682385426 1.0818710742425734 2.600582968003463 1.7218696153217048 0.1512182092829626 1.3593101433809611 2.414888459175655 3.6011264562960568 0.9650780917286448 1.7174532694715803 1.141315716300431 -5.147668667881804 -8.053601152316677 -6.161584363630003 -3.707668999371449 -1.0068650827765344 1.176264002906985 2.0920432516994607 0.7230446713187967 -1.1603463644162737 -1.875288919408914 -0.9462043937609285 -1.1134600837659288 -1.1762272164199434 0.9002746480390296 0.3695423562259784 -2.894745536434928 -3.3905453572430346 -3.6766252443430867 -3.822390137542356 -4.130858025617048 -1.7342355306017672 -0.8076344272310053 0.2784051019081612 1.3060193877630835 0.1580790401531489 1.7356131141003452 -0.0437268478167876 1.4907535146375623 1.9770509917917878 0.6532544026807684 0.9145830999397321 2.7187892516624346 6.614031519915971 2.384166081206645 -0.47233119995821754 3.026514516610722 -0.2364498515024329 -3.0040077574023174 -5.347874376756164 -4.3865644175833145 -2.689160706935956 -0.5166569226371449 1.3313664264964615 2.795337479918363 3.13045465923667 -0.2301260987527917 -1.2589312646175634 0.08659418572129395 -0.4471611638822545 -0.4868549763914971 0.016478600204534257 -0.17861469492187992 -2.638786134957888 -2.8690825226349794 -2.9622873969597676 -2.5049211938298215 -2.6344646755153285 -0.2862059567299361 -5.475294489524727 0.36723374331984987 2.7267414600692668 0.6721734567108517 1.8652902048707782 3.348337143832666 1.7167804484092828 4.63187792220998 1.8414794634534521 1.7755037575013062 3.123285274972251 4.960312316810385 -0.014327053183065328 1.3302333762568852 2.7539460337797017 -0.8833497572320963 0.03250938538656082 -1.438791587344521 -1.6378813370830543 -0.6494523360680516 0.8760365927894871 2.022020307132066 2.8236114863478727 1.6617654009056892 -0.007192180010097064 2.502512540770945 -0.9603822787335506 -0.7898568579772921 0.6316546823671016 -0.38083865741990225 -0.6005060587577308 -2.303358795315821 -2.1091117128698627 -1.86536068151245 -0.5129393593703182 -0.15940026627866347 -1.8097924607203912 -3.301148669094468 -3.820893918485218 1.2361764925977146 2.063527269801848 0.4834120695497796 2.4698725865400557 2.261147387526849 3.182499489565798 2.2970226295337777 3.0432450250558896 2.989076825982807 1.8578902083510813 1.1263163280435327 1.1320097809077105 -0.7337420768271957 1.7538146872107883 1.7157825260179373 1.025519324809781 1.1814142752685197 1.9128713232150043 2.7241905206166654 2.3202377642347405 3.5648734378660367 0.802809768217548 -0.4162751522164296 2.196644762250574 -2.0312705687781745 -0.6653381360903028 0.09457171939123922 -0.5164712730823455 -0.8715059001038163 -2.097178007298012 -1.640764472978819 -1.2570883286550938 -0.5163852121183283 -0.9750821274790521 -2.981781811888541 -1.9790874012648663 -2.8850183750603002 -2.8187787929452814 1.6983315995899015 3.3622232335723607 0.46454874234983984 1.2767160473423333 2.716382276537488 2.4451421025153404 2.363777038478511 4.062817324161831 1.8116692962728198 3.083362493915852 0.9522074115157476 1.452743869752254 3.25609537251329 3.5344464335674988 3.64541544987774 3.657409366384156 3.98548882150095 4.987637691494807 4.7015068260320065 2.4325942137917265 1.884888216658334 -0.3416333468260377 -1.05205346817275 -0.8651616130525217 0.4046248215673457 -0.20089983207812065 -0.7641588825961108 -1.166103568424186 -2.0681213522788817 -1.5646343941447654 -1.2241366543816652 -0.679323281089786 -1.0458305486175687 -3.0873116425488902 -1.5548759933887604 -3.265891925298322 0.30423657177409835 -0.8853911597863394 -0.4275895099997611 1.289906669094429 2.874044233885049 2.592423478146075 6.728520019412716 -0.09081529912491866 3.3527486032602853 3.8820785982376647 3.889705274518161 1.6225077050864025 3.7432286173114826 5.822495713458823 5.500088976367087 5.722854762974352 5.275416059581543 5.029123559734685 4.830468268602354 3.0527525202980557 -1.6796282985445268 -1.062369691644663 1.9232091947280259 -1.5756243307047426 -0.8252185496512702 -0.19930298237313682 -0.7731828122396099 -1.1887891854578019 -1.5337510560299639 -2.113926550377786 -1.581223932176181 -1.9778749871541716 -2.7315461876500016 -0.900951069632386 -0.864216198677772 -2.959163628505017 -3.1769648121096963 -1.1155184680728711 -0.051244367309181714 -0.1572759768973145 1.2378398643923623 2.132528865600002 -1.5758561990148967 5.637412464028015 1.8562274238791783 0.47265361107291004 3.350548983593609 5.019531023654687 3.6603317442532655 6.2713039060795905 6.153924035991449 5.803220659033084 6.499573032430155 5.874334160187274 4.898622017564201 2.137582698479854 -0.7961920799207768 3.858064786574612 3.8217685053434884 0.42734445394811726 -3.469437734894973 -1.7426726631251042 -1.253940126237032 -1.7365266808618314 -1.8672035968681704 -1.9775608768502635 -2.2176967040467455 -1.622505106438573 -1.8471616444681496 -2.6692664656500633 -4.855088809951878 -3.30973956057188 -1.3364776713650488 0.5518885384920608 1.8256603274403123 1.527214930257389 0.4053030186015502 0.603754598730203 1.6134145329911207 2.4805072645376263 2.411697551696337 2.0774704197021108 2.26300286953415 2.959646563223195 3.6675420544632664 4.502990650349903 4.8970006146301435 4.9891201931720035 5.575975955987082 7.26372772688288 7.280084390121772 3.8484136360595325 2.0333095105792367 4.269627070526425 2.5529176756579655 -2.289946891336418 -3.1492438531274938 -0.4652975790908992 -0.9453861656632215 -2.249704273190739 -2.577570360147966 -2.628478753266469 -2.440461728131223 -2.434312642831547 -1.843568453513208 -1.5735014720915044 -1.6850767783750777 -1.908921860057379 -1.3451817878259216 -0.3574195939226821 -2.8062052694973945 -0.6747227545444977 0.24802514222273764 -0.049382583974946666 -0.043268802611862174 0.6697266147734268 1.1179043305227767 2.3723002674743197 0.784677174887955 0.17196692398965088 4.307545758492205 3.8839422422144105 3.9195467118762477 4.424015461442997 4.30157467159928 5.819712297702992 4.203163912373797 6.262515418707515 4.269091131910059 3.0904279133709944 0.6293666547267625 -3.8930058237820964 0.3704558640348083 0.3746466178951705 -2.2496278592506385 -3.1408981732314527 -3.139496084811722 -3.1406675394623784 -3.19566710955383 -2.759321587559508 -2.7166025585619407 -2.255031564104637 -2.0413131461003076 -0.42072566120132343 -0.4523690280804792 -2.902803157430341 -1.4609798361524264 -3.0702741913912344 -1.1236072688587122 -0.42648796637293124 -0.4466411725163696 -0.4578005299075863 -0.4386373753912399 -1.555226262441699 1.5482885304592766 3.533076551810804 0.3059902014674651 2.225086127572595 3.257614394270346 4.260222779132278 3.772602829456105 2.0196673577015125 2.6981719474786967 1.5590196152231244 4.011135510908359 1.3797184110716452 -0.23766140523914253 1.6099518896558507 0.5574871272549612 1.9443349407042214 -1.1058881469116475 -3.0488663064985366 -3.4951676957846343 -3.5409323710488794 -3.60615913795266 -3.512218461880119 -2.8878218496173673 -2.848571959219725 -2.694595215095379 -2.525128313934731 -2.1024383858062907 -1.8779878479663408 -2.2259510109138367 -1.9945909948862588 -1.844645956843436 -1.3480262267701464 -0.8817925444356213 -0.70396614113288 -0.5843897167939599 -0.35400243784903956 0.5463004344092439 2.4400191359690733 3.761877915406376 3.1100149188748514 1.7860564040058762 1.3313630130584344 3.0637934895821206 3.3723475286503866 1.592953136351863 -0.393169314969598 0.6998178460082572 1.389124566474541 0.8286667778451708 1.1400524298333061 2.103432214929376 0.9616229575818117 -0.18147642500337563 -1.497959694650137 -2.630315101351394 -3.2921982831260537 -3.5498762489060076 -3.548179878659137 -3.387227363218524 -2.8059890055341232 -2.8827598276374715 -3.1022457706699127 -2.9819393176472784 -2.8059572732104123 -2.6716749943368874 -2.5275170794205937 -2.2946801200919325 -1.9603971885161489 -1.5052000487361357 -1.0637491543918638 -0.7701818265526488 -0.4752897387404003 -0.030068675754646387 0.7297031332249914 1.9398599650932435 2.8337805335773787 2.6857651656752117 2.0625343812004275 2.1317612270646102 2.3301792794942133 2.4467961137924155 1.917864494840728 0.8161014610561086 0.4179930693838975 0.730322797777674 1.522349827451147 1.5064918175059776 1.2140945713619888 0.4838184396882539 -0.4689059436070203 -1.460518791779253 -2.3087259508971756 -2.8452882677155484 -3.1108274478476434 -3.149623708275531 -3.068608867394522 -2.6721650185416563 -2.1533904586638237 -2.6782776167136393 -2.7926388441071017 -2.830147990672154 -2.725675573375876 -2.524065465953746 -2.241526132477397 -1.932943660824117 -1.6511461352218342 -1.3741794133248812 -1.0799495003551713 -0.7154473605415259 -0.22764504640621375 0.31933764190807273 0.8614199731914453 1.2956146468913747 1.5169438490538847 1.6363319844646251 1.7644062127647575 1.8729217548600765 1.9574797744008496 1.869492260527777 1.4813945056142512 1.1630584601460296 1.2412527666895528 1.407350126255418 1.379925451986039 1.1489663137382797 0.6833128195317423 0.13366789445024788 -0.34901798047727023 -0.7630855349819152 -1.107309874302954 -1.3862919826871918 -1.6083586829334535 -1.7487340455859384 -1.8328187811856975)
(UseCyclicTransform "false")
(UseDirectionCosines "true")
