(BSplineTransformSplineOrder 3)
(CompressResultImage "false")
(DefaultPixelValue 0)
(Direction 1 0 0 1)
(FinalBSplineInterpolationOrder 3)
(FixedImageDimension 2)
(FixedInternalImagePixelType "float")
(GridDirection 1 0 0 1)
(GridIndex 0 0)
(GridOrigin -95.1749281381069 -124.67133900142876)
(GridSize 31 25)
(GridSpacing 80.32822508017047 80.56379852148054)
(HowToCombineTransforms "Compose")
(Index 0 0)
(InitialTransformParameterFileName "")
(MovingImageDimension 2)
(MovingInternalImagePixelType "float")
(NumberOfParameters 1550)
(Origin 0 0)
(ResampleInterpolator "FinalBSplineInterpolator")
(Resampler "DefaultResampler")
(ResultImageFormat "tif")
(ResultImagePixelType "unsigned short")
(Size 2213 1690)
(Spacing 1 1)
(Transform "RecursiveBSplineTransform")
(TransformParameters -1.7021560919558707 -2.7163843767466958 -2.787031094620925 -2.770121131044153 -2.734234563009552 -2.7530606177375936 -2.8437537651432834 -2.944698110756991 -2.990198494124059 -3.0096622970765305 -3.0322655975313135 -2.9460558778005326 -2.6390295159677946 -2.1702683468735855 -1.5988337553551637 -1.0110337518581713 -0.4931926552765616 -0.1687909462237826 -0.1613209430620733 -0.3628169225079892 -0.6652809807550498 -0.8064308151290306 -0.524022308735943 -0.04394805183441755 0.4078586134197395 0.7927228222034668 1.0709709787066959 1.217362094200707 1.193346552243229 1.0989493672775115 0.8477801955162049 -2.453804822582737 -4.0806041247667215 -3.8277823757866627 -3.2624063704254804 -2.64765158315348 -2.3499371797756985 -2.634453869419125 -3.1120003130632896 -3.3928190584590485 -3.636250085689951 -3.9895077663555307 -4.088218774452119 -3.5516831155504995 -2.6471149819270403 -1.6500822886591633 -0.7948883089600922 -0.3193405598975885 -0.1831709200574918 -0.3476748624253149 -0.7800214801095413 -1.4437821340736297 -1.7702906435689048 -1.1665668947000676 -0.17179922265149536 0.7172484877155638 1.3499397203772514 1.572697262785369 1.5106191198795251 1.3847758394025902 1.2866098328264441 1.3117328087366444 -2.8027334646556232 -4.9590207915401106 -4.562304100120828 -3.279220269408757 -2.0473207748897058 -1.498696131002544 -2.602916943164296 -3.82023655229411 -3.4882535805070334 -3.75801598127946 -4.503756879154393 -4.672832059389214 -4.030034871242077 -2.1972860464842436 -0.9485165760005129 -0.1444133775462898 -0.27938374487023077 -0.6837245288010527 -0.9132688769639029 -1.308150795346728 -1.8379133465460085 -2.0829670907529714 -0.32876499692495587 0.002517901562502491 1.1480955485226154 1.851599303209434 2.403547467279355 1.5942229144531865 0.7005097664817368 0.542697763786812 1.2230701295572628 -2.6813102237967272 -5.1147642982767785 -5.0543641185073 -2.5321377536959377 -1.258194563065183 0.7639064180343073 -0.8157158183672868 -4.54431132867399 -2.020393046760197 -3.2946825403257054 -5.662651132138636 -4.871558567063473 -4.315021487976063 -2.1653061483316027 -1.630733236734523 -0.2626932095082072 -0.5312940277867 -0.47699245296587833 0.10295891670274666 -1.2967275062438492 -0.9003367209747397 -0.49745906189113237 -0.42085704828775883 -2.2313610109474347 1.086020956378276 0.6694491021132443 0.7872956218324942 1.4567722300835506 1.571633775050146 0.00329317673874977 1.2225376779092105 -1.4712050364898581 -3.1522560325376086 -4.300036045809464 -4.321204151342533 -5.259042362941711 -2.717818781195271 -1.1943733846869338 -3.5337205180890106 0.06512904299432051 -4.043756644866115 -6.407796332274386 -3.0652942192081967 -1.6712172817675865 -2.4560908123600016 -5.074959262067472 -0.6971907943147211 -1.2795367583620416 0.7622876107420284 0.3393816590184973 -0.9018140339184256 1.76667955530806 0.6901186592404313 -1.0359243960189377 0.028966398122429977 1.0024556162726994 1.920340546748648 2.654801965180037 0.29849682571427877 1.8126851630067624 0.6855563850092387 1.579112771500938 0.31165782539176534 0.8098533711186877 1.3734432877904992 -2.8108390966575834 -3.0737816249576646 -0.7425522230466087 0.05343722049294373 -2.383043290240999 -0.9895576809821403 -2.368392083779112 -3.8906560234112426 -0.30904058363418796 -2.737100252688108 -4.292785474403467 -5.8122066280107045 -1.7543241114409924 -1.2097982986663331 0.2919221672795476 -1.1356938978952302 0.29202061625850306 0.42889510691900024 -1.2379100769822018 -2.05847407392231 -0.9498562226229547 0.044860281511324006 1.2091116158508592 2.114943688540427 2.267386875979784 0.7842033929916268 2.07588691127165 2.2200051996636483 2.189459863504952 3.7614696101619955 4.561118524257103 -1.5545795555632085 -0.7537351330146931 1.5741577052884457 0.2693716417512523 0.3085682887427796 0.3219091198659723 -0.3493976970084513 -2.7990610554691298 -0.016555325396063393 -2.7479530710567612 -2.6397918064004906 -0.19594250205620714 -3.6783419732643803 0.34787705929715595 -0.31131889124985035 -0.4391161391546152 -0.38490562483630036 -0.9678840318146278 -1.9477317429164471 -0.144214965169992 0.4483352285359609 -0.16045283454683842 0.3530921545325139 1.0763449954304298 1.2018360716071637 2.1414413135215717 3.946378579687882 3.0490758944799414 4.018459903327749 5.453556982394649 3.0969538806868635 -0.09748048366399424 3.145177958974511 0.988799889361858 1.8872626934670276 2.0812491258722687 -0.27444649836140245 -0.07070462810553119 -1.0812849870895833 -0.29959264351476805 -2.8545488206293683 -1.0845686932809477 -0.10793003653765058 -3.0526474322116326 1.929811434651474 -0.8282231812932066 -0.9743770603412625 -2.3748366680482125 1.097249648501179 -1.7993874676350852 0.36873567181134737 -0.03048893741882144 0.7852058111258458 2.006919856942009 1.7299348864040205 2.1316834900026467 3.7553167923972457 5.490822146054951 3.949125559720721 5.6590782258020855 7.540603489212198 5.428779780528759 3.781916878194919 3.49566414427122 2.8863957430142118 2.318999501409248 1.1457018714841292 1.7041839882197383 0.5547975214087935 0.7244772813559434 2.8199995343260276 -2.1269280701402873 0.3256946439204166 1.4228288233448985 1.0423569655726337 -0.004543494170430485 -1.3016219326357366 3.1836122940097873 -3.1693164384938175 -1.0724474023865704 0.6429921178888139 1.5947966859976823 -0.07380901560683178 0.9641675413186632 1.076438249935076 0.15606892568208858 1.856144036262726 3.521767182791901 6.420695107169982 4.796458979091181 6.810039957980639 9.079426202675215 6.275886157509012 2.155377389214456 2.4645414189920447 3.5606819088618407 2.7417673256308217 2.511590697605051 4.872358153061171 3.5234915463543444 0.6853667191649039 3.2323691645921744 0.44688456365329293 1.3419317961730777 0.22412497765442901 -0.2144593128624436 0.5403872223456588 -0.05021342648677032 1.4864197397239982 -1.986258590883255 -0.9180954559626627 -0.382633472839394 -0.6332732321617958 0.7387427817336444 -0.210938866133689 0.5945016441420052 1.1940983852990021 1.5238931119727097 2.344263721865414 6.250213013806037 5.04220903958277 7.17007737839835 9.806061185835699 8.723725217949164 4.080187337450225 5.323722983020304 5.822465939592984 4.036083903051054 5.763906584949149 4.131700450720595 2.8613712307072547 1.881981589282707 2.009822125640349 1.9253314812997164 2.7093176889404686 0.0035700107169216967 0.6621446224249877 0.9088303853185035 0.768510239377072 1.3694015783739653 1.1437772569309383 0.09842541917820861 -1.4140474074329956 -1.2723618494509632 0.3797682918820936 1.0932537355782752 2.2980271296212744 1.2786360868538578 1.271543435097538 1.749331288120283 4.426251104499522 4.136292726710958 7.203224039703171 9.633801305151623 8.29527324452795 5.742821307368383 6.396623210405068 5.934399698412499 3.2754318258758857 5.238651770496612 2.5648354175268855 2.447667018833571 3.7102934608407128 2.3480512499748865 2.8196800900988888 3.118740756515965 1.6648456920868209 2.119469823403575 2.7648209017097343 1.0599019840086539 0.9382374697194471 0.4153662767326877 -1.6272706960617007 -1.7394081643088009 0.6083338381067309 0.2693286713033021 0.44765375848742095 1.1096636785400658 3.0727033578371934 1.1450738661693844 0.5495053926373497 2.562297698203996 2.9577931388000485 7.373706530566049 9.877223637149397 9.508740533786474 8.02474448521337 7.729650090132999 8.121123311448923 5.866038655248151 6.630989518089818 6.093622844679309 6.39472913035421 5.349380700894278 4.127550145999818 3.9625641732205 2.921424511119575 3.3059895068462644 3.4688670397171704 1.8443671434101556 -0.5368659281581548 0.17304609946572555 1.2034638471799703 -0.11803145557719154 -2.031718851556112 -0.8099869647432945 0.08969229439305332 2.137568548027723 -0.4037253662847062 0.23259935829763537 1.4619944463554795 1.9743325836234438 1.8412544741949775 2.3702536174007154 7.613845992834685 10.341120654077523 10.437145872401539 9.396296975985793 9.419117320618058 8.719208922573447 8.153024831658175 8.37609018927043 7.8832746995233265 7.106447896110031 5.782227336162106 5.460072487168706 5.7614815616745405 3.159990645559284 2.953855515925437 1.1736563843276113 2.333937877338085 2.1188814929071267 0.8096454864131097 1.8216074056882698 2.5212364845418436 2.0968900564628705 0.26353218153354685 -1.4071701493708628 -0.4310008242351257 -0.5034754780644892 -0.3217492085052156 2.5111271901369134 1.15785282279873 1.1427920576835258 2.03191404008719 7.855785659875293 10.67912392396826 11.222591808871718 10.456098427432329 10.487084410329723 10.040692055519441 9.196429707665951 8.663217154771225 8.514122772461207 6.546333720032238 6.241145265901196 4.509562119679817 5.819549188989547 3.9029527913086777 4.201410940955999 4.572329050435439 5.299158800543292 3.2876373136516066 0.32169486115714646 -0.04499471695409913 1.2589010043928004 0.5699775207092133 -1.9053210335996564 0.36639648843990863 1.7837857724721027 -0.597885052295295 -0.46841112922535655 1.1079233121374226 -0.0846240892098665 1.1832535706401157 1.5995619228196776 8.04329800886609 10.917279114559063 11.321276086730027 11.611136102702167 10.778414970512166 11.755735290622935 10.876663554416204 9.134421183491886 9.292445949067021 7.7750051413515155 7.7746251373006565 7.713521861810445 7.214648359278588 5.594298006494693 5.718915801531373 4.525332234535112 2.620475612650812 3.2527130701082094 1.8672806720219595 0.9716855113648314 1.949848943430661 1.1654905054112221 -0.5937182785074349 -0.33236934884549196 -0.0520878247956052 0.13966358507011897 0.4928861006788776 -1.2590313323921831 -1.0269118102900874 0.7037580719274825 1.0918736963755264 8.120165498081441 11.462421501875086 11.399823747679337 11.37183948855405 12.272201578420857 12.004660591724237 10.314880394615656 9.87672590322042 9.666594403867258 7.8153172548861916 7.804445246208025 8.82792167399824 7.702696346440922 5.84852561022012 5.915625340535842 4.349049929056178 4.581014794221029 5.820076921890041 6.08420494722894 3.1415681784873435 2.3943567861089314 1.7894378281482728 0.8691714636692942 0.18039097470484228 -0.09137957067085044 -0.892979740703957 -0.40428265345855247 -1.0105816369014533 0.2902719871740929 0.5753193465655065 0.527827660527412 8.028530443509503 11.840871612431943 12.219267773391696 12.63916722224554 11.436420373031202 11.19085369188806 9.961814342223699 9.799852996445537 9.254514456812881 7.802556325922285 7.818033243467489 7.965001243864766 7.491789519434446 7.220291072928371 6.286905784366882 6.564276131199068 5.000604085703585 5.505937466040473 5.261565784361128 5.836201534859302 4.412175513558254 0.9968651365679523 -0.2764430864404879 0.8858619592690207 1.7361741143332217 1.2015238872197223 -0.7708506535148336 -0.26536058717990835 0.045896916349902755 0.08518583103351068 0.055317200313906176 7.709591248966184 11.929578934498373 13.504219653340257 15.19247284275869 13.253578170194753 12.94563118615857 12.91495997159705 10.645703026303064 10.264274681061634 10.159714222200726 9.706958932906824 7.3194992805400085 5.449382664330816 7.761135540034375 7.231430914360309 6.4718554078913275 5.932743607961691 6.1316214173254 4.787688502894256 4.37664175329572 2.5828485958192284 2.2457022776342104 1.4119162577405349 1.9002501800813305 -0.6929579067122352 -0.15282767370251388 0.2602261913648172 -0.1522270606240911 -0.4260929612656406 -0.17779101012576348 -0.19786234787435653 7.1252973452853965 11.384186384720424 13.114948740362525 14.23215172356348 13.285822913287896 14.583641751155515 13.906943110346933 12.18618759075486 10.413090958547121 12.864308286026807 10.772917180978022 9.35822018990516 8.429527232347576 7.818651198152152 7.38378345083489 6.598429134638123 6.119965099365096 6.930592713822497 7.513514897648238 3.904060516018318 1.9968805886337682 0.4055224160517209 0.9005102233854813 -0.24553618586411177 -0.8177798516822026 0.6528177588159859 1.2717104667860657 0.8725970598450905 0.14588842601892554 -0.1092580170414285 -0.2850634241854856 6.23128523199084 9.93766286919472 11.098953310234181 12.104668907864397 12.95882844077254 13.812664820667058 13.653523163053388 13.021806649021444 10.526256809414784 11.409397409817295 10.159561231688226 9.3915952106589 8.808544907994515 7.355017517136057 6.463975710555454 6.101607144304154 5.9717579308500754 6.805780900399076 6.0568328004510965 4.842348079309701 3.0378021776366633 0.8567027491542223 1.2252763646907134 1.3710683138985063 1.5992219832801782 1.6125107459250303 1.2935469711060676 0.8865815988705186 0.39888652082929765 0.013293487991528933 -0.263510958478308 5.268314024036923 8.231530994444451 9.146135231698219 10.118201773739738 11.054914006398594 11.699757249750993 11.603198339810401 11.150120942102355 10.703472861978739 10.264152042161612 9.511899721687998 8.632044500339726 7.862887235380865 7.102790938111452 6.272920095020321 5.75783532718274 5.871709209980387 5.99005949825124 5.49716316929607 4.5307119759542225 3.2508244210719517 2.2191291993877846 1.993577892671969 2.09262601382848 2.036878197996764 1.8131546435320123 1.4359657915991977 0.9769434812119805 0.4921999188039302 0.12252086849353473 -0.2076215197354681 4.38685237653709 6.765631522330201 7.497139377730985 8.2860412737755 9.052972505194239 9.608822345416991 9.641125733387723 9.409283571386345 9.16600630788015 8.838343924531522 8.346521367677363 7.757436459548862 7.137389614841883 6.50065649961766 5.863834972284588 5.4095727287141875 5.31847759674888 5.239271632076672 4.819319986709413 4.1106571093798205 3.164118787232344 2.346532593586289 2.028517442171872 1.9436251382261385 1.8245597481850213 1.6175523681388064 1.2677107008910402 0.8535175412935252 0.43826635891510546 0.12672914176007946 -0.18908237008624476 3.677325184421595 5.6363896390969686 6.2431249304803735 6.866824800766581 7.408445857245648 7.81972069372421 7.947609012238841 7.891166409965444 7.7423377733647625 7.490244478271157 7.123985950104423 6.69175346429561 6.241490479647724 5.807749794490276 5.425040925445483 5.1056808660531185 4.862064329677792 4.5605741097375505 4.0671392894469856 3.44876416161644 2.772987869247656 2.19357552568006 1.86433209396309 1.6713808779638197 1.5009226749683573 1.2953049516128985 0.9957502947516997 0.6593379140261968 0.330004380387255 0.0840490507970298 -0.18841478795282868 1.9734456671345404 2.975501606620952 3.2884014042727103 3.6076796056517844 3.8781119985552484 4.125183078592616 4.320463503837391 4.455938083135793 4.519738279365436 4.513125558852346 4.437067099463249 4.307970626572769 4.14222813949731 3.9598024274106476 3.7806485834175154 3.5725339911824903 3.303240129060652 2.978367411392219 2.603505652674802 2.213335307225713 1.8425526246785395 1.5035972029683178 1.208898008926769 0.9568560124814238 0.7458361020208621 0.5581970398780252 0.37577009463571504 0.21056229643583482 0.06734275966798772 -0.03493408413140495 -0.17823356838015905 0.026299587095511355 0.2794341783809464 0.26112787657403197 0.23222660616927854 0.2530451436309417 0.4027076526928572 0.7459072848507711 1.160778036185211 1.5243920310188788 1.7636773737082754 1.805539251268197 1.682735832718127 1.4279804208004894 1.225015131909434 1.257588747720059 1.5170722371118233 1.9948385259498431 2.780268069863839 3.962755161054474 5.182475199874755 6.079515399148521 6.732350687406569 7.219579282082294 7.618539886547221 8.006076077017877 8.069095387648277 7.488164402475325 6.681087091737561 5.9792040928634504 5.4086925455961765 3.7913269529932774 -0.8429532170131758 -0.7639427210829292 -0.9244105778551039 -0.9580663415256799 -0.567585421843789 0.02016965860411173 0.5682694424071854 1.2213423436751736 2.130326259677015 2.8405336075139194 2.918881149512503 2.5281513989917777 1.7975413956998854 1.1705754809881626 0.9994319069922935 1.0604782632810483 1.1367019067323898 1.8337640932638986 3.7638474928695316 5.789425217704435 6.703575465170601 7.148012456232136 7.892072459012153 8.881888248279948 10.136405068287866 10.787060764811256 9.933212161522082 8.601963581744187 7.841104759289212 7.370675540059214 5.307068971709027 -1.2360473381202417 -1.126999946531978 -1.1740321555428717 -1.758042340022636 -1.9481906932834598 -0.8106053152982732 0.4430611471929538 1.3962431395332664 2.534584387329217 4.0488053397264885 4.309192417309116 4.055834083824317 1.7228937099145654 1.1926704009541247 0.7587803678130199 0.7305315449886189 0.40028383963741926 0.6797270359453907 2.416267309395003 4.859487099499865 6.57491232281907 5.674709567898347 6.908970512149738 7.692453624015776 9.577930247567833 11.824295498984135 10.98886368711942 8.835797798004084 8.273671038451521 7.880104627210013 5.785430849558935 -1.7110531740193018 -1.5474986703323235 -0.6391273135544506 0.022426003201452115 -3.136789361753958 -1.932414919358651 -0.12973115806031132 0.9419682291175888 0.8009950545916225 3.4034844450211867 3.7692810271942006 3.1897723977969727 0.75896507965471 2.414412308971361 1.0510835411742014 0.25543476589665876 -0.741833912467255 -0.7722826938012864 1.8672853905751983 0.9847949058033594 2.5945050752919823 2.4504058495035728 3.4814521066116066 3.1860661832573203 4.879495214335201 6.805581437133131 7.872638578908891 7.607533479837044 9.009047159800499 8.476682664300585 6.204441803701664 -2.1884211427204 -2.236938769636525 -2.8587280126593684 -0.7648835187456818 0.3536493703933566 3.3857409755069714 4.045356167639018 1.259839305813652 1.48484511920816 3.681040057515486 -0.563605290726483 1.3533014853899639 -2.0917508598657957 0.052956703615522425 -0.10453184518325881 1.9316039088840824 1.1605285393810636 0.05462120871764172 -0.7305524034714163 1.5646981392307873 2.6369972330885476 1.6480300199723432 3.6680229648681837 5.070978121455949 6.690355029868351 3.195049616148298 6.440770658746216 6.4209365703316825 6.915094322354402 8.44705530002606 6.412606561942343 -2.6629612038733828 -2.684301254674856 -1.3096769478964994 -1.9935878677397167 -1.8905639007778607 -0.6194566259270194 1.4363288093282869 0.09763206486560894 1.0658428803153972 4.972598012322454 -3.2337566530328994 0.21741633081195322 -0.529825634805391 1.8422170238184779 -0.315979429461113 -1.2154369565258722 -1.253508849292334 -2.788868266212009 -1.8032385831894346 3.006395856111827 -0.058271257590448995 0.8771326353538947 3.594943100867957 4.638369521433907 4.42497857983155 6.259452997651 5.410222144307845 6.257090142176672 7.2211198658658935 8.22674140370919 6.478466809339051 -3.084034321334439 -3.0771320264722144 -3.013845210819242 -3.34125052177253 -1.3787837881345866 -0.7405123768384678 0.7757180713000811 -0.7030406640434166 0.9056360828917649 2.1848506324861594 -0.2418194945395297 1.1326371108176885 -0.1688031387291395 -0.03697548669148268 -0.9914432187691934 -0.7694811327643416 1.0081563485892722 -1.126786247387378 -1.512033092878698 -0.2692476545635556 1.8317902552175382 2.1928702689156525 1.2945490527227106 2.970636233496007 1.5612827418633244 4.200480338182802 4.615730675875834 6.187460181732142 7.798389395212715 7.936081488709883 6.36987973942445 -3.575858067163832 -3.569042513484739 -4.0447102089325915 -1.7405003030368702 -0.9527815274633217 -0.42135325026821285 -2.216102950069702 -1.6284477307223666 -0.738684994316142 -5.312888421141985 -3.0044789832687884 -1.835236801625781 -2.7542652226510165 -2.3036484294427906 -1.3341563230725324 -2.940859613680181 -2.161171244790073 -2.976794232036791 -1.4199262913872939 0.35148187544656545 -0.09449336790446523 0.049661001314282305 1.8091437567554525 2.3639791265229846 3.52846117219001 5.0056436361255505 5.442002394574736 5.74615872014201 7.016022921224052 7.282740103773746 6.094274588382666 -4.259667823219583 -4.740119684064409 -3.9202550485452043 -1.124479541096304 -2.1592274521723245 -1.340721427587562 -2.9721600906129617 -1.4929257672613014 -2.548165914638248 -4.766600675907363 -4.584186150834468 -2.382782705607703 0.05163844422638989 -1.8743376439797685 -1.9506980649404881 -2.284461938838186 -5.653041123952696 -3.812795457695648 -1.4840588616516417 -1.6398896674821568 -1.8299371642350082 2.860203683540017 0.5559646386948557 1.0788491748170776 3.194492569981545 3.2911421260527804 1.1497301131495243 5.0593236404915185 7.681767464771343 6.401810437968743 5.647817177749136 -4.947547922642839 -6.186991353733352 -5.639182211935511 -4.0768212870427085 -6.809951694620866 -7.262423900678342 -6.195068845768303 -4.189761861583419 -5.022698919454463 -3.8080521785827366 -4.849770874287858 -4.005475530064543 -2.9860560447097275 -4.423826135452058 -6.4455662268324465 -3.9559301874419277 -4.486728262745147 -2.861012951538779 -2.74088495712094 -2.0934778789706194 -1.222308478770029 2.9220651008979868 1.1238452737867637 -0.07590314671601386 1.9321442137811513 4.293214739014314 3.8046852739245303 4.2438915035916365 8.271955105203544 5.788545642565155 5.191361838245542 -5.451143139367661 -7.153588455496464 -7.422394150242877 -9.071100665953391 -7.0730840702198865 -5.889494321581001 -6.892909938179106 -7.466158658597636 -6.714920575903003 -7.030116581414208 -6.7102840041254055 -6.5532931589973265 -6.271425065059599 -7.11117433425215 -6.825080509855218 -5.747113491421487 -3.2410353813429116 -2.1405206757529465 -3.130653207742296 -4.057249724006562 -1.5690805574333833 -2.110770921307631 0.07237343148970467 1.5612745383735191 2.7944646461400904 1.7083103093094325 2.7101853505260345 4.468415501821679 5.310390530632483 5.169368287330491 4.88579682910184 -5.87187387394463 -7.811883081564868 -7.753247889637187 -9.557626856329644 -9.124112539992037 -7.731900225427011 -7.928697016232862 -7.32160161073567 -7.032571536143675 -7.940437083272767 -6.973883902241477 -7.5383612256650405 -7.741457119156672 -6.528971550200754 -4.956662502435789 -5.88287666256649 -5.874428846646596 -5.354955747680949 -4.042999079142967 -2.166747720216014 -2.328272351063301 -1.4243580730464076 -0.5666469287831277 -0.5091282584890849 1.5163068330938985 3.2056992516026193 2.7677573677502254 2.237798801515582 3.216364109821801 4.85362064399146 4.617608259532337 -6.3112179974617 -8.589285492700586 -9.314415045918079 -9.587972910737411 -8.976490575486329 -8.812155850160751 -8.930631908419553 -9.146981277035465 -9.704553784152703 -9.722026773037623 -8.17485320151016 -7.034650492719067 -8.110576618947286 -8.122289788903274 -7.377637925031827 -7.370908749946195 -5.916938709185792 -5.533865847776182 -5.1477290132673295 -3.948033631401298 -3.9227532471794953 -2.741671809990174 -1.375476898349255 0.5815578564652621 -0.635421763765495 -0.9158382490173337 -0.21891927906889144 4.22852719504025 4.254900069825658 4.55685154336503 4.2696556279663005 -6.744565117247898 -9.18360580654492 -9.439529734549858 -9.76728424735298 -10.420698243238801 -10.173072436870996 -9.557982326699513 -10.049231158123277 -10.775842484463457 -9.831135446880456 -8.711649917835548 -8.45383796041401 -9.306786151105362 -7.9327391961051426 -7.4220596250683775 -8.848853994810064 -7.106507369394554 -5.972596640400574 -6.092522636802088 -4.967058746938595 -3.5056097492868 -2.352766383909895 -1.1853821681595398 -1.491706144561232 1.4937088471477316 1.402040466477141 0.0885851804974258 2.7567760910738417 3.6185915301528304 4.461561243270861 3.8141224070634547 -7.1470826311715925 -9.835966984314588 -10.758942584926839 -10.310214112177718 -10.018157432821715 -11.716403951160073 -11.115047954318744 -10.546525715174427 -11.196143856784026 -10.23565919404243 -10.236424672906201 -9.892193869576113 -9.571614734329357 -10.005818456365047 -8.101730109708548 -8.646554603283779 -7.335899498376056 -8.40837888350257 -7.014823480423975 -6.29811491050013 -4.899459669714708 -3.1654362046074076 -2.090147327873068 -2.1931465123303076 -2.2437096024802634 -1.864155895252047 2.5351903655377552 0.3057532234549914 1.6761703781879544 3.399122970823182 3.2202507647051632 -7.435857124017199 -10.315068505678637 -11.572201470942627 -11.043309797348384 -11.993636197122465 -11.234502192769 -10.723635086499854 -11.1539304592813 -10.410920760206709 -11.509543072831482 -12.224383909693154 -9.519098824015979 -11.217095765821712 -10.429512623955146 -9.182924602869216 -10.837023339056467 -10.502141417942642 -9.818126589776059 -8.505699608984296 -6.763166330336468 -6.025314686767298 -5.451390206065226 -4.376839136903428 -2.0108397533552167 -2.6557010939451056 -3.077758527077501 0.2720629122001833 2.0500584632163346 3.7839679840062113 2.8857778677286006 2.5577861799889856 -7.527949328515561 -10.646071883298779 -11.822676281276792 -12.553337120299645 -13.387904708947927 -11.386797042163158 -12.359897146231797 -13.27483121870911 -11.59738967184992 -11.613613296593586 -11.239551921831877 -10.497048583819186 -13.059172554493449 -11.029479474082441 -9.91013523504174 -9.36011574901582 -9.067453361180316 -9.103490270776676 -9.157178283060963 -8.101552588716881 -6.432697356628777 -4.993339351143839 -3.9752998846456586 -3.819502583560366 -2.5341291944475826 -1.643880330778029 -0.45800923733501425 -1.489404083117411 1.4038812625997867 1.7054351270763797 1.8862539221847254 -7.462556995069089 -10.850758012933412 -11.55999584778605 -13.065100325371027 -13.750110686428402 -11.979755195591496 -13.206208069000363 -13.716425440561366 -13.359134628354182 -12.942220663197627 -11.692239047447808 -10.605306324121083 -11.571009115341194 -11.891472269255834 -10.860019014368538 -9.330488999222098 -8.86771104460532 -9.719262499896326 -9.48441108989927 -9.20919103121003 -7.061481957361705 -5.957397800008439 -6.0235679862860465 -4.6550120803572455 -2.1900376486478437 -2.7293948563362864 -3.3727432611753043 -2.0416505122347117 -0.8889597315358876 0.48807630208884717 1.2167445672977508 -7.278022100395627 -11.077489013279843 -12.688712816996958 -13.9841130859908 -13.36854439710623 -12.55610994557575 -13.78935443884031 -13.569880111696953 -12.922520253840817 -13.74115857988884 -12.704014556129051 -11.652837458755181 -11.8316024022999 -11.835716678992133 -11.017654885161997 -10.921138572905097 -9.797638914626917 -7.455764278401345 -7.390129445434819 -6.183216537732065 -7.300769203365382 -7.070397781165597 -5.08884594097289 -3.1177000552362824 -2.0124506852999793 -4.200411736387325 -3.9819327904929915 -1.3129759409659454 -1.0828957615713861 -0.4735129892977662 0.5339796515626701 -6.898755434851701 -10.881798171916751 -12.567151114470795 -14.111412127048006 -13.204614561348773 -13.079727624337266 -15.842304116735427 -16.245623425992477 -15.447476494745867 -14.545112562528937 -14.471072224319256 -12.96079427945471 -13.70921094508309 -13.83193529176429 -12.725634979235478 -11.629088578234008 -10.956686539609668 -9.091151878615078 -9.547846435795503 -7.844393789159579 -6.4321936040338565 -6.798987695724716 -4.22120667954191 -3.6848267295339134 -5.155761253779202 -4.362337793179828 -3.8611246943959627 -3.199210715069305 -2.105258839000259 -1.3282291234464245 -0.06174877495655355 -6.242475986840342 -9.977431385253855 -11.476923553374089 -13.515790663499974 -14.43104770163594 -14.05455400676225 -16.665083421383862 -18.30769601176917 -17.559331113536334 -14.592744402330025 -14.25341086252576 -13.999765379966169 -14.457141134419997 -14.52143014622611 -13.164732208265173 -11.194776141712733 -10.899247957864752 -9.6068256253617 -10.196901575416776 -11.748430548536637 -9.816541591158487 -9.812077721651997 -10.800369189500767 -8.307344151304822 -6.329836617966576 -4.718425140531838 -3.781833142723754 -3.1163649824650554 -2.402983076724383 -1.7896522049153138 -0.4654935853521044 -5.47609415025864 -8.745047261966123 -10.07111941188943 -11.479206572979095 -12.489240807524924 -13.407065879701774 -14.679478750386966 -15.53037312253804 -15.262160484561255 -14.464203593421916 -13.86570363481025 -13.459835482427938 -13.30665430794901 -12.967592875670718 -12.027352262464087 -10.993309686906418 -10.408459460430551 -10.234359277749755 -10.492272270273324 -10.64973466807013 -10.180022237925819 -9.515943738071073 -8.948415086866087 -7.9604537892470315 -6.375209989053267 -4.8002654431550145 -3.7630419649746503 -3.074128708858943 -2.4777170348526565 -2.0002169065218935 -0.7075209789657946 -4.671097470401989 -7.39807482276694 -8.453135801248408 -9.597439107470693 -10.570889006481812 -11.518066073221942 -12.440427298208663 -13.05274282179462 -13.053942427034771 -12.739373555031296 -12.41308719538626 -12.108003504436438 -11.856598899435179 -11.477041714429328 -10.788378527964205 -10.090516229657469 -9.683496147218571 -9.531855851034601 -9.603603539040694 -9.589090174559999 -9.173791513206409 -8.54450943882312 -7.882526257911022 -7.014601804569699 -5.779083082532413 -4.538551021325371 -3.6472230509968195 -3.012688515014177 -2.4775113238242117 -2.0487195893465917 -0.8116146841320764 -3.9661590490032235 -6.2121076954253684 -7.0357620167585715 -7.936247403570932 -8.743602672648052 -9.50139466025044 -10.133075005924304 -10.57335962310429 -10.749001796867821 -10.740887280661022 -10.629097256127086 -10.440659458303509 -10.202641582459266 -9.88265520435868 -9.448425896280995 -8.997078121839744 -8.626020561411938 -8.341303121939957 -8.148449810958338 -7.930145530161842 -7.570064387907526 -7.086798746684612 -6.499191720852168 -5.798961318209529 -4.977105625782162 -4.162197684707177 -3.4785247608910494 -2.9186841173269635 -2.412918456792097 -1.9941446803461786 -0.8270227052258702 -2.1716652606483065 -3.3275060028186974 -3.720062038717509 -4.1517299681721855 -4.56247092557329 -4.954345431481569 -5.26745179239583 -5.527901736769099 -5.757398040464262 -5.926781847782998 -6.006522892745584 -6.01265230665423 -5.961188698183667 -5.882680436714561 -5.807662299832582 -5.719007537958673 -5.599621628131613 -5.456186873070432 -5.2953563732450695 -5.115675183994333 -4.915724908577741 -4.6599906898819325 -4.3129173386231345 -3.917127777225875 -3.515014488589136 -3.1040563136987966 -2.6784695308216167 -2.2755013339520263 -1.8870605027661398 -1.5594119908883946 -0.7073051360164424)
(UseCyclicTransform "false")
(UseDirectionCosines "true")
