(BSplineTransformSplineOrder 3)
(CompressResultImage "false")
(DefaultPixelValue 0)
(Direction 1 0 0 1)
(FinalBSplineInterpolationOrder 3)
(FixedImageDimension 2)
(FixedInternalImagePixelType "float")
(GridDirection 1 0 0 1)
(GridIndex 0 0)
(GridOrigin -117.9164024500485 -115.54748542586887)
(GridSize 30 22)
(GridSpacing 80.08285102673187 80.17024610630239)
(HowToCombineTransforms "Compose")
(Index 0 0)
(InitialTransformParameterFileName "")
(MovingImageDimension 2)
(MovingInternalImagePixelType "float")
(NumberOfParameters 1320)
(Origin 0 0)
(ResampleInterpolator "FinalBSplineInterpolator")
(Resampler "DefaultResampler")
(ResultImageFormat "tif")
(ResultImagePixelType "unsigned short")
(Size 2089 1458)
(Spacing 1 1)
(Transform "RecursiveBSplineTransform")
(TransformParameters -6.727226510908029 -9.055998439906476 -9.379299047046256 -9.817512788339155 -10.014131329110636 -10.028021954968679 -9.826617123111669 -9.44195506651238 -8.889592338621659 -8.188553595581777 -7.356669810046818 -6.407105384142012 -5.371350749613657 -4.3032770542395955 -3.2366004598844835 -2.1881554984224247 -1.1850831680252585 -0.2653696431780197 0.5516021673063392 1.2628720163319413 1.8630408893610466 2.34852081352099 2.71589664823533 2.960446566205687 3.0846742834872067 3.090977442931515 3.0049901620576542 2.82021432294945 2.6798824225541877 1.8156769472318233 -7.712998256241098 -10.895794673362069 -11.74516486665368 -12.757828240081755 -12.963819931828347 -12.414223617060907 -11.440128240984961 -10.572665517858939 -9.898101200051764 -9.087874360463456 -8.095962153943589 -7.093718454416725 -6.081746323356419 -4.901680498749521 -3.577592863281881 -2.2947236119419654 -1.1385576055574071 -0.14570945865799223 0.6744490010790839 1.3575338389216662 1.9169465184736474 2.3507876081107226 2.6787069587931884 2.9647891502772925 3.1696240955716677 3.105548185209699 2.7963266098443875 2.402242690943445 2.1457831485890173 1.0929241280114887 -7.5486708721950375 -11.069658190312776 -12.500774807067009 -15.007789653237703 -16.707548907204004 -13.109172992377008 -11.157387789805608 -10.209737491900098 -9.667215123471363 -8.941851132851102 -7.842375081177381 -6.927859328081831 -6.152038960380386 -5.022850739560428 -3.588976431979161 -2.2391154782369163 -1.089961440303542 -0.13820681017748782 0.6309390029136145 1.3037423354903646 1.881673230090196 2.2674226151202146 2.5053416502446235 2.8267897600707625 3.180534997612041 3.0641347957411993 2.6451503039747575 2.2213944002770414 1.8702553547298442 0.7321212679152025 -7.23278750285464 -10.804899789563866 -12.230482791313584 -14.507820168319464 -19.90923990068853 -12.829414291814226 -10.067498616684459 -8.731650268333759 -9.157224007814689 -8.650326545879656 -7.264380008738199 -6.753465864663486 -6.125719194701576 -5.061743131132741 -3.552641387850935 -2.1666259183850007 -1.190841777075627 -0.4169766724564021 0.25274814928869577 1.0321151217925084 1.8393595371070681 2.102898753806742 1.8494098155596466 1.9783689075421647 3.2938760448464537 2.67010745552014 2.1809758238639176 2.8322564675296307 1.582707905942755 0.198763220797375 -6.618275125455518 -9.88132029134447 -11.027941585648998 -9.098245453654924 -13.746042684036677 -9.225643597405018 -5.76860770967231 -6.936517021563408 -8.852939567133038 -7.948034705295823 -5.798517744022748 -5.59906939193248 -5.876596382317009 -6.088206089613578 -3.546118240633604 -1.7435652854442594 -1.1753300417099195 -0.8750265591138463 -0.34069890218420806 0.6105109749721882 2.4903965887882626 2.9030258331598704 0.5950011812412465 -0.5327896931517567 1.6645001037679927 1.3730152330251466 1.69215776873044 3.452920562484424 1.2114151932398967 -0.4106230835171363 -5.749180915147682 -8.01956624054881 -8.862816742758195 -6.364944169305999 -8.670518707268895 -2.399840526654454 0.2702541875957112 -4.595515431686995 -7.542975667388582 -8.544484800731258 -5.971259918050573 -2.9047069407615047 -4.5577254624203825 -5.690187098295838 -2.670136795902186 -0.006588493884210007 0.3449723137750435 -1.7726314843650495 0.020980131012250262 -1.0391786955641225 1.9065597103267562 2.9379420343964275 -0.8433541155226872 -1.8452610273721703 -1.3986694303651162 -0.5104333219757119 -0.6882702016410341 0.45442911635520644 0.18319655112417535 -1.1839516379543684 -4.671433066500466 -6.048247588015893 -5.802926465157653 -6.111155025814636 -8.75417949806032 -5.169501842242145 -3.1935317527944957 -3.626601378693989 -6.6948336393531624 -7.595990648221355 -6.66738584296872 -4.7137309725401275 -4.806278992553849 -4.55635667698289 -1.3849380308626476 2.2782697283263675 3.149447194928722 -3.505374529048854 -0.2144024886692561 -0.43712404770189806 -1.7087263966830484 1.9958874191012104 1.2639704332021369 1.3462797538155407 -1.9743384767731793 -1.2879093647921454 -0.48633172243430617 -1.0506274326618377 -1.0340841829690126 -2.0465692664249002 -3.495584541248816 -4.134732786259117 -3.7874465627022045 -3.744319364055417 -4.346236570081542 -4.197349797646396 -3.661025880876065 -3.4595530548378743 -4.174801909001722 -5.087499899899606 -5.0556359038368175 -4.6347245492150195 -3.692549770471834 -1.4394484407345403 0.2687860621098028 2.3572251834713094 3.520908773463757 -0.8527238847697597 0.2664799612460075 0.8315098802739178 0.596383337833419 1.051699824849618 1.7529232831664285 0.6821145254142966 -0.452172745776329 -1.8814212400453059 -2.313586336074993 -2.1008562432417324 -1.9913134893913111 -2.796610123397221 -2.286533450251841 -2.226075049858129 -1.737425266257947 -0.6660940360019082 -0.6323602819905846 -0.32154589244653875 -1.2993737050035643 -1.4965902270175107 -1.5253281665598764 -1.974527263427795 -1.5582979746846495 -1.4522568168157737 -1.4052480863957855 -1.270968991344073 0.1929178265583592 4.8561426520717745 4.954427142545793 0.9145543599884827 1.3411075845829692 1.2841628328018602 1.932930878929051 -1.6494180521097035 1.1854467865749367 1.5821299387313459 -1.2475361027634642 -0.9784258503865529 -1.2949965597328998 -2.1224259491273982 -2.503965221427258 -3.3211095964374873 -1.0809779600544998 -0.4466118579445387 0.42411493583793325 1.6910479298378067 0.8370007175260058 2.8948013642780706 1.9856687024938107 -0.4636716485260212 -1.3087910619881202 -0.3153532470351755 -0.07786869176341406 -1.865368226884107 -1.1565481132615991 -1.9550396915372168 0.6941439652152673 5.843641993136368 2.3976193127489216 0.7232667611571071 0.443740981674293 0.8906157170494426 -0.3502478656138181 -1.1194395815889024 -1.1941084319847977 0.33436074392954107 -0.4224338589211693 -3.4702958300691806 -4.59978523851414 -2.671415117393038 -3.0157538812283318 -3.5268246245206782 0.07269822093354716 1.0935678729787213 1.8059855662113078 2.75435550000116 3.170603916520213 3.187372043928203 1.26628695952284 -1.6679020097179358 -2.4909421792571345 -1.3929090932609096 0.6236518675647095 0.596131596521137 -1.7737851170450547 0.31484384098395757 2.194713418780612 3.964140935678717 2.9675530254484555 2.453720749236513 1.6128485752892103 2.022639688255252 0.9561977805143613 0.4812138644865577 0.7181244765751893 -1.498253330015946 -1.3138138394920098 -3.6934391738045536 -5.862137819687886 -2.416261823869181 -3.182846686051511 -3.470870437600007 1.1183642863482903 2.409491452489645 3.0695563011855143 3.9720344960397647 4.708730152870546 4.899812217989081 5.054990640795808 4.807386138287291 1.98480931103464 0.1494567945720374 1.3802674201636 0.8438838572106443 -0.1308645586903702 1.231217790864494 2.0337948256811695 2.304512101487683 3.5339610634989036 0.7167132115669147 0.6595291580701075 2.246026125437486 2.0923186151980864 0.9715472695861698 1.068787488175122 0.5615865063698099 -3.352864115379038 -2.8330791075781043 -4.611090180752958 -3.5076720931507843 -3.443048223732732 -3.4508654399369356 2.010237403722071 3.471597903322428 4.056391603863577 4.834596022399031 5.464820637430701 5.778908860157523 5.800768797308151 5.793245679989677 5.97281148119671 3.0120883209515528 1.609271112389293 2.6857825762476466 1.4342254479945293 2.9624094029711294 2.33598096423926 1.9375395891578797 1.2142383089073658 3.9819480688399618 2.3879176399424944 2.363574296737311 0.6673895525021167 -0.87942791728295 -0.4412046914411005 0.6032681535165716 -2.270906591007932 -0.39123509647282173 -1.8693791564474775 -2.5013380997233363 -3.0030110017733898 -3.4998546604835603 2.7025416952629433 4.264836579227088 4.730236316738133 5.396185012086349 5.975214117637774 6.324595101303813 6.363981049139101 5.98249058865338 5.407978319907671 1.6093433523283185 1.3936079419525629 0.535586627075294 1.0962633286678543 3.2874715635534804 2.8871859157553224 3.3187384812729634 3.2756968344756507 7.685685242575076 3.502369218188325 2.7590625075589124 1.418530791887768 0.8098559858394891 -1.8643924771336655 -1.2717881155312774 -1.1475303949629836 -0.4438437688358191 -0.8661131084919916 -2.0719250256627473 -2.707189684674562 -3.4078962907387425 3.181378807529357 4.791965883814359 5.111130725665187 5.701912765776284 6.31953389359137 6.607225100732587 6.661379343732374 6.561425236427317 6.316463243028247 6.63716727396962 7.2399371292818655 0.49652762626637564 1.6121960953954837 3.028594556418953 1.9931986100077381 2.8702610591242776 3.164476063694021 4.124232481897688 0.9385045446162728 2.9137865378840813 -0.04266336966199374 1.2746818372243036 2.6192621204025386 3.7429473819856445 2.9773030909150693 0.29821942537695273 -1.6062666856525465 -2.633471710525355 -2.7172707093772925 -3.141401075802984 3.4675964530311694 5.08434121589008 5.46259294838604 6.020002372366948 6.4806732811137024 6.731454280711558 6.809267995929307 6.924739548868479 7.161373776394629 7.6863706847673425 11.51205540563022 11.703570028582385 3.6490458695063133 4.1509114972028955 3.320336954635921 3.116615613232646 1.3414566682682074 3.5706874343778523 3.0560505936394513 2.623357181661787 4.119133766780105 2.651605353996689 -0.08432896912403376 1.4922769541322165 3.6395574348977213 1.0637361069523212 -0.4800706914668576 -2.0379183760780633 -2.5131734507433894 -2.769860374746327 3.5702134593311277 5.144998362398374 5.504384889470976 6.018682755537649 6.425987450392988 6.701459418577987 6.848445320577089 7.012127599159489 7.241896237789379 7.613398153368441 9.338902173866096 12.025472372871796 1.9178000322388677 1.3550705323438232 6.812514000115283 4.119219084164018 1.8937062525086932 4.098701427364784 1.2850697040330654 -0.7396189056027834 5.122775909346207 2.2744049089545224 -0.228069132608328 -0.28912770468700033 0.05787692632809275 0.7920592721745682 -0.9082174196860922 -2.016358571049823 -2.19045063117276 -2.3708597306769055 3.4802864447979034 4.964758746502487 5.282422446027957 5.746296499192847 6.119852266122903 6.403792909707589 6.582399682510932 6.715774975513382 6.824559276210581 7.026348847387071 7.253860296961869 7.154323444172148 3.4975678640645445 1.885238313419441 4.048453997341272 2.486708176357743 0.9361595796268433 1.6745381659664753 0.27705735020294386 -2.6950969730550605 -0.9565326995798803 -1.9766137476190502 -0.8357769427762733 -0.9461736242076395 -0.5037349894614112 -0.6301445967877171 -1.3298211295199671 -1.943665513834132 -1.996237642155662 -2.08566324239239 3.2429938533218587 4.6044297653174535 4.882519394007331 5.292743602247895 5.621599243573236 5.879443258151564 6.035115395964088 6.105886865815313 6.079812863518847 5.989526861962008 5.754320682244793 4.799847314681117 3.9168690275748164 3.7916835936002418 2.7213391824735007 1.8148800097133877 0.6079201845529044 -1.1128683410861044 -0.9017789295041865 -2.7581376331403624 -2.110578296278543 -0.9254404780430169 -2.324894588515945 -3.781236833367396 -0.6901612680396969 -1.610534042353128 -1.9359590937971396 -2.016950052173407 -2.001865408029668 -1.9469881018323332 2.886045029665315 4.09522214838609 4.335062754909394 4.688576585005938 4.965773177738634 5.177810909789668 5.28877600588785 5.295173406699972 5.173066652707034 4.8942103280836085 4.441204586876407 3.7736219930367323 3.007282491788256 2.456726646266888 1.9686420008493895 1.3033235033011656 0.15840882322511907 -1.3086729312409038 -1.8081551868010302 -2.8327761831829075 -3.1533627385032816 -3.279118993278144 -3.3290986161470815 -5.24574700885889 -4.3779098483361585 -2.8761728981646066 -2.518887449341593 -2.2676056179091573 -2.1484906534813333 -1.8559322188954843 2.616123284056856 3.718271814391905 3.933823609611594 4.248689409712698 4.487902471148024 4.6594796060235035 4.729858057525069 4.695554005513775 4.539785162224725 4.232433577425937 3.778704577868853 3.212280587658268 2.583332983926507 1.9956897479643425 1.4316417277002487 0.7328784791943105 -0.142744770917339 -1.0780494592855687 -1.946128270217925 -2.677211177457812 -3.344488589120948 -4.115554377268422 -4.652406293968699 -4.983886289329821 -4.4710202532013525 -3.664771668181017 -3.0877405013970716 -2.627510108040891 -2.3816615989265615 -1.8315381366638726 1.5013747472360832 2.1650317037224127 2.294190891545309 2.4764992261638428 2.6022596787014405 2.67043757999923 2.6612330853508954 2.5790971529719724 2.4196115545417736 2.1723385768588668 1.8427235932659747 1.452889773154032 1.0163705506519651 0.5427217613866907 0.04088270908383024 -0.47956877873357107 -1.0180024022907546 -1.590777023833996 -2.183147477266419 -2.7489199930339905 -3.2610245691397237 -3.717905970869724 -4.05766598257628 -4.143602108372317 -3.9542326017193195 -3.550080897928177 -3.026749409109504 -2.505970174151024 -2.1674962495852244 -1.3672650141654543 3.200549793441131 4.52995041051541 4.751523000561938 5.080826365906713 5.334947524414536 5.59111310027317 5.8114155599387445 5.930668800191324 5.899009164236124 5.657533547529716 5.2180195918082735 4.663416236802613 4.0658884652461476 3.5141813925886134 3.0652735491651204 2.753621044163924 2.5969002952287115 2.5978330496125035 2.729645519772072 2.9247689068547364 3.142625280004134 3.3538082455521065 3.5478143087350738 3.7436260545639994 3.930438197842613 4.06632607063621 4.141637728358652 4.127709971759202 4.112524331246311 3.473777954524737 4.199507727988749 5.80747201388533 5.880522384873496 6.057404172952919 5.813406941274786 5.895417245680384 6.430045042646275 6.883181494641795 7.005367577907657 6.568003135315292 5.61754170286192 4.533171644428608 3.5425045461486064 2.854751827431685 2.486682659256201 2.2089345867863592 1.9839203142097144 1.9126279478546355 2.0495048680672747 2.4726612485719324 3.1281730824128715 3.8132714155596723 4.413299796879064 4.848545359027887 5.089829819889685 5.156405474881866 5.108170466363121 5.046490853160158 5.070802480737115 4.472376589265591 4.409219607577242 6.0793745857379875 6.046420747584606 5.9767660307507535 4.6169964486813475 3.2349185781694296 5.816338662142251 6.796545945610113 7.036852278032936 6.522700500041924 5.267869944351395 3.8233673874620866 2.592690204022098 1.9803457913501719 1.9209583332770677 1.8447164639631737 1.6409847264972386 1.4672280920004837 1.4971675219949858 2.114095536810488 3.245464685587616 4.341817634229659 5.152232615116898 5.573874382442198 5.6215287227724 5.443466920709161 5.246016201646393 5.112616575652922 5.138972839016897 4.608509888892334 4.6628602588636925 6.659015407850155 7.136272976966845 5.6074264645293335 3.8562610711624763 2.777032386673156 6.711200452975541 7.388505737149449 7.595277326985369 6.627180278580251 5.325149150853442 2.575422278996424 0.23471362935925602 1.3212617259929078 1.5258886042810482 1.6586164902508398 1.5739819190702538 1.1176081610077269 0.683923476367323 1.580840460995086 3.6630183368173794 5.283272344455709 6.032644579480418 6.067032577748681 6.632083699248855 5.558897543379736 4.740641550581293 5.0095526758099 5.152332331840905 4.814954319296222 4.75974029224843 6.998716848293861 8.424359045355384 6.974392089637649 3.8064624154950852 5.885507637594638 4.150170695263896 5.943175707821379 6.867132852151631 5.309953940323048 5.929237864503658 2.6206527999028646 -3.0192492199039482 3.1847867105141194 1.958467143470145 1.7784680050571815 1.841736622284908 0.8082874365399887 -0.3014247215489447 0.7200822944226941 4.593391622549726 7.184614769079166 7.814423027835593 6.488087626671428 5.52552553621494 4.016683088412056 4.137741132343069 4.722200204429963 5.047301031952224 4.926951497926075 4.6369829609002995 6.68336140559323 7.269336960156039 5.825482527330903 3.9574020364410294 8.235598210434341 6.016802840244573 3.2389227049384854 5.7756604134796365 6.403564781623083 5.879430272413384 3.9716996746897157 -0.3345000576657166 0.9491690718099343 0.5047190828535557 1.9566358141339906 1.5206952844453396 -0.7872954643290757 -1.107011405612475 -1.3210840273410882 1.0299532219602021 5.265651067443119 4.355007955039984 0.345027721536377 -1.3439680402315475 0.9648530104430448 3.8273440167156383 4.805792245372837 5.112668535472407 4.912809705753318 4.297039749072436 6.272353439425573 6.58010182735592 7.586393285885165 9.465887364620945 9.444957101835337 6.171506275692413 4.52635590825709 6.170012078429226 6.083000784122803 5.161088030992158 2.5023419575632517 0.26309047199812013 -0.9122331348108208 -1.9866855343281609 0.40361306820298315 -0.8324999928620157 -4.323520854459983 -3.1735516192953286 -3.3414125116059368 -3.322476535211254 -0.30173162581062696 -1.7814272992628906 -5.442150568915802 1.6305399505316394 3.684744310594801 3.529380028690208 5.203255817471522 5.1749332976160005 4.767809668490716 3.8834306967893433 5.5966788782191825 5.841243147929065 7.546106953811502 6.757660111518623 6.51441049656135 4.869971753902436 3.302871824893749 4.276123360298187 2.386258519676812 0.7834986559633048 0.27432398082875586 -0.10593705950955658 -2.2668720271974054 -2.9384589354910484 0.39982157230379817 1.3601089291335364 -2.353897423521574 -2.096827622919237 -3.097215846401952 -2.5811866703954305 -2.4319977773349333 -1.0180286888520147 -1.130716318969446 3.35813113489548 4.390534874654752 4.397183311513349 4.7426186157939085 4.809001729181439 4.584161201631263 3.414278415963847 4.644220579416586 4.371281255221664 5.094919140075385 5.997471759987959 6.550595923217974 5.776178337932248 3.6267126380308197 2.5954441576468206 -0.3809967708364581 -3.4487848826574026 -0.630819299259244 1.22984392798644 -1.9714709806807762 -2.082302172966602 -1.0981846809740676 -4.072719578712089 -3.7259334595139237 -2.4443551843983404 -3.007886432808011 -3.28010559078397 -4.766482559266987 -1.2516664426691233 3.1411746182136087 7.161487096031844 6.3532727721343365 3.717395109783668 3.6744810917263417 4.193543418467737 4.3984885198544434 2.79367194860066 3.639787842225198 3.320131660751538 2.7538693418965114 3.7829495130033917 5.353656299099913 6.956785882483822 3.403911742556731 2.1547106469724695 -0.18213772670470982 -2.2451937552614187 0.3833943381223549 -0.13791856190563304 -2.6757752266655026 -2.7636376326058043 -2.1681583676111433 -1.5091831947708563 -2.6919791074159005 -3.2409949862912346 -1.8963130664151049 1.7377505915166596 0.8668839238966203 -0.16150353175824017 1.944291490394019 2.292608380369448 2.8636851069726497 0.8179381485062149 2.6090785334376108 3.7316671502583856 4.230809302247185 2.029843491211471 2.556800283387761 2.481171276082004 2.367037579862203 2.4006204794969452 2.3611885624498505 2.415827642370419 1.5395854446682222 0.7456974060961653 -2.2079527953110554 -0.49496007735983655 1.404464304623707 0.04702400815429834 -1.3838026265358552 -2.6432132381745466 -4.820685527286506 -1.836085565489135 -1.7208559678539084 -0.903660328529763 -2.3917705034712458 -1.6633143896723945 0.6739470856722228 0.5502116391521562 1.4254230280334996 0.654823208453091 0.22780863461499642 1.962953879923823 2.8888774455191575 3.5802289075016382 4.048643310932964 1.2089763070193165 1.3792038511105946 1.2675206702614608 1.1750304011229529 1.0064483541571494 0.5292777735973212 -0.7281213089666868 -1.2942929343156757 -0.49455246806968817 -1.1119241868706224 1.6668006445865189 1.4144588562700353 -0.8977888132302945 -1.3331910539564475 -2.580482059224178 -2.774238981222228 -2.126518983536312 -2.6910555008269195 -0.3514971421008575 2.013156208514605 -0.17601000435218456 -0.4754769441656175 0.11260897607339579 1.3198610317365211 2.1141141958819993 1.9434067956879058 2.964490727708947 2.926345704495572 3.364446410535846 3.7121392553198547 0.4052224283498355 0.19800105383292335 0.023185451311934047 -0.18748902618472807 -0.4357969817339997 -0.8897659113658305 -1.5717412685379775 -2.6941894591115645 -2.1814828759455476 1.3813901791504282 0.3575161476258673 1.6018331051089176 0.3707183392271119 -1.851395303402543 -2.952482048068069 -0.6914580363988718 -2.6683458463480503 -2.6229240130496216 -1.4954366121730027 -0.4674644333817553 -0.18901325928685359 -0.11804203927109154 0.6975167619172862 -0.3274338869654894 -1.125981420245216 -0.05373243231254105 2.0845458415375266 2.195291689416723 2.7460393985310194 3.25767573002496 -0.28368989208201956 -0.8172173063879048 -1.0514508694532576 -1.335962120316286 -1.5970097511719943 -1.9707604706435184 -2.3113821067192317 -2.3783864728710884 -1.108324025574298 1.5365851160876602 -0.49385922844476854 -0.13889372182240972 -0.8540842482274069 -2.8353131693739955 -3.2924102633547547 -1.862896639545199 -2.6932856195279204 -1.4501152458420603 -1.4537950207830537 -2.6641467953192426 -2.4241055460675165 -2.2604233602182857 0.9513526857906847 0.6727406747434066 0.41132713006996646 2.412871603670241 1.0032395105020464 1.2668896974137642 2.4178304760630693 2.919826606180489 -0.8180284593557836 -1.5969236135426825 -1.8867922277750033 -2.2187307603321194 -2.450856781175217 -2.660465387729911 -2.772119797548101 -2.6136581732140893 -2.095763176541368 -1.3070214114099974 -1.2748618781039378 -5.936114499591663 -4.92779676763823 -4.409792874542465 -3.9298054009438452 -4.592325205123007 -6.309866476588835 -3.8649178389585233 -0.570687047314944 -1.2373666494038011 -0.3419067506326292 -0.992965956973899 1.4642506238754192 1.8152566436909805 3.112775133160855 5.749066001806791 3.233776535758174 1.5531779338936729 2.472877043367502 2.753894488365701 -1.212397309014738 -2.144145315990711 -2.4431348000001556 -2.8066616120235666 -3.061024067945947 -3.2058824695617747 -3.225106049273845 -3.111839595908357 -2.9756535704541003 -3.178091605883741 -5.917229539580819 -8.495804904839176 -4.4504416348380165 -5.387086035952352 -5.8388031635303745 -3.677249147699038 -5.169718194843442 -4.814768060421601 -2.024305582901084 -1.2759035236953113 -2.2733768607501434 -1.804803985342276 0.8449535450794 1.9713036895578744 1.9743115174453025 0.23679354583371368 1.9914899190145976 2.520056955931449 2.699919970587002 2.692500671554124 -1.4700491587925844 -2.470275312424855 -2.758528087447176 -3.1412396570285375 -3.4530948048210077 -3.6608505298167575 -3.7613538427956392 -3.793065763167203 -3.839342338677583 -4.098796289486064 -4.952409692831572 -6.261427517653328 -5.546378680681027 -5.317866281917495 -5.345034454097461 -3.2911077520693937 -4.733481945974624 -3.887082090620299 -4.500695990368187 -4.0271375658733115 -3.4287103296522115 -4.546036418389703 -1.2594467277195585 -0.7278365087876201 1.531755846241969 1.8345235989415387 2.2342010552056006 2.6904886312546656 2.842730328449598 2.667702419143726 -1.5899068240479952 -2.605730375265334 -2.8879628373354422 -3.2851883569878417 -3.6283249001585705 -3.9047546723396835 -4.103287286020952 -4.261482864385976 -4.414431767955748 -4.659950739075184 -5.02719914386234 -5.182976737057224 -6.083281789215357 -4.762825315823856 -5.1911341852895525 -5.47620606417358 -5.3984439229048835 -4.993500511836342 -5.1650675637312276 -4.667153149535961 -2.3186366048129265 -3.0130255862073554 -0.1464126549843579 -0.7388588199344374 2.244391182077758 4.0415917836814845 2.647728872413346 2.6890273604282102 2.827830193589472 2.5463486559610975 -1.5968431985564906 -2.5953993854262585 -2.8699660078705524 -3.268271245230844 -3.626617926138475 -3.943817234354761 -4.2010527837166025 -4.426939956233983 -4.634242377601391 -4.847114610164948 -5.04703747320855 -4.87818574451093 -4.156466357000257 -2.9395571700322454 -3.388108772928303 -4.643661905476275 -4.533583917569887 -4.372567842789617 -3.971887872014135 -3.512646940735204 -2.140010064515967 -2.8314305868885596 -0.7376167444075357 -0.024149701009010902 1.7478506488636156 2.3574471038936826 2.447698769356599 2.5723102621905567 2.642800924794507 2.315587729616666 -1.5113462719861355 -2.4572752408909184 -2.718667993070834 -3.1052133687134664 -3.465850427859733 -3.8052691970426378 -4.101244231073251 -4.367603033989824 -4.603280641417922 -4.7926765725026375 -4.87758665754163 -4.718970297706092 -4.357072869834567 -3.917967636315532 -3.6780996507808146 -3.8953897053224 -3.9618733426697674 -3.5548680280869998 -3.2539023420069335 -2.8597211402994756 -2.1376255489079505 -1.6266196144705236 0.16461018631113442 -0.8429401241740226 0.21185973810693276 1.6140662811632591 2.031864996720321 2.2365261990331584 2.301539711170098 2.038922603262094 -1.4316916815355474 -2.3362595906036647 -2.589083091169861 -2.966934664735531 -3.32764035766718 -3.679222358562049 -3.997865588518382 -4.2879781027775214 -4.537415994032228 -4.728785250610999 -4.828416985349298 -4.7622126557888835 -4.552752812543462 -4.303043659082905 -4.071995346105876 -3.9623235315702448 -3.86435309314312 -3.694894841265769 -3.364909895365955 -2.745304878390861 -1.8668453958455224 -1.1433011862255578 -0.3503009502359433 -0.16494220421474243 0.3789722961157552 1.039011140615183 1.5379331497638802 1.8492432608987872 1.9780461498725852 1.8399736287129047 -0.9421975963723068 -1.5766048435779245 -1.7632539084288317 -2.0470176483396623 -2.3310199659220188 -2.6254474153173093 -2.9109188752120545 -3.1794144700037266 -3.4170653840406864 -3.605474723743201 -3.7348827448763218 -3.8046504955056895 -3.807764494438427 -3.7287183540286897 -3.569078174315887 -3.346572174671753 -3.0745648004176576 -2.7755983150082395 -2.4357064707400324 -1.978258724731842 -1.4367270938196288 -0.9717194789119162 -0.611135167522187 -0.30093681632520664 0.0019087593299907328 0.3624399410557104 0.7552888586260824 1.0514416091336298 1.2123193840303095 1.2416119604893336)
(UseCyclicTransform "false")
(UseDirectionCosines "true")
