(BSplineTransformSplineOrder 3)
(CompressResultImage "false")
(DefaultPixelValue 0)
(Direction 1 0 0 1)
(FinalBSplineInterpolationOrder 3)
(FixedImageDimension 2)
(FixedInternalImagePixelType "float")
(GridDirection 1 0 0 1)
(GridIndex 0 0)
(GridOrigin -103.2251715875265 -103.9494685324744)
(GridSize 36 25)
(GridSpacing 80.22369223643118 80.51085707834845)
(HowToCombineTransforms "Compose")
(Index 0 0)
(InitialTransformParameterFileName "")
(MovingImageDimension 2)
(MovingInternalImagePixelType "float")
(NumberOfParameters 1800)
(Origin 0 0)
(ResampleInterpolator "FinalBSplineInterpolator")
(Resampler "DefaultResampler")
(ResultImageFormat "tif")
(ResultImagePixelType "unsigned short")
(Size 2607 1727)
(Spacing 1 1)
(Transform "RecursiveBSplineTransform")
(TransformParameters 1.5386016827624205 2.4726125269662544 2.6581575554407495 2.892788695663215 3.0086082590487346 2.9972293728852946 2.82241026000484 2.4757985989921947 1.9608275173617924 1.2987217416648644 0.5194428065220074 -0.3322617418748197 -1.2164258816879703 -2.098601901535571 -2.925873970181133 -3.617460471668345 -4.132688371761832 -4.4535609624858274 -4.600513964502282 -4.6486860578131886 -4.633723479848936 -4.557610317280442 -4.456038346642078 -4.400246252769983 -4.423018369921352 -4.552983362738601 -4.722788294305734 -4.733730128810831 -4.515792170119573 -4.077767518790757 -3.4858684991843027 -2.9055294286503712 -2.4198646017091834 -2.0198743726708197 -1.792483345536331 -1.1566998921981007 1.928428815892672 3.5024492567476186 3.9649203158899557 4.587292303249853 5.058759656070822 5.299559437531673 5.2367562386542446 4.902192486796032 4.291219356112998 3.377257576163193 2.18800861296541 0.7973340966484961 -0.7116188310690617 -2.2338935419218777 -3.663591503857816 -4.87187803342497 -5.791162007248718 -6.417159757620238 -6.713248380782294 -6.586393079529482 -6.095119194234821 -5.427388184456079 -4.804583655125624 -4.603080207661629 -4.86797608229787 -5.336275798685195 -5.814247631951993 -6.0564175489790575 -5.963362790634787 -5.560436642822102 -4.901859437102996 -4.095695030584159 -3.2778310525369263 -2.612102697611414 -2.2615497048566215 -1.4115630865577493 1.9604003453099659 3.7927024322568297 4.4137085990719385 5.277082358026506 5.986836345930053 6.344242114592106 6.272887364558646 5.945279919443225 5.369764963728961 4.423036247277868 3.10934568932229 1.5213111216987436 -0.22611444799435795 -1.9535022955297923 -3.5573848450840395 -4.98930008380232 -6.217388802049999 -7.296431804391397 -8.06374354456882 -8.023469846180623 -7.203269549038604 -6.086265103616293 -5.0812392550283665 -4.832248252139834 -5.297488302469383 -5.674359628116617 -5.762878057886809 -5.721292670031534 -5.548278159542195 -5.3754067858857875 -5.128235498841551 -4.475445331020836 -3.506905621487813 -2.7072464098287776 -2.315010284681851 -1.4268046218598194 1.9204541349909177 4.041175230397174 4.894633456797514 6.141782175902808 7.217907729374316 7.539942802641953 7.113137110931468 6.750492956165897 6.492737663817825 5.669373368652547 4.171101010698731 2.303399819582728 0.3162217803328815 -1.3712426830885929 -2.7835214386721776 -4.484082277794611 -6.506848508578629 -8.562889278751182 -10.258207519919862 -10.172565488581906 -8.253455645373377 -6.578179545016217 -4.450853838542635 -5.067736297382183 -6.486633423982378 -6.634817730397718 -6.828528314066818 -7.620443035735462 -5.967965888291298 -5.084423118037037 -5.247926378425705 -4.872284169048097 -3.7265187874367234 -2.851470818261255 -2.3666231172651564 -1.4244343791251912 1.7924109081318222 4.171227785936043 5.262560731095014 7.0342321166015855 9.089166506636868 8.706733661490215 7.178816818238448 6.623019227975458 7.186490151049608 6.9321321786240695 5.0666152299561515 2.8051043460228637 0.6338215371932217 -0.47244492585407605 -0.9050465978024107 -2.928612280954386 -6.497308139435478 -10.258805175981708 -14.462446276781863 -14.960955415091258 -8.561210123599347 -7.8760494759638435 -3.313190117677064 -4.281533511963919 -9.709084792023644 -8.585009704953034 -8.39109642798917 -4.1564804608037536 -4.819718550245986 -6.2161773723648475 -5.7109729992015374 -5.5719314477900035 -4.086722749722198 -3.092282124366426 -2.46497900695014 -1.4283041387937274 1.6312174692786674 4.133974488976156 4.992732967084608 7.373690444026786 12.918195626451174 9.564230178823598 6.500890316636483 4.974910284652991 6.884753534613827 9.816924577542766 5.480418722548302 2.8575129189391664 0.8416661698183746 1.5889389982142224 3.3541686927739476 -0.3410821881942967 -5.746990251921006 -11.295791148056306 -17.012056841600465 -17.9973927011439 -8.057066444287091 -7.7665378827462845 -7.175708526556831 -5.210475517094029 -6.051143339019608 -5.693948001022873 -7.819989725595095 -5.684409785838841 -3.809534510012611 -5.845195037701254 -6.294448636283793 -6.429111487075623 -4.633738001968055 -3.1175179944852185 -2.5257612230999857 -1.4346026497629354 1.4701301457059122 3.823735489611128 4.528539984126986 6.615171369188184 11.263985353623983 7.757490528763483 4.863564911932765 3.1008399780690667 6.5060118891397885 13.37557665061743 4.798575864134601 2.25647440198386 1.7889813211582266 6.867158923566046 11.001088970496236 3.0533805645948586 -4.2114591346477575 -11.273819491004426 -18.336122465542584 -14.832868206033343 -9.219663836855828 -8.093238943782879 -8.496724279027024 -8.90039551292926 -5.395693555109341 -2.1921349719606495 -5.332190711399128 -7.824442918936928 -5.630614075189888 -5.658876239907346 -6.340615863737017 -5.742456774690826 -4.445333083824761 -3.0561509649985927 -2.4654145099432108 -1.425298690245815 1.2887661058143942 3.3265818711595085 4.126826499127266 5.104810034308913 5.846742549755672 4.654629966548883 1.67333578641326 5.048292538979512 4.812219537805791 10.748830365832667 -0.99114905224799 1.6331197850738675 4.600543191544031 9.402751040258437 9.289263307053242 3.730763086031271 -4.415958245709689 -10.54636389471262 -17.341403591529737 -10.190117677591218 -11.852617451628573 -14.940014932005816 -13.730366508662705 -13.547037317306389 -9.644323051439155 -6.593386680151369 -5.944197200505004 -4.940913104500024 -4.291699116193085 -5.648496485335907 -5.403712945917199 -4.3689509243527995 -3.5566825739723074 -2.7666398846458113 -2.330948750592082 -1.4227174144563486 1.0651240571448894 2.687245299638066 3.164226645541704 3.3003105079028185 3.040688753044089 5.845673909936897 2.120961877079585 8.48767195017361 4.300156204003191 5.793314079632939 -2.878988139160008 1.737506567841552 5.172088261289708 3.1225974887642964 2.5323605728081726 8.021219307252938 -1.812776189084717 -12.174596886927231 -17.001796103456538 -12.377268995968072 -13.590064462722728 -13.550650625227412 -13.02399919038819 -11.66883114424674 -8.839829020891843 -8.045467421512582 -6.576815380641103 -4.83265292406437 -4.210592357950867 -5.568700965220867 -4.887770224442197 -3.5705162245637925 -3.0145230485745356 -2.460409288398442 -2.219779739147332 -1.4481518940836973 0.8217055869824053 1.9091065801437423 1.9449905588140655 1.8519929655188068 0.9824437215967033 1.6363035102900145 -0.15217388271222257 0.21471860944679866 -3.592583418800406 2.063051295157153 1.9685232915678994 -3.461937549748845 2.8727007763939603 -3.0935907988437745 1.373537912631051 3.6606495845301317 -6.190206682274912 -7.5927291783200985 -16.322265518347713 -14.536170260428992 -10.202194890848837 -7.562261716287856 -8.880351448944305 -9.217387928474238 -8.36766638670072 -7.508761719260866 -6.711081865384504 -5.306261623896286 -4.371759731216749 -3.9161855232452 -3.5229350625099385 -2.285851105866631 -2.3443688067233097 -2.2782979284159577 -2.199842871599867 -1.4996914352388022 0.5809633352473008 1.040023855520656 0.8410625888703733 0.9932169025038247 0.9787576343392769 0.023003233753473767 -0.5299072500233742 7.317827305346638 0.6549761623886025 -0.3594184423852839 -1.6094982516159049 -1.7314996712237587 3.1121902242887804 -0.10238373543054441 4.35195917066577 2.541755253811484 -1.8571159324045914 -1.1169914839282542 -4.738244244797686 -4.7934145157687915 -5.048494433490115 -4.24129683973558 -8.434692659687876 -7.984536753194152 -8.227253495785481 -7.080190171722768 -6.6948374057589515 -7.948830333382175 -6.732568224841212 -6.29153809749221 -6.403717941560444 -4.390000209406136 -3.2756969509131117 -2.693183236350385 -2.408553291517871 -1.5753931423470569 0.4544232273961627 0.4064897579199716 0.3969569918334819 -0.04235577606442714 -0.8020092657146116 1.1889609107843688 0.4076349657561568 -4.951203992764728 2.9735153351789787 1.7135470771434487 0.8387679982672207 0.2726037586146959 1.6730940230809752 3.338370709540093 2.970220211170544 4.492716271593654 3.6314734930215633 2.6601341683475113 2.3551713225011057 1.5713363713597006 -2.7178736075225074 -2.670548516065658 -7.146233403272364 -3.110009848917577 -3.5126961558509247 -7.714824071428915 -8.961180157007222 -10.76636239412703 -10.25238644290995 -9.093138247201644 -8.098857428385578 -6.758643070057285 -4.242017135145542 -3.0704101314623884 -2.7033283267422066 -1.6513766820007474 0.5695199531524109 0.880211908564156 2.1096767175383007 -0.9414954710732867 3.127008315637535 0.7988886031404399 -1.4474397919990833 1.3972100291825416 3.9413274215872454 5.036344411049789 3.1567790082811222 2.3382901120092026 3.770528919022037 5.452679413961605 4.0649215792673905 5.264678331397994 3.327880484484344 2.944009204755205 2.8397775267391676 3.144371990006124 1.9885461390302857 3.293978168437282 0.7501213456670355 -0.1737742203500548 -0.9666403043929134 -1.061955907014647 -4.050908601957912 -9.428834541290152 -12.39564671376703 -11.954788770050035 -8.825209396732427 -6.216685041217367 -4.296881052449767 -3.3377303295077208 -2.9023647121257166 -1.7036753762341275 0.683942993092475 1.9357577177263303 0.8509532569314385 -0.9040275569834447 0.7511826938601475 0.09559591718583918 0.25164272474674865 3.2895165506650783 7.008089700668259 7.359993091060678 5.867796606845713 5.0586606937787515 4.610026594725582 6.23839228732396 4.911840015448479 5.757649635730519 4.856348584548134 5.515979665651517 3.663077268365275 7.5264087249215414 8.642203843475926 7.017717495045322 6.034086532217885 5.159130896695387 4.654280791239564 3.892250834226988 -1.8047096985288964 -11.58160928592271 -15.471312935380068 -12.908571334081142 -8.840640652425623 -5.988712741068145 -4.336800366809045 -3.4767303368852653 -3.041187985862308 -1.7301186175033298 0.5086847406062123 0.683083134191809 -0.6823767156497673 -1.0144055061069936 -1.8872099382007899 -0.12185136622174858 2.171521976287396 4.317147982087292 6.413967356759195 5.262985822018327 3.980974887802696 4.330059125533347 6.247409458968164 8.522774834958145 5.751271677988834 8.044980132531977 6.48744873686516 8.367152153854448 16.570979309618867 15.849421667076207 13.858352628844102 10.470529277655166 6.1218645948342 5.352904143646831 5.058719904752245 1.797893527796955 -4.268464781593532 -10.603809163142047 -14.040288914875788 -11.36588681020853 -8.166918763698595 -6.205546243991397 -4.8117829154677745 -3.6364973414631603 -3.093413942909446 -1.7284267495632728 0.2821826499010362 0.9686839366163299 1.0946006899152527 0.5430319864039359 -0.9017044731323643 2.608073339678982 3.5358547704664964 4.700818755585892 3.167562031802117 5.070813507593607 6.12646068724914 5.706960556177191 7.378442094293392 9.280052190092174 7.735403341357906 9.176450693556918 4.022805747464124 10.79185260790987 29.093123518361967 25.80931539395034 15.633751604669548 7.915497869574824 4.6133586099510975 2.045264348118106 1.5097643456385004 5.190220020647014 -0.19275304027190432 -8.784770266323404 -9.990233576758182 -9.275378482110607 -7.814180356923277 -6.364357739313522 -5.0679807017455 -3.6862335880264303 -3.076938909126949 -1.7009377229308489 0.14484864742697232 1.2821942251395408 2.0768874953769734 2.618741369871932 1.9184765876480856 4.249395779038152 4.806736991696757 5.530147677654834 6.92963556330949 7.820744613815853 6.773193202690843 5.030056799513291 8.853801915288487 9.944646018900663 8.689917640301577 9.253924464213613 6.965555786179746 9.694856594604502 20.236598722069367 21.547602205365852 14.631733798697173 3.8400695871822483 -1.5671127711283501 -2.585416167791235 -5.212786100067235 -3.021885206163416 -6.395045588180503 -11.726317787473059 -9.357246493181465 -9.039674196645965 -7.617353358815425 -5.950001368244716 -4.60386452453659 -3.5353283186875686 -3.0022038920112006 -1.6489618146889475 0.09041809693158168 1.6008519759518827 2.3183610625250606 2.8580938704555905 3.2582464250565764 3.804872353057971 5.012076216387266 6.935408959312704 8.547727065995044 7.379871533956058 8.960084439932235 7.073706671742648 10.868151318361289 13.600475316720093 9.267150469082488 7.681320311852636 12.790013309349971 10.207556578771504 11.934548749287684 11.85174274712326 7.49783412783641 -0.9491599985854549 -6.792040396849439 -9.991060701751227 -12.813641212392444 -11.33885910706001 -10.23050095898448 -11.938724333191228 -11.020967212787696 -9.45438492967431 -7.303961964248036 -5.674587708925357 -4.378474114337723 -3.4604940824499155 -2.887368831314547 -1.578243535017042 0.11945886159880102 2.0051065241628043 3.122738424628077 4.987992438247605 7.885074247044211 7.014482112848201 6.627836462514173 7.462053662097048 8.049923577463877 8.938775119643864 10.59845803972112 10.593273712837338 11.422510482786485 12.02372840886141 13.475448599502185 12.102884103009533 12.024476145720694 8.123648901926748 4.467667517942483 -0.48625048386846365 -5.929606983576939 -12.309447022680486 -15.792486109563038 -18.75539935521003 -19.99468202383414 -19.814019835147622 -19.215441136019425 -15.44861869044037 -13.186915433550766 -10.404075603381637 -7.561481040040184 -5.616066701568034 -4.160994491291729 -3.201025273768419 -2.6948026978533925 -1.494311310185722 0.21398074436996836 2.3532480792754478 3.781831774766326 6.678895092048029 10.719693946790578 9.59299388676162 8.263429463951448 8.524312636856385 9.620296543601794 10.19457949933126 10.731843441208003 11.631200951509 12.855494061771447 14.986371464718857 16.131466261485794 14.898990717991982 9.847627019443355 3.732734160322331 -1.5160934312641476 -9.662152754260147 -17.71625395764701 -21.021710692978257 -24.623035614346815 -26.06628632212336 -25.396459535901517 -24.597838814894793 -24.604670240151208 -18.430646709381726 -13.334588529354681 -9.769703146696644 -6.946528930654948 -5.239546935770761 -3.972876425018978 -2.983972610385333 -2.498864682641476 -1.405946344128796 0.35613908085058643 2.511587670891282 3.996523590634072 6.892221937297774 10.589808923006423 12.145087700129478 11.54285565045554 11.015311301505749 10.778532061028262 10.996233244900571 11.717417551088204 12.106592329041426 12.781848734898684 13.768952388044493 14.407025007185256 12.304963283415882 7.647866279369241 2.6828869594909714 -3.2319308395678044 -13.377161721581839 -21.101835734545226 -20.042898741938277 -23.548488133124206 -27.387959390892686 -27.86774607501893 -28.774242082958338 -25.265246149266662 -17.85449517449304 -12.715168779364692 -8.777202533266028 -6.362586279473539 -4.773306829603129 -3.6295005915805927 -2.768500088652492 -2.326909857919381 -1.3207196979063969 0.5168759931052423 2.532017562174739 3.883858488536879 6.574175182561946 10.09313853713863 12.942723981046948 12.623385832286015 12.2784911141523 11.564630049331443 11.815306174919801 12.425238574389484 12.499730634189163 12.299716827290581 12.26442008940145 12.45765837003035 10.799655666792695 6.852296790857538 1.9450092300349646 -4.24074456258228 -11.238155847143606 -16.220284352842015 -19.00758259998153 -22.419264357280042 -26.26206495109279 -26.632991856177018 -25.365273928238885 -20.408215157332744 -15.195411324768735 -11.14630687487921 -7.819299871130083 -5.886687802852149 -4.472484489233894 -3.351943663778117 -2.5797808570889935 -2.184550637964217 -1.2513097184233921 0.6698820667136515 2.439157596588026 3.4998645229140886 5.545383006502247 8.050295599045858 10.140170849177245 11.011107187837874 10.771900119022671 10.387807548514036 10.711975408421784 11.341834795258945 11.312216771475905 11.09621790968223 10.696491932215975 10.016139346188924 8.564310962343626 5.492766917034524 1.282901829895174 -3.9868194093559812 -9.666349948852172 -14.632930899182435 -20.532290044849645 -22.69635114680322 -23.073368849988924 -22.14257680501205 -19.649515575127907 -16.127094420201516 -12.497262263180266 -9.189665694320206 -6.704495742061587 -5.15541575681046 -3.9777717770761734 -3.0698589913231835 -2.421158397029237 -2.073250572894182 -1.1957651401476976 0.7779604134028295 2.2982285478922617 3.072113687411485 4.423356340038806 5.984476509988693 7.315116263085495 8.217207446087858 8.604312976857926 8.687703219700017 8.95378621242177 9.383055985518848 9.483289507750078 9.2918051594424 8.947081511139467 8.26344261496127 6.735596033274326 4.174825109073907 0.776273667974778 -3.3599853149288688 -8.287441507512984 -13.18065964988461 -17.048827375432964 -18.967182920117985 -19.24208059662257 -17.989971238163264 -15.719827304849808 -12.89364330100323 -10.069399501756454 -7.603898176779473 -5.735888288548642 -4.479963954785264 -3.544452331938395 -2.826167150017629 -2.27894850255438 -1.9726512910451195 -1.141965701605398 0.842161295046258 1.800063712818649 2.178817208110145 2.7525322831627017 3.356898156776615 3.978859233455921 4.545422800404435 4.95632056156704 5.201072366733187 5.380121463064993 5.488872094067534 5.428944512705206 5.170892844455898 4.756875880794881 4.124836199644868 3.0909072919137426 1.6070177139039137 -0.28699054197213264 -2.4938194598171983 -4.868597645603298 -7.138913111427026 -8.816924806356448 -9.695000354918506 -9.759430042898746 -9.1049707931557 -7.995292015279323 -6.659440131158405 -5.369816605957772 -4.27860002383032 -3.449235582151357 -2.871399190142278 -2.4135849151789115 -2.0327935476951833 -1.7046112408683165 -1.5041139051165004 -0.8724752440918578 1.5174430040508902 1.9651900961140487 2.0025875306108003 2.0595180739025465 2.0589657596905817 1.9868468443938034 1.8129883448566033 1.5120404675931043 1.0738100575019522 0.4944692537480742 -0.18982926647150072 -0.8917388626952492 -1.5597014318569065 -2.1673862917779934 -2.6762678898955388 -3.0296356900624057 -3.2177092372509364 -3.272214521370864 -3.228219162487899 -3.1485546227278967 -3.045496299107687 -2.890382023638732 -2.646255669496251 -2.2485005026957094 -1.6629510075594682 -0.8438980947292919 0.12245668054578748 0.9826088221232258 1.6275279513764038 2.041477596789743 2.234874549115362 2.270133279962134 2.200766339795181 2.0483826582789764 1.932454567587185 1.3047864827384363 2.0161510685875337 2.9562343341987014 3.2747287488278736 3.814626951924256 4.405651751060202 4.979553052835989 5.386964172518203 5.399632412631132 4.944618374141728 4.079102148272836 2.878944461862018 1.4745953857056193 -0.009453503754360867 -1.4341527460743633 -2.680962138906639 -3.6473702831834833 -4.226232747228603 -4.216129710225143 -3.7741008233862625 -3.4773551789163983 -3.5831043872031123 -4.286705740060581 -5.2082860345368935 -5.0933084202238295 -3.768243839618235 -1.9816362286616853 -0.21687514603167296 0.9174463736942409 1.3928813258682806 1.864990969901358 2.4406338120229014 2.782709746701054 2.838912281821471 2.6778007420990133 2.496289809306729 1.6040235746129732 2.1305139652754725 3.305967023526416 3.755207143557623 4.545142394507391 5.459649706488413 6.382722756649496 7.090133379978755 7.221434511528545 6.7035956202679925 5.747215819190222 4.438696926970029 2.7784824541882656 0.905887908895275 -0.8985814142102645 -2.4501196777339644 -3.6582136394071405 -4.28018858490888 -3.695037002991444 -2.2385161961364055 -1.2998716023660017 -1.555648262842538 -3.6091814078135283 -6.518721189005039 -7.055546108135499 -4.8491970192754 -1.9620437260516654 0.43015895471319643 1.2807888188700705 0.9943893074900341 1.176875247959451 2.066584542255396 2.7235441749919276 2.9078460784669153 2.7810780906239696 2.5863848226748725 1.6241159620089336 2.210850221034028 3.7612794782753918 4.4369062374193415 5.530062019630701 6.739358073658698 7.899675641096832 8.716019503851664 8.739017422848429 7.957266329073123 6.869502168334418 5.571523835910378 3.8114336924974648 1.6779862609189882 -0.466131360747587 -2.3891687216681774 -3.995434440448333 -4.9090797484916235 -4.169237358737597 -1.8912936593581369 1.2494677491369193 1.279275705596791 -2.4938891946634287 -7.653956325803602 -8.406078550238448 -6.674981222682235 -0.7102054584016827 2.2730082154488356 -1.893904931103657 0.05295398161445742 0.7377760481369008 1.909767051811849 2.855516830946386 3.0557680116022037 2.843797708672009 2.6307564756952533 1.603492618123124 2.229210805432401 4.331796828470217 5.307445532061025 6.162698641146804 7.517168119086678 9.014036250245049 9.41429649986918 8.792499882437308 7.145471462329247 6.050950144998734 5.144588771822844 3.6693066266690098 1.6655664966009025 -0.6867776450781294 -2.9177463796250893 -5.104467886158406 -6.860143228875853 -7.284740735266752 -5.545628047890632 1.6158998800647528 0.6869472398842186 -6.491484861833367 -10.796891569810185 -12.454174954568032 -7.905430123636897 -0.11402369904303392 0.18835527211327593 -7.341771085641511 -1.4536215575053588 0.1514450468675608 1.887814730635127 2.246269885729529 2.723423639854113 2.822368963709705 2.623379819497005 1.5481680823846333 2.1745510136797233 4.876575834976309 6.196045002869666 7.238405716872904 8.638054781638635 9.804424496623506 10.029924972992859 8.782427483083707 4.964160114637981 4.095048438305324 4.059124956952919 3.043830731059714 1.3934152176590446 -1.9574585726046576 -3.604589370939753 -5.221338640307218 -7.854902701485481 -10.16850093211522 -11.016306491312713 -6.183439026455696 -7.8949705508961445 -9.27942753868552 -6.809142290219482 -10.036972286090641 -6.1577714230999465 -12.463655994833784 -10.587076575623561 -1.144988214493828 1.2355617488888382 0.3848627299327697 1.8633239466678153 2.0558614356678113 3.055823341571326 2.8369230019043314 2.4976256368423493 1.4583475686407692 2.008672080263719 5.192512925720481 7.18856392168193 11.166286166660148 11.639032101760293 10.140555774467408 11.390054931027775 11.442056152813777 10.37485501365429 6.455103222778685 3.608578348257275 2.5502201489631453 2.8148366561800287 3.6601430362175753 0.21866562000994108 -3.8026083178479904 -7.484470822799229 -10.936590634976774 -16.073315180804638 -15.629099057466481 -14.744659703641203 -6.864535959288986 -4.242527836369803 -1.6692595139536812 -1.6171039156461062 -12.642256778720595 -9.417776446778655 -2.5042199117358765 0.10428596109637303 1.0674865313018023 1.342418940971468 1.3087408415122876 1.5397007657279198 1.9369586894733273 2.1005275466988453 1.3175556118509715 1.6783610163276343 4.904074911362438 6.6810885453796365 8.41741971927381 8.232227389972257 8.948356821688822 9.487391252278004 9.898618483913149 3.106539643925316 2.001318111674087 4.785119339569442 0.1043591489943223 0.5774879343225188 6.102155290072865 3.9031127617278885 -1.8909228689397295 -7.2530607638922096 -6.378075895654208 -8.142345600610554 -11.263349300464299 -11.515969419309672 -7.857583648702965 0.11551605879243841 3.085964290052026 1.0277124437883878 -0.9674586969682494 -2.1471351873861355 -2.3752911913147603 -0.9060848323885999 0.6305586953678823 0.6580750658683896 0.7485441244225379 0.8820643875707505 1.3448203162616248 1.602488655358325 1.1401158309107104 1.1284068379473302 3.6253214872349213 4.793912235938711 5.695109425350775 4.395992450656138 0.6582947866421037 4.47110916918252 9.839714133204852 3.1844207457973774 -1.2774989613573018 -1.5617263030201338 -1.127377307702829 -2.1771921377254126 2.2757102257918236 5.040458885546403 7.322306116261542 -1.8902381950221863 1.6254989886673465 4.320486572152625 -4.679231010148152 -6.070443308116039 -2.472227169135107 1.9344295182879399 2.1585146882441126 -1.1970574353279297 -0.6561862460562229 -1.8040815768640832 -3.362747209216987 -3.056483012403928 -2.091605606661486 -1.0190744991339455 -0.008016050672420744 0.5592372272102685 0.8101667411194051 1.1235384519774863 0.9391384862149414 0.42819731748409473 1.5758032185506323 1.8911951340954347 2.693451415877065 1.0422366956717137 2.150004912903171 2.376373932418067 -6.451083076596647 -4.595767365437772 -2.57489199249919 -1.182606047068373 0.27462687300828886 -1.7926381845900115 0.7312675064670208 6.580271517408372 8.84981323786943 -3.16124167431564 -0.4504126983744195 0.025411633322022734 -2.500350512236921 -1.2779085813796756 1.256081433379723 -0.592132984176935 -4.000792052408995 -5.094354803241372 -5.154772747268945 -3.75989204448666 -3.9477958330449874 -5.362356531106552 -6.166546141570996 -4.565736205703739 -2.066878173531357 -0.5177140403027792 0.34629196166980897 0.6888774382357272 0.7043159687601467 -0.35303482484613413 -1.0126255195060019 -1.959698313262746 -1.4428603975905923 -0.8432592104235628 7.303046942832164 3.161436408590958 -2.0822332265883188 0.9066052743466232 -1.0811308740757042 0.984156522440242 -0.49809651521950243 -0.4054541388153846 1.5446857376038028 8.381330432413028 9.951130727429245 3.438801484894006 0.9346315536264974 -0.5720791001393923 -1.517703859272905 0.8767181224780088 0.9430478831267317 -5.041198106051642 -6.671981602993309 -6.496847765239229 -9.142728340969338 -8.52155667328734 -7.91228281280018 -8.246888141262911 -8.035103228649046 -5.570398470921503 -2.669861159296646 -0.5807060346095159 0.04689580046623431 0.23004285143719733 0.42524897356755575 -0.9616920532658066 -2.7945474673176176 -4.170668611728964 -3.59418048008897 -5.499629856890172 -0.974360168769082 -1.8133393693583624 -1.7575040985840635 7.34988894065489 5.863228642273376 7.61946717902466 8.748058891338411 9.177582932697764 8.867621771261494 11.243411036936248 7.32858409261105 6.095464559530202 4.305032655189468 1.1307622588113804 1.1693530678646695 0.9391169753435503 -1.1519836829043781 -2.61966329622571 -3.787934550374145 -5.003548879954335 -8.229514769037092 -11.405509657331807 -13.172853362109922 -13.7176764325231 -9.670439967380368 -5.1050106426286685 -1.668640847188612 -0.30795813043008025 -0.437987537543056 -0.26645105347450004 0.11594919986498622 -1.148352105801918 -2.2788720984309894 -2.2990809813877418 -3.676568578516859 -0.7339231906741004 1.9463683609274522 0.8485604601217489 4.757860579002314 5.702921323236574 7.193255445359547 8.88701856570123 11.613893369309837 13.321248709220699 12.529039799365538 12.772663077056311 10.341729473195182 6.051113157541845 6.346939915731085 3.710553725196802 2.56556751277623 3.0125628298141813 2.769402886060203 0.9915415730141263 -2.6067187698448695 -5.20924048515398 -7.798454720571045 -13.59268362860245 -15.597038502275216 -14.293070082769503 -10.34620492183207 -5.372037212874313 -2.232197945140354 -1.5372392421719978 -1.110222632187245 -0.7573577137941551 -0.20955091022541314 -0.9405224302623212 -0.71284583909829 0.29106702523048794 -1.1601457359781013 2.4760122468906416 3.14482157046846 3.375140778002351 5.0582346220493175 4.424173970579133 8.478400161651594 9.396415055275455 9.86784709025433 11.213705320977681 9.887871170167076 9.605265707730329 9.111171924159173 6.550206764514384 8.56576357815784 5.280634197472531 4.534445931069825 3.9459071336745395 3.01091554701938 2.2400079242851785 -0.008791349322640132 -4.352566683418656 -8.498666558861814 -15.852011843143377 -19.645061366549005 -14.709468368957141 -10.035588791440958 -6.4620970712562045 -3.490718194897067 -2.7046003477947806 -1.7708619564719352 -1.2475514916989896 -0.5269054980417193 -0.3456911296545107 1.3470865446140636 3.147136904956768 3.8182898901763918 3.0500813473650212 3.7113799323009564 8.25754303005282 12.951545916177496 11.58041993446681 10.002489433603436 12.635805242969193 13.128383779296952 8.763438653116282 8.511874444462851 10.5148522400063 11.810775699839136 9.250603576134791 7.28633417603203 7.099023877045606 8.48343097158153 6.144422602513018 3.6158077348584547 3.0356936586406382 1.2548406644120194 -4.116766176666994 -10.156287497967483 -16.57597899181125 -19.8982389362539 -18.6869171607218 -10.755275831396519 -7.102196143009724 -3.948123957436577 -2.902755011282097 -2.108990306335034 -1.679829204662836 -0.8114510728373884 0.33699275331599005 2.9978160447251323 3.859855716418123 7.4896926678730615 8.939171484043086 9.063947071812603 12.242611759627193 13.968207463131439 12.926061833850866 11.18709883872327 11.80749959796534 10.468427716390122 8.550617824632669 10.617443722624984 10.900666480217321 13.12282369620045 10.791661252930728 8.106610305272447 -1.9100483253050329 2.9173734332896846 5.145926292531145 7.348218896989112 5.935304383336834 1.2645163508224293 -5.0336118363622075 -11.614046889536032 -17.37136810529599 -18.171464368908595 -16.76804403668818 -11.603057087816973 -8.173020219905125 -4.794739960216333 -3.238885822938839 -2.4328729915779133 -2.03669671341122 -1.0453033441708086 0.8375722589842185 4.181384677608828 5.978941908867274 11.1885190703812 12.828439815032446 11.823652032717522 13.110552886396437 14.692777280072837 13.289806102438565 12.625552102580352 13.705985983927889 13.98992857881239 11.617145499794455 10.950534749910005 8.253331614070374 6.885358700881697 7.3406946976540635 10.260694685369115 4.971767860166274 4.756475174979112 2.5509925065400254 5.416261590218719 2.3663380275554484 -4.5128725851827 -10.573862685699948 -16.055824271121942 -19.394379389387634 -16.74783986641509 -13.520480963263305 -11.259172655214083 -8.046696741676156 -5.049906628843577 -3.6887055992708735 -2.807482520757275 -2.328275759029715 -1.2110072588277043 1.1913056151597832 4.652064832865579 6.962510497554274 10.982859479784203 13.60477519347725 13.784844530965339 14.888394301026395 14.584067885079522 11.478932002421402 12.327789587609336 15.507209207599278 17.95503634875984 12.08605362301606 11.125390393027901 3.4194275277229553 1.3170877267256302 2.9871586999278086 4.765192394668809 2.71605452662966 1.693084243798127 -1.0262559233160877 -5.882879695462661 -10.534302438357486 -14.736351364560896 -17.821229482996703 -20.065269944605323 -18.82882359455916 -15.680984716469428 -12.40732621407243 -9.971483024630789 -7.643000691811582 -5.361550403730844 -4.0430161283159896 -3.006634285252264 -2.5006940685316863 -1.3114011008791486 1.4316333016277776 4.660729147509032 6.632388443303777 9.771324444419708 13.033497380832557 15.552866079488538 15.494854157865113 13.084727239595347 9.886481630662313 12.781707656264082 13.702873396196216 14.34800714766958 14.456688778889504 14.865116878853067 7.408334668137827 2.236679123870557 1.0125217896730936 -1.2043323470838352 -5.990610662055212 -12.182314834828727 -16.603018863162045 -20.54012710464735 -24.139844039927475 -24.17790123403786 -21.29038861795788 -18.8767153828013 -17.53524313856762 -15.325606273705665 -11.601896151239487 -9.223941766300085 -7.320755619320304 -5.522538567513919 -4.143193795441654 -3.060783009537046 -2.548374523022403 -1.3491908692387398 1.5695954152179215 4.395928407758387 5.940651123030432 8.52682737646121 11.514153714559674 13.909029880428488 11.81680588241758 11.977196117963558 11.252042825761698 12.200582308654768 12.956690620420042 13.910063128551426 14.022128944236192 12.52307689422402 9.026094135513128 3.065539028009563 -0.7832842381655171 -5.268501479647975 -13.125388426073728 -22.15345165889024 -27.074362465103523 -29.060895429133257 -34.75445600331614 -29.762067864844376 -25.479939545276537 -22.1260289702964 -19.00329662536319 -14.653575562112135 -10.897622155522015 -8.039626667381212 -6.412649872664248 -5.1107485086031925 -3.9431358452504375 -3.013034961473064 -2.496763618000646 -1.3349491576171433 1.6150640314053144 4.028135858502132 5.165948144115931 7.053276984682798 9.335989982974409 12.413366005384786 12.312639273389724 11.70154669908023 11.89180047504106 12.092964063673213 12.38701242954249 12.380324937312063 12.267104492200849 10.090369698820217 7.666997583915864 2.7302573252780347 -2.6887536977732633 -9.014122806845899 -17.32369470686511 -26.142816813331034 -31.99689723685112 -36.43734091446574 -34.010393885089655 -29.48266054113146 -25.932029855330228 -22.80049943746946 -18.943021064989612 -13.371675025947615 -9.797546930814143 -7.305902099132823 -5.75229646458466 -4.579369534174611 -3.592301916446773 -2.8126186114738028 -2.3591912767111514 -1.2781103314117344 1.6059349699908654 3.6445435673689204 4.454989111737804 5.65972323544555 6.858107144582647 8.888797617800035 10.893878221123417 10.98481843079478 12.174514315734356 11.92369957013082 11.388864685873521 10.7024028739633 9.834919253236635 8.34714975663699 6.01199269687834 1.527772129918443 -3.826499827277161 -10.20486640328545 -18.57798555642026 -25.426873599955066 -30.800745982484248 -33.15816529545316 -29.00081103836724 -26.783376562883838 -23.46536465628152 -19.9707788480162 -16.104937233927267 -11.963002340120493 -8.740388257113345 -6.6453889259385015 -5.24065578174985 -4.090852318353932 -3.2367705021211255 -2.58095592704385 -2.186099771891893 -1.200600336855088 1.5634806926820375 3.282526172262875 3.8989279416721487 4.7515573025651 5.568013908770275 6.344030463631085 7.357305521488335 8.985424557770296 10.320171559533708 10.611839022674197 10.231569991797208 9.46598137179142 8.233456420354726 6.824576763260833 4.605855934048918 1.0316235865521248 -3.739609023759632 -9.264241604074885 -15.80220025423368 -22.024708062247186 -27.563791338595756 -29.17022628630761 -26.55126339119377 -23.886361340725664 -20.53388254177112 -16.9980780601837 -13.553883814579246 -10.340399747032933 -7.650643456920779 -5.745561398814907 -4.5011977024838306 -3.5941931852315454 -2.8965775445257376 -2.3364262558101707 -1.9946360711171982 -1.1062063428372708 1.4997959309614899 2.970144489934172 3.4755985911724228 4.1825838589142315 4.867401578460122 5.583583009451764 6.33418559499463 7.368551016858782 8.345278511141732 8.8379508710166 8.739397709444289 8.077843487056292 6.92577509557652 5.453434127505133 3.5086799309071117 0.6186469160161724 -3.2297864872734676 -7.788457233843797 -12.752770730783464 -17.903912567560628 -22.114120798632882 -23.58668174263785 -22.445332994449295 -20.318588312216875 -17.526247921181437 -14.500205162188367 -11.555840554914452 -8.873388911299037 -6.632908110115511 -5.004679279492162 -3.952421866559077 -3.18764130306085 -2.5933919739023152 -2.109137923341994 -1.8113026822210767 -1.0100112264701708 1.1954058713952807 2.0515090679650636 2.2887106795132315 2.646721457983224 2.9958894652468415 3.350337438432092 3.6978577819630956 4.076431173585277 4.435322900950999 4.632338327148188 4.589526990429067 4.258615106432797 3.6315453512358284 2.778616766121378 1.6521996280719695 0.057130996210822356 -2.0125059815612847 -4.43080172622783 -7.003131556733397 -9.448085012172488 -11.415212695122088 -12.32576204698007 -12.114364239546425 -11.215222321076775 -9.884660709456709 -8.342922370664885 -6.773773180455283 -5.330168510198608 -4.1167045239034685 -3.203995131773651 -2.576141257162647 -2.0994131342304634 -1.721744089732625 -1.407539040704909 -1.2137373315919475 -0.6757299589349264)
(UseCyclicTransform "false")
(UseDirectionCosines "true")
