(BSplineTransformSplineOrder 3)
(CompressResultImage "false")
(DefaultPixelValue 0)
(Direction 1 0 0 1)
(FinalBSplineInterpolationOrder 3)
(FixedImageDimension 2)
(FixedInternalImagePixelType "float")
(GridDirection 1 0 0 1)
(GridIndex 0 0)
(GridOrigin -120.67502398488337 -120.55921609299423)
(GridSize 35 28)
(GridSpacing 80.526961000835 80.85378406283678)
(HowToCombineTransforms "Compose")
(Index 0 0)
(InitialTransformParameterFileName "")
(MovingImageDimension 2)
(MovingInternalImagePixelType "float")
(NumberOfParameters 1960)
(Origin 0 0)
(ResampleInterpolator "FinalBSplineInterpolator")
(Resampler "DefaultResampler")
(ResultImageFormat "tif")
(ResultImagePixelType "unsigned short")
(Size 2492 1960)
(Spacing 1 1)
(Transform "RecursiveBSplineTransform")
(TransformParameters 0.16781077225672655 0.36855118874985404 0.4519187714989133 0.5520955942773126 0.6551829620172918 0.7631630340968658 0.8674018079757733 0.9659762644644613 1.056150901046803 1.1368713120129545 1.2070192336409633 1.2586292912944597 1.282953561222683 1.2841654194076575 1.266737420436158 1.229285512238513 1.1698304657180951 1.0893595688195796 0.9888917598553163 0.8755101756278229 0.7563145159890539 0.6333339032360173 0.508552668950716 0.38815731789974545 0.278339083164639 0.1837085636047026 0.10892314484025202 0.05237791697499797 0.012393218675821216 -0.013734141778173165 -0.028663673425152063 -0.035342837594216116 -0.03614405942011158 -0.03391165163437579 -0.023859092741935775 0.2402239824082301 0.5103980435765639 0.6090440171328865 0.7312146008199132 0.8712692081982925 1.0441552768276203 1.2492664646511118 1.4242085671103175 1.502520975607123 1.4568767455163596 1.2565454360571566 1.18665932233867 1.406539557387619 1.691724775332556 1.8292028876405282 1.8589741743889274 1.838524350065132 1.7662550737728118 1.6429650956310753 1.4726322084565124 1.2564077557701308 1.0270473885146822 0.8175898937666355 0.6277507622239615 0.4553782726040734 0.3093020176248937 0.19888273638220166 0.11621330287848285 0.050583594380373846 0.0025224045600944463 -0.025867943508660264 -0.03990444663584087 -0.04407999785504939 -0.04264171501926434 -0.030918469372149218 0.24329703958715374 0.5111465623917733 0.6020432796326853 0.7205156280583361 0.8730687880205119 1.0811534263867137 1.356514786157878 1.8607022038455048 1.8889116406151671 0.7892199690890035 -1.7740966269012128 -0.4210072326830447 0.7623643339392104 1.4853668369175164 1.615597950453156 1.820297107033219 1.9872706217648852 1.9639032591725514 1.849647575081761 1.6664004553174494 1.4055965599743048 1.1175093325085022 0.8682367192425546 0.6581407392909707 0.4847365894298733 0.34406667988144646 0.23476830464918957 0.14561509259928443 0.0754291860595002 0.03184853421764087 -0.011795135469783159 -0.034271056025290264 -0.037363053249005365 -0.03701808220709292 -0.02791498494704424 0.24354224464020927 0.5128655176522172 0.5977776970363518 0.7141162576566354 0.8770724045028504 1.0673772298873065 1.5238423358171198 2.3527605471827324 2.5202401947685953 0.6160465514379012 1.254055400849085 2.975066356340117 -1.7731647570711186 0.6537277177305251 0.3305233183097923 1.0334905677435493 2.013186341806732 2.807471630646887 1.8805052903596018 1.3630072419954826 1.1919727329974874 1.1416451028363945 0.891707477826113 0.13359474841956753 0.3865075906536331 0.47402810300856 0.2886409739339247 0.12177218546746602 0.1486929744251765 0.23533498430593014 0.13083015399796732 -0.006294841749512396 -0.02519717136451363 -0.025119813363564825 -0.02143305202496895 0.22743607360391324 0.4935452332945562 0.5746342641278481 0.6894005109326103 0.8568330063441556 1.003613309308053 0.9461460372258262 -3.3826780151339784 -0.4855012834712428 2.3817988975854427 1.435889002003552 5.668215999737444 2.2721652230366973 -0.8425221362160986 0.6239392157749418 1.8332556013003816 3.3168104158455565 5.596664080717376 3.6829743116066704 1.408706242273634 1.4292484644984262 1.835656292972694 1.1809622277238365 -1.5686504121188416 -0.1288364309527997 0.570462195811745 -0.5830214171284471 -2.2548504725429157 -0.1889665552465009 4.190548798739546 1.394566412724968 0.08380348690863748 -0.0007084651879570533 -0.004574040578362079 -0.009133014326080215 0.19302782089599232 0.4513490989491062 0.5318705622050984 0.6498301707890596 0.8402096950448178 1.149728680924489 3.598190873686687 -0.8858313149008892 -4.62193360550506 -0.3661469253133727 -0.056273996774783654 -1.52798049072099 -0.0006261590106392815 3.5405021638805003 3.9192879619019565 4.1980783122171985 4.423404363780933 6.329005349258137 4.858704545532727 2.5435143490964465 2.6236062630727006 1.960196637071321 1.6412973100313673 1.0720138948614066 1.1431647227839488 3.0197753786171524 -0.05720293075814741 -3.648305635671701 -0.19511260077381323 6.58961986391736 2.0054009528673284 0.14155542711069355 0.03369661275549255 0.025007807242040613 0.010377795744198278 0.1381864108446646 0.3853920191740794 0.47125440185530654 0.601860549969072 0.8085772790213369 1.1436393351073584 2.867037413604395 3.4347637611431354 -1.200448846451645 -0.026893977168437857 6.0996719302232325 1.9562385994472258 8.836545533770964 10.017360631117626 3.9128339537593284 4.312117417058653 3.8274852920830886 5.270109487877583 6.20437868575435 4.1638560159179665 3.2722584500072402 2.0419675030376863 2.2925944967501133 1.2033220014851205 1.0214973946960046 2.3447777197009345 0.7827718140185346 -0.2890084110968811 0.15294107443990757 0.9507576364184048 0.5098165451168056 0.1394404113513836 0.0746246447998853 0.06504338870792789 0.038038313032189866 0.0652444384093477 0.3065174544325638 0.4090310942938739 0.5650609494809864 0.7835942210851724 1.1420875137833881 1.9585815661750687 0.8091454350511321 1.6819016332756829 2.8881735840708096 2.150251407552403 7.845467111098599 7.357214383228355 6.2508408162024 6.419191150315408 4.772011162259388 3.3281250646543783 6.54874851513204 4.541510979536024 2.2777271772680043 3.264455326761789 -0.1438782595656811 0.07214741643989779 0.853932564116922 -2.324249797383799 -1.267985175186605 0.09213676967184875 0.5841969075587182 0.5611655742596846 0.18377502923711497 0.19586498329449017 0.14729986397813183 0.1291707887290332 0.11685771317440324 0.07399001781149067 -0.024273056615066412 0.21475256184216732 0.34450803643817723 0.540575690264246 0.7689599634870656 1.1469151186104816 2.704630672981568 3.8004783081067424 6.000731841283926 4.27375676141575 0.6936953329639934 5.248184844805055 2.827849270357247 4.144236529785675 6.703692405900397 6.669236651436708 4.98035561182009 9.740431560388622 0.657537677207506 -0.8308859009495787 3.353433568162902 -1.2522859755077413 -5.767937498961443 -12.375243146069522 -6.291424395736741 -1.1025173576846756 1.6792506384258177 2.1609551643261047 1.071999638498474 0.0962725134524152 0.18712621778765295 0.20151995212072385 0.1957763421651013 0.18040443621286448 0.11815292954456551 -0.12859116058471542 0.10423293039505778 0.26695567321297115 0.4968174713403675 0.6153728643637763 0.08430559765791847 2.572060617688886 5.985469207858099 7.419598371743819 4.499014709055906 -0.6580101265715199 -2.019958396319451 8.482621893336944 0.8013124851171133 2.033014449407199 2.5021526765634974 1.6859380753153845 5.908488009258565 1.8501816767911026 -1.1333891255354327 2.3065031557816367 -0.9848130571169555 -4.796640149050887 -9.607563011034184 -3.7543863737878884 1.622724310675012 3.7420997758100896 3.2888581577709197 -0.026339385776504288 -0.1202243292704501 0.26220968034603986 0.28585683613683993 0.2760124237955789 0.2562919511522552 0.170085721577494 -0.24524081896240874 -0.03482819660381418 0.15181117684956583 0.3848194021243539 0.10448415189912748 -4.940750191184906 -1.7835633468662762 -0.9032457227774591 -1.428316501654084 2.621708154927084 5.494636107759392 10.985949626043181 -2.758027593635879 -5.951157360857366 5.401563971992668 6.417791567157765 0.020264511767543243 5.151073961168546 3.888657785421135 1.302072901133966 2.373728856014656 -4.269367357081401 -4.996938198688846 -2.765061859603532 -0.5984380704327827 1.5341606431433898 4.747908729204171 4.488527944351109 0.25260817082971665 0.16998176829001438 0.37355087011607263 0.3878195300317891 0.3687138734106726 0.3435109483997387 0.22913031259626832 -0.3708734778738084 -0.22070367730662693 -0.04161523628926163 0.24377177730659869 -0.3264532053943679 -5.450077551665934 0.3053380943931921 1.7798138393686422 -3.3648480024362546 1.3497238767854418 4.412525153681037 12.197733616018954 -4.011793221432684 -0.8205948830310331 8.449596898014267 10.891366294299827 -7.472084759690055 -1.6921013029110403 6.336238513840348 6.380269722741909 2.749770735377611 -2.073571926352436 0.6021816956984459 -1.8300796691737333 -0.9960471541547564 0.28965812949694913 1.105994118280097 1.5815132361483475 0.7494889754685007 0.5195183018653201 0.48891039543211917 0.48969370324683853 0.4683708798118811 0.4383867025651443 0.29434378204515055 -0.5025591796318272 -0.46229926453682046 -0.3246944830149968 0.010851372193668574 0.20509065895829992 0.8523456808032764 12.29945577566712 1.7907806348360276 -3.448223922081525 4.173408975202616 2.107910283570984 -0.9133763818458415 -2.0740703173353077 4.217201920201909 6.041502094052394 1.5442096831436247 -1.6621988075646577 -0.02823676513825741 13.547877523026415 12.068236794249357 7.252909942836815 3.0999276407761203 5.968866074273305 -0.09649838883076067 -0.6240920871470791 0.019228952200996113 0.1889056212044058 0.6803115593712465 0.589568801198853 0.5465348111287055 0.5765179245082287 0.5919103954906946 0.5751604540024288 0.5403270667771486 0.3646412067898966 -0.6369214243459561 -0.761248111165959 -0.7011786277828778 -0.4635168366366881 -0.27357412885421045 0.4006910382055725 9.723718172846413 -0.7724032558100433 3.559437376907667 7.6394023304736445 5.632166162240799 -2.2976255296211576 -4.165614671090944 1.6118457796792973 3.6354738938869273 4.722607246930901 5.678127673075753 -1.2207641405113026 7.871559893628969 3.533184035489312 -0.3809294999468402 -5.3948618889068305 -2.673982666838731 0.48214309475592876 1.2309847108564367 -0.38443766095302845 -0.7667817918736145 -0.46894905607231435 0.2586745734155289 0.5070748994918374 0.6604465762446802 0.7038272999793074 0.6925937353879109 0.6503514046420659 0.43874142256318266 -0.7722546392185596 -1.1097501190173806 -1.163133703663162 -1.186212912982385 -2.8610873767302154 -11.155203832362522 4.472084887001938 5.65838749966006 1.9077516249392479 3.230529461389013 -0.8905945193026215 -5.892103073454691 -1.17162279746855 1.987068843510357 -2.6796553765408233 2.9807436005783234 -4.737393990248689 -11.24971450914898 -5.644128217852448 -11.266454521888022 -14.410024445424522 -11.35150695938672 -6.197177255323602 0.9435143031034217 2.9678694431936368 -1.5853847060910795 -5.236186174040145 -2.1009043826272147 0.4921722538285327 0.5310191717843137 0.7889681756153818 0.8471214634984039 0.8301876281767001 0.772578814519302 0.5153569260250283 -0.9096798992884708 -1.4924466578034588 -1.691085916361809 -1.9676421699536877 -4.097322958777962 -11.010574506825701 5.931642676230705 5.365339369573875 -5.12647971907365 -3.435563907139038 -3.9025766577021437 -7.401702801605027 -9.029374368785819 -0.7809764576478676 -0.14982507352893867 1.3091838531704607 3.275031144501551 -4.301645480791241 -6.228235962732129 -3.4025158267976106 -7.137129455037646 -3.024054898684098 -3.9987622667128493 -5.0049499289254875 -1.537252976252489 -1.1227903162866701 -8.29556697804234 -3.3573824302787267 0.21766690951930706 0.8407237090420174 1.0562961091641625 1.0694662671960489 1.009162866696433 0.9178948198102765 0.5934585681428385 -1.0465503273594432 -1.8931319131855464 -2.231647725966817 -2.6379593745227723 -4.124610878480997 -3.166867319706058 -0.03979341706478386 -10.251734290126388 -17.48012597159634 -9.757910052532315 -6.810787768182694 -6.616361286845653 -6.174613020044373 0.49292489070863504 -0.8758903234098606 -4.476575386264841 0.6872268765299737 -1.5361707606709 -1.3964974179097562 -2.5355781410175795 -5.852789191317871 1.3065111195191577 -5.53205107268646 -10.389150404872208 -11.300325680650698 2.9367570248324113 0.1435104474102731 -1.392615086654958 1.2281111199781187 1.4704850946252344 1.4821487232939003 1.3774452660589327 1.2318677401513376 1.0859445482257253 0.6708801126838009 -1.1780894357998053 -2.2874914323532836 -2.7321007596795157 -2.781034840177232 3.7265744896438844 2.1609500851657177 -1.1824798928893678 -5.437326072232541 -14.500614161612006 -0.9935934005224906 -7.287583773688022 -7.324494828816162 -4.198370719724027 -6.343471248764181 -4.615325033028472 -10.14276396699129 -10.982266427283072 -1.6422668706872945 11.074088761438388 7.476497707375016 -9.00971523815436 -10.04524162044501 2.0823957600999425 -3.403408294764085 -2.224191539113364 13.090343525060831 8.28075902674107 5.119490227575502 4.026994335381677 2.2055659924973425 1.9889658609448917 1.7405380653284028 1.4869241161445619 1.268898648045583 0.7447759791360274 -1.2944611642275228 -2.647153380631573 -3.2109776408267874 -3.18705353945717 5.212849350965246 -4.108248590659845 -11.302253385044201 -11.06947639733258 -21.480014579438013 -8.914604992663655 -17.381117736464862 -12.647094817158347 -2.246190084450428 -5.034621263473829 -1.266363051402554 -1.5595729658472555 -4.009926225186813 -1.9247562716845017 -9.534992172906392 -9.12692274389344 -8.832778413877618 -11.903152462281174 1.830011624775465 4.587908841917103 2.400758077766094 6.291328680600141 0.8363667379633946 4.714208114088543 3.452658241333676 2.9008856764679223 2.4910083655158206 2.1161427769211394 1.7490256621729 1.4508767502455169 0.8108483729992504 -1.3772874054719326 -2.939085762704967 -3.6530869765414042 -4.587825065743186 -4.766702105422563 -4.389031625597796 -11.08560921331055 -16.350210185982633 -8.000952921508935 1.1686873238658029 2.4310917457640375 -6.584113704546458 -7.726739265699212 -9.969398170878792 -7.176662318509496 -2.9231320725702123 -4.123102024802061 -5.487448046175095 -10.924267354816998 -11.329170368895188 -15.736191564232865 -25.495869534947555 -10.269616305111613 4.624872529074547 8.922767416181909 4.618573279123007 -1.1236572019057862 1.389358510881123 3.0435632323060933 3.5301861953395237 2.9228249684270637 2.429132574465434 1.965939320974966 1.599592810970309 0.8623025645450798 -1.419827279984557 -3.1368522879023546 -4.010027559743055 -5.089794464602183 -6.8781569158260325 -10.971820295898286 -17.347735748557128 -14.478527073246 8.17340416570712 26.975667314435174 31.57879334340173 -11.134680063871388 -11.467322677933254 1.2327098728775632 -2.982205347796357 -9.871200730637819 -14.976701054744833 -7.6046729468687095 -7.056095722101588 -0.0014945784009795554 -1.7090398534530142 -1.3487859898115009 -5.329988366231362 0.030949742253274428 5.023699732434829 8.430484598127054 15.481465540539459 7.8145264011150894 5.85730557765687 4.141351998728484 3.233725393741465 2.6457772162199134 2.113082698435901 1.6990425679148222 0.8954799998061396 -1.4251085529828618 -3.2117458573494244 -4.180966287200578 -5.256747408825778 -5.484946737378273 -11.798012998668423 -9.304007640154929 -13.344708359932692 -14.587422951114402 -2.1510898319603253 -3.5815621346835727 -15.763008511192837 -6.493887885144107 -1.4949245701161982 -7.058753124517781 -13.800613319500897 -13.803186080190157 2.0824630416696737 -9.080837082889362 -2.857800808781952 0.7635604543440301 7.958433939473088 -0.22066461106609814 -0.09561545638002707 2.4131970720004543 -0.3192337514033881 2.285386596926645 15.485378453280076 7.40485056869149 4.495835011519598 3.378105500269308 2.7427492303849634 2.176578338343557 1.7423581931531096 0.9091530183422301 -1.3944968836882086 -3.15557271002576 -4.144104659313902 -5.301654392718694 -4.931402942775344 -13.56699137516866 -12.545676848656901 -23.67795228264693 -31.0061447468393 -21.47319807840952 -19.197759382374393 -10.47351357120787 -7.5985182673937 -7.119722507494408 -7.891442259689595 -10.971939834208085 -7.410820626201017 -1.1232080013668355 -12.711456866837064 -8.285458907187609 -0.5636875302154749 7.6034494022497965 4.518901807108856 -2.0705870089449303 2.749808039941272 7.900212679169074 16.066545182307806 16.434139329454776 6.632147640542096 4.430436520990073 3.3492346297913413 2.7146991120797104 2.1543468445752567 1.7274347368526903 0.9019577886728585 -1.3263222595922568 -2.9726262365595435 -3.9096190082404485 -5.2255737263146775 -6.764271610703092 -10.7117752813678 -12.614734645686983 -19.258238932393134 -16.135283487354773 -11.792813781798959 -9.996392916860898 -9.814848532991029 -8.841879511049966 -7.872442254683644 -7.858362593579912 -9.028558448537218 -9.513378834324888 -15.185637545785319 -40.6621555733255 -26.071379614793326 -2.466781102601754 4.214054370721106 4.538513254506647 0.1624737602793564 4.341691845870056 15.850783872545394 10.750060180379784 5.712276091160189 4.962997575143379 3.971179784946646 3.1726030504075142 2.5739719952921494 2.0512353658723717 1.6529804213149748 0.8701316893405151 -1.2324017954144988 -2.700907988075244 -3.519003350201792 -4.665032294094332 -6.0739076066396676 -7.60985928017806 -9.127618448813562 -10.512317489017278 -11.076457002860323 -10.771939662166362 -10.089190422869079 -9.191018491092985 -8.330164887419151 -7.710709532320989 -7.529237350788715 -7.69934173244337 -8.247726895691422 -11.800613351159898 -23.129029587300955 -13.846835160381547 -2.2672332387484184 1.0355273973419752 0.4483290672096658 1.0983034628989716 2.402139481530721 12.915910133232105 4.3565719414886335 -2.398864861546252 3.609790335869589 3.432387853461711 2.8779914969102007 2.350728186233346 1.889736727317586 1.5354011685576145 0.8200534668262257 -1.1150251052685958 -2.3704042233760636 -3.040390239170702 -3.9234627125389205 -4.899090664220781 -5.928504510760274 -6.906594604824947 -7.730482284346327 -8.248307983896504 -8.419619918365594 -8.23188055094674 -7.819494779738045 -7.353400722346356 -6.98567987473901 -6.866824949515995 -6.949624197438512 -7.199540421263655 -7.136197446660351 -5.997293496282849 -3.8900968121867203 -1.8878673721911707 -0.25998544049987565 0.7981969404326367 1.6722422247096684 2.3704045649999106 4.107046615525805 2.359798166315408 1.1884422629002718 3.1656677809758755 2.9288559583415656 2.4843831995786925 2.061586604953692 1.6800341619504535 1.3813521144222471 0.754151234675818 -1.0348509715476126 -2.135313139588186 -2.6978485075114116 -3.418391901873055 -4.190019770696961 -4.995908531969909 -5.757129205712546 -6.4150544304724475 -6.905565877085942 -7.166242843958747 -7.125502271406753 -6.901123681610359 -6.611057113355537 -6.35185644507316 -6.222558316358637 -6.162695544990884 -6.106224064268951 -5.733224638650403 -4.692185413433956 -3.2839762050383006 -1.84425261870749 -0.5054726438816253 0.6311093321947201 1.587035617040067 2.3968822083420243 2.9686662401870123 3.163418842957221 3.1007198700574836 2.8822957823451794 2.5465024090268695 2.185229964041107 1.843966890157355 1.525397555640687 1.270628732272535 0.7099474335321684 -0.6654530236154693 -1.2854381016948209 -1.5692319025258703 -1.922019556823755 -2.2941914106020156 -2.683190223375572 -3.0537488276911775 -3.3881225441203613 -3.6661018091883517 -3.8628489931074808 -3.953223322775229 -3.9612778820773555 -3.911199011590863 -3.829918449046362 -3.744378469484695 -3.605821437131537 -3.3656504597038 -3.015205854178569 -2.547336330907764 -1.982530176695338 -1.3412924566330682 -0.6719380810664132 -0.0223759322118822 0.5632758072762278 1.0406794132678918 1.3775478648546016 1.541519007259894 1.572783808485674 1.5119370319874412 1.3929383685919432 1.2482642753021078 1.0979752136863035 0.9444239901554626 0.8120911057971429 0.479347564750803 0.15337555824534513 0.3631766209705129 0.47353156805532304 0.6209307167525518 0.7897015246366901 0.9843453548820562 1.198451713199545 1.4034413197332112 1.569955172382129 1.6754533890076067 1.6973491385902975 1.6455812914547212 1.5299605538207148 1.3882966232531453 1.2578091990216766 1.1378175742304435 1.0277175638639044 0.9274511776640071 0.8368563532290043 0.7507933937762057 0.6641144865995067 0.5772244582785263 0.4905247787466392 0.4069578335031316 0.32949029180026435 0.26041763328485934 0.2019988773771273 0.15299898107393606 0.11225400653313329 0.07918549692916507 0.05315967257117018 0.03368746920005581 0.019444647207903846 0.01024970498876191 -0.005014156490660157 0.17624308988384013 0.4838301817141803 0.6580400865399322 0.9109630400984922 1.2330975029432805 1.627822076363634 2.0829838355355883 2.5558256659169367 3.0048839632281896 3.288771168319498 3.2457057567749357 2.93775867898695 2.558742529414175 2.241184367498974 2.011895806755385 1.8146141125796602 1.598840239607819 1.386994719005152 1.202534007097172 1.052886575296148 0.9437219020241194 0.8449732897041561 0.7267548797716659 0.594529290535713 0.4571647330811367 0.329776392511381 0.22533099305290033 0.142998584347256 0.0844943582040971 0.04434239955819247 0.016033779820048093 -0.0023168702658232726 -0.013724723145071243 -0.019736656101674195 -0.026512356016663154 0.16923363312778836 0.49441220495716415 0.6819272310851819 0.9669884702920849 1.3507417194343936 1.8265637581973575 2.3878965901079785 3.0791474119262032 3.7133391994028164 4.183134686568016 5.322274511457385 2.9014085063538912 0.871521472714051 2.1895111500940203 2.3926499680250166 2.1191683871320537 1.7270696667811214 1.4313615377924915 1.2082142656398516 1.031286668954171 0.9332298020206113 0.8535709768136595 0.7336717858817465 0.5997164337512999 0.44671299269723475 0.27582520785824644 0.14239007874259488 0.05453244337990564 -0.006694361268758589 -0.04454687698297963 -0.04965264787216964 -0.049565512510937465 -0.05264737508832327 -0.051762711638647214 -0.044085874931750965 0.15665908119176503 0.4981103248951346 0.6972221008015586 1.0111288421573517 1.4439544352086455 1.953162999937672 3.095695372039869 6.160248761726258 4.754779240180239 3.8214979261256 7.628237636353926 1.8432126840154166 -2.8731608226034875 3.17397528621264 3.5113078926437504 2.8556488421432937 1.7594210222679512 1.3175013375326121 0.8732306894401294 0.5413409206622048 0.36192141580752435 0.13681051339735106 -0.7672407382705625 -0.8572564579055791 0.18169704160812433 0.13475051246847378 -0.17056994019844943 -0.16950736980779446 -0.25438107188896797 -0.3065934027775821 -0.24100342755384255 -0.15577421541283432 -0.1249273211008441 -0.11062150636772806 -0.07585575013403961 0.13428180979437013 0.4714052050816322 0.6668135366064968 0.9783539210155425 1.4033148605985317 1.7639911218321596 1.3770390189155852 1.9509560964968575 2.792664930626303 9.321088945798472 11.403906450085486 13.860063600753024 1.1511494374723334 0.21505112834716 0.814227817377539 1.2314548362799007 -0.3333918420201215 0.49340460509341005 0.22082463048312131 -0.6830181476150673 -4.0690718094928195 -3.923625675643246 -5.734566511659777 -6.5259189901431816 0.5190356669844858 0.13445908206248922 -2.509020800598973 -0.6546525730629651 -1.2027168971983508 -2.647459841509623 -1.024956260143617 -0.30321987260338573 -0.23211904453922783 -0.19519676391814958 -0.12076427330390878 0.10155285148191276 0.4127482504197818 0.5873223137724817 0.8590425163301026 1.2295011889587435 1.4921324896811592 0.6906858050669445 1.187488293692342 1.9936252635490015 9.115320980072822 5.198674107886403 4.252792878847285 -3.5124485836560067 -2.556146929661807 1.5238939444561548 1.860010648827878 0.8967523167405947 1.1292193882187453 2.225759855981985 1.054447217993457 0.0319691973816544 0.34694956820930273 -1.1279337966514256 -1.3894386185036938 2.6819296785675193 1.3700278306356135 -2.5289817839244564 -1.9600034323279152 -0.805302824192464 -0.6972501535249593 -0.7607379953604431 -0.4403079532106737 -0.3679961425366684 -0.306660857855901 -0.1806159346486263 0.05845120276202911 0.3203530951561097 0.4554825478417585 0.6548192408675795 0.9199038944502262 1.2364098853968009 1.7964243246666354 1.5871540009078273 2.760527381458161 3.2171848634169806 3.920207621940185 2.368353704617939 -0.14640073535751905 1.4197573591186223 1.9158959067903159 2.310625066470554 1.6850529790770614 0.7926745381380239 1.5943241254162515 4.787934570378696 5.450372912888638 7.782551947354805 5.142980702809763 0.27027227862273595 0.2979156460929134 -0.4021426684512166 -0.01537957603794583 -0.7570269662587926 -0.3364888530266847 1.0220380920389023 -0.28420091576889794 -0.6029776023064152 -0.5274488241540697 -0.44419517542576165 -0.25505308613438743 0.006793608404771589 0.1999395314185059 0.28126536533771834 0.39217448553900464 0.5292619454871772 0.7141180783875756 -0.6894396267548439 -7.976960128208427 -1.5576516421830273 2.3154199694115327 3.407454709313078 3.8475387188144947 -0.15234488639311583 0.6282494614812216 4.420226494916449 2.1415663664864093 -0.36874393264516453 -4.056074527735552 -3.2370607375204816 4.118909416825225 3.375113202222941 2.245413888921105 2.7926661583948946 0.600633266679498 -1.1006929901419098 -1.4369035779639767 -0.9077661266318525 -1.1661138027799216 -1.4777456094227535 -1.082361680212295 -0.8849177919177115 -0.8302729470099783 -0.7156981452459732 -0.6053294603748947 -0.34270483306125427 -0.05105582031315747 0.06024508865626077 0.07829901201781328 0.09736509703535456 0.11600716089018744 0.20559112235473917 -1.2017950715315422 -3.3457085620588582 1.894189962951852 1.1468401312269567 0.9548819986953052 -4.458340277501843 -4.364644715272561 -2.9444168068899885 -0.571054890512722 1.8312879200719796 -0.159125963912261 -0.47948429961406624 0.5588460384760094 4.034558543192682 7.024397831425778 4.723299752561614 2.8234410267458667 -2.53551093353931 -1.3636530532761972 -1.5210656297019551 -6.973440665391724 -4.659187774365588 -2.163247475980286 -1.702754133854942 -1.2463524337451235 -1.0984584712966394 -0.9332830570775663 -0.7897809254702147 -0.4419142845857175 -0.11223045430131123 -0.08689666879042779 -0.13361642197266874 -0.20229557460914727 -0.3350000749660871 0.113869208151152 0.2947548574799535 6.004670069786616 11.350306345029397 1.0354924507932584 -0.8837037366823336 -2.0056645080810984 7.694697393019896 2.8211452393473335 -3.2898235943281393 -2.6474144368867827 -1.6064822671621755 1.4918976532538 3.0380065349456307 6.683526909187256 7.583936039667872 4.18235019451196 7.481235476608664 2.08924135466378 -1.44273871358664 -1.6161442224608347 -7.634240923559474 -7.119657973253827 -3.221499817029214 -2.020213437427846 -1.5881243765683772 -1.393466519495421 -1.184261389175404 -0.998296020852851 -0.5506950625032435 -0.17165273199475017 -0.22125374423840713 -0.31976730122323677 -0.47500318412902226 -0.8887546342348671 -2.9138212968136195 -0.14817902911803912 1.991442270210798 2.423644293112696 -0.7072079977865798 2.2620888069500147 8.484108717956529 11.37516276647467 9.073018107293501 0.4152411372643612 0.09970346144768494 -1.6502541096414018 3.7850372947091904 1.8597500833346399 7.3186664259760885 8.378944058761256 -0.21303736940215476 3.207466392020662 2.9628649159952603 -0.47924111111992174 -0.8760188814052206 -3.3344040474072254 -4.424467249764658 -2.931340628498359 -2.2438615136497093 -2.0092263255720133 -1.7588768554336636 -1.4803392513687876 -1.2346091925796205 -0.6663308921624447 -0.22068570809428503 -0.3068795994348132 -0.4274310918586737 -0.5593817870835446 -0.7644479401507627 -6.578006515269434 2.011229989015212 -3.9466423725659547 -6.816679269886354 1.8948359538537363 1.5323366120193327 0.34192230768833487 17.289834609651336 12.564929219273298 -5.1447913631100635 -2.2777453471298936 4.688409447373196 2.089884211106712 3.547878163143989 3.8651301847669224 2.1773419429061027 -2.0126100610285453 -0.6697955780439762 0.9774057292647877 -1.737848807973543 -2.0166912549061036 -2.1298455644519163 -2.50736112347416 -2.6794564758886503 -2.7921122325139907 -2.570900261125279 -2.2265589402075983 -1.8411133671050741 -1.5077911882433397 -0.7852309594040097 -0.25522338226233754 -0.3314204503355089 -0.4389463459937646 -0.40710297134155654 0.34758884677868934 3.893720267069732 5.241870727941916 -10.434402288681307 -7.991602361761809 0.07462921134439161 2.072604887332496 1.8718499309950207 9.77160269771201 6.562922809052688 -0.9670614391534236 1.6560056036207471 7.718449724478385 4.899725310789381 -0.9201024419391026 0.06475216579892097 -0.38885975977882026 1.0095961522998607 0.6203433412805087 -3.0275132906653344 -1.612574491574547 -2.185834062127697 -3.186431240922559 -3.386096293286667 -3.8655984728000825 -3.70206929607402 -3.2928854316036764 -2.804061385517112 -2.2691081707316907 -1.8168253737549696 -0.9039815401349475 -0.2735984245674588 -0.2978783925079028 -0.3615067664826453 -0.2331075813537947 0.3118494004059466 1.809628795971499 -4.301031857089668 -1.7332939338217983 -2.9084788113823357 -5.131020842260058 1.3665990732508946 3.6628746535326284 1.7945690933377723 -1.173171850021839 0.46173954130379574 -5.061521805708159 -8.89320749148783 -22.70780994849785 -10.357776113001202 0.9374054139271749 2.7446621432508698 7.311418774752615 0.8296919829761149 -5.404779895477382 -3.123801757432689 -3.87535279080792 -5.408572820616961 -5.158558163751932 -5.149414466009621 -4.778018009063208 -4.169624547398471 -3.48569704250364 -2.7585045278785403 -2.155107658892618 -1.0191710962809537 -0.27811903649684044 -0.2242670580325109 -0.22610487134915222 -0.0717802660465522 -0.9473809343042059 -9.50608558877817 -8.608359891726105 2.0090520537234946 -2.1160748815212322 -3.8322344542801536 5.11662653564767 3.5381360269306557 2.3468839039771736 2.289785240087708 -2.2354479024994225 -5.451953212650596 -3.220408899013457 -12.803838536889575 -4.254503769569548 7.3509651043070745 -0.22321693435999185 1.6422601720391135 0.9007390276196319 0.20677574442796062 -2.8698785466080015 -4.5612141499189995 -5.73909148392825 -6.653284897807525 -6.28412651266881 -5.966159440461785 -5.160771399871282 -4.242852129219401 -3.2895836425414386 -2.5111869736941617 -1.127347054954449 -0.2769778642290689 -0.15224585536998897 -0.10814244152522436 0.12498443925589703 -0.35295140150334575 -7.80345709073595 -9.283954638895379 -5.727922415558437 -4.42668299985878 0.7720255784584981 5.024297743508131 6.690736600536438 6.761542663405695 4.489361512502316 7.00566631364994 2.203180286462736 1.5305773612665463 1.5322374936003222 -1.8758352426229583 -2.025609516230113 -9.39804128466672 -6.978571875676798 -2.4803599831399383 -9.156450380369096 -6.990683602400145 0.645745129614693 -0.012248481937773057 -5.379629621195209 -7.225175927539638 -7.221921512319925 -6.196030435463751 -5.0313273747742695 -3.8336969365553863 -2.8679705725455555 -1.225263382044466 -0.27411685411051956 -0.10228608589518721 -0.03410691754722676 0.3113455774638909 -0.4735539381803415 0.8898119790013925 5.813374634490409 4.114492288113612 7.17428144182286 3.361700083772568 6.684230863403036 3.9770807952806018 5.226585828197267 6.844729216734032 5.533509846015098 3.95333554670802 6.846734603298008 5.286372979826765 -7.758753104983648 -4.747444479799622 8.045904969951097 -2.595973682590191 -0.4942323739594253 -9.349930551808626 -7.270228309763579 5.050037813107142 -1.2437173338091252 -3.8874844520180964 -8.031487451383427 -8.44626216655099 -7.201530420390109 -5.7977146604970935 -4.35550117438947 -3.202280963898746 -1.3087307816857379 -0.2716696093623885 -0.07187501570915485 0.026710218119953395 0.557407854056156 1.5767267946821055 -3.0421512777930695 6.440321733108976 5.107997413433853 6.204129612736515 5.556752550274664 5.063986534929379 -0.20989629321388964 6.225748415967486 2.878514815301795 3.449163781047373 0.9264423218974457 1.6509455836488829 -1.1785813555358664 -8.101318985287667 -0.37651100575645857 17.58678320144087 -4.573884460943731 0.4609231190330601 -5.568871749633476 -9.052685584687758 -1.0794791724958752 -7.129089017822809 -10.298928832724831 -9.499123579102976 -9.683251708366141 -8.123342103299214 -6.482510786234009 -4.81154520270557 -3.4864875988471886 -1.3731986247770096 -0.26726640111219907 -0.06075802137910914 0.05876232658559898 0.5328480993356906 0.6643481232371685 -6.0926826063647415 0.22892055646390067 7.394060988941109 9.666188902301645 7.86117609242282 6.806482826321363 6.236064515036866 6.351668337292114 7.746969374760856 -0.30343300076356006 4.781856783248403 -5.570265599402245 0.7430720254853482 -3.2282182603821403 4.155312731513697 9.257745972181977 -11.432430839461448 -3.9996962293706257 0.7812611970172838 -2.341917370537087 -11.374072561067393 -5.698370269642766 -14.75513098358514 -11.705376025742147 -10.752131312718236 -8.785487508217711 -6.964953959446842 -5.130349419369149 -3.6793043563565417 -1.4121158182592757 -0.25119652374651363 -0.0667240359703264 0.01665973893270146 0.5663163872027721 3.5996003590254944 4.612088697140874 6.143159162267628 7.084380254260855 6.18843737611897 6.450114504211565 3.2659717564177 5.781518654344315 0.428865974585583 3.959928441175438 2.8250724294067027 5.878350900735545 8.540331005789534 -2.3948522866683635 3.3669127352362542 5.461560173139515 0.2265801715295426 -10.205344984469267 -6.324822867548213 3.9226433971395367 1.1305304451033427 -10.804538947764103 -1.7595726065857855 -18.94097327446883 -11.359208555797819 -10.795545116611816 -8.825991841563697 -7.017227183591759 -5.17715883705933 -3.703118543005563 -1.4145582501907252 -0.22278717599600512 -0.07883317033756915 -0.08183556352257865 -0.07000754231154888 1.0584852819003179 -4.551197834253244 -3.859010172820217 10.37208390842613 0.6988491325606214 10.144942833255746 22.794623978712725 5.374654346747409 -3.2879561427932265 -0.6642883282524605 -1.173979962046658 -5.679385592352669 -2.8950448743892143 0.4945798197702847 11.005265994163764 9.26369384378033 5.293566982429659 7.943706428012234 -5.516533371288531 -4.1885935824661225 2.596635255702306 -6.077573832439366 1.1038472397622563 -7.482320462666457 -9.963006580951362 -9.70590371235841 -8.20199766155938 -6.6068528288227695 -4.919927053266383 -3.53876066981563 -1.3774323885476367 -0.18908218379212227 -0.07127877484766215 -0.12946787818611943 -0.3682694802732257 0.031459287667803475 -6.711248348053935 -2.2926771695305193 5.960210359406911 -9.701796486335429 13.05247189526201 8.543043583369267 2.2213282256821136 13.756038182978378 6.933039005016988 2.072212822175963 1.8938096098261832 3.138859779114283 4.574935637748445 6.559618058222734 8.610285092122018 7.163668423029736 11.400732548075055 7.224245123568792 -3.477129596065661 -1.2231374315011334 2.246866300365359 -2.300794705013221 -9.270327817972461 -7.748235709491766 -8.037592300408159 -7.028093804198853 -5.777950762677253 -4.375026253602077 -3.197411910563819 -1.3031704680745229 -0.15472998240422345 -0.03967800515117023 -0.10771493751893302 -0.5826917889650194 -0.21324748627080745 0.00414752608857479 -16.37212185095925 -27.52346601961366 -43.856881068961684 17.431353971804914 10.337786674030061 -0.9087036695920875 6.981165473700492 3.5533604207493776 2.873304449057614 1.4003603833774045 3.8540173808920524 1.8322321644581436 -1.21271768549977 10.074674423009295 7.94285234574272 6.557353062128647 6.384249562708176 -0.4598570298471215 -5.166361070418815 0.9322050928373867 -5.780970181326714 -6.158443316665112 -5.820223192461798 -6.091749105009411 -5.5298983680847265 -4.676387923475393 -3.633222080041932 -2.7299859215758087 -1.1979591938701244 -0.12475152956128749 0.003709485253922622 -0.03698594142004323 -0.38324882592271925 -1.0941691905032134 -2.4037226272772423 -13.982841328044165 -26.72854376525693 -40.07041431332923 -1.3395453799567931 13.290289422823138 4.1832018860251035 3.541795874196977 3.6485244683257734 3.5510743287858637 2.8971567576526853 4.332816191944121 0.2185729833113837 -23.965992508775674 -12.897598831954937 3.326400203151337 7.534390761313415 6.310465311578585 2.534969234174888 -2.1849828763012082 0.5634240378477174 0.12301915040315356 -3.2898896281112884 -3.9286764861498082 -4.326356573489345 -4.103895035147472 -3.581449572741278 -2.8758923234104405 -2.2413897032450296 -1.0715990594455587 -0.10139531070631247 0.050337164461394586 0.0701935633186017 -0.02928412621086551 -0.2997666280000557 -0.5088766717101426 -0.7091947355086047 -1.5295968066630992 -1.2998552480184797 1.8318284870774217 3.577672320675773 3.4000981157669985 3.3848782620124465 3.514638617260747 3.556763401107553 3.5774259722872426 3.5429785212147764 -1.2998897589101357 -14.019009396471962 -10.42283787135325 1.3564110390543176 4.468637648262855 4.025225029032381 5.299460428376862 3.728821260329434 -0.9771125075582254 0.7789486899087303 0.4695570333950229 -2.5515328582722088 -2.981256266517599 -2.9395480434751966 -2.655598914571981 -2.218786181548853 -1.802734141974534 -0.9395012345726705 -0.08301641496534856 0.08691787089506295 0.1496098148244599 0.20672075228915018 0.24671079370124716 0.396971306659942 0.7662834007382744 1.2619718035663243 1.942183488940724 2.7270355993798194 3.0308821690034486 3.0453399252315174 3.0707747344476215 3.1275752048874494 3.2200630312121867 3.312916169928054 3.3238925124542096 2.9536571186592915 1.8232244332653558 1.1871568777746346 1.7356225809510035 2.1290794937797153 2.4824914404728746 3.1142355453104935 3.0459917214663843 0.3586331129903624 0.7048807411791159 -0.09172291866932705 -1.7117582597087486 -2.05117877026865 -2.0938246210402345 -1.961068612509818 -1.705146712774332 -1.4387648778770692 -0.8067083488529325 -0.07220520512534477 0.11154123101535499 0.19464821074255687 0.3104926573955616 0.4584499858911231 0.6881909651800793 1.0465542239677386 1.5038229285824642 2.0190502769571816 2.435942561939337 2.6486428720145416 2.7515791005682186 2.801224798812625 2.8317529011111597 2.8831498304457006 2.924691281631601 2.9167028495917178 2.737421987193642 2.311138820391294 1.9129792561509378 1.8034911935081315 1.7933096618706326 1.717159973759615 1.4793976366662591 0.9594134175387781 0.2961063469643062 -0.32426719657243763 -0.9008050259476817 -1.3459625280746315 -1.6151598889897059 -1.679667916107898 -1.6051914522626616 -1.4293466939128672 -1.2343690644255418 -0.7222744678165386 -0.049625397632560936 0.09764666464886375 0.17873864462852024 0.29601933355379684 0.44530614924063355 0.6309729705122187 0.850215059279027 1.077037892647563 1.2847354708652183 1.4604477602250663 1.5920327237599023 1.6820008539528748 1.7324462718624747 1.7481441154598292 1.7339956247857446 1.6906454698389415 1.6191747474227371 1.527696110639623 1.4230705081027184 1.2878276673326958 1.1039678073119028 0.8960779728517885 0.6891813262201848 0.4767128920785589 0.25221711730022667 0.015444617267055741 -0.23384362175478393 -0.4696754514520566 -0.6659074300808915 -0.7977669732451905 -0.8395213785173558 -0.8197729344594237 -0.7534920050435423 -0.6725489715260128 -0.41921770203144537)
(UseCyclicTransform "false")
(UseDirectionCosines "true")
