(BSplineTransformSplineOrder 3)
(CompressResultImage "false")
(DefaultPixelValue 0)
(Direction 1 0 0 1)
(FinalBSplineInterpolationOrder 3)
(FixedImageDimension 2)
(FixedInternalImagePixelType "float")
(GridDirection 1 0 0 1)
(GridIndex 0 0)
(GridOrigin -107.61396579530442 -98.42475996643924)
(GridSize 32 29)
(GridSpacing 80.11900876382443 80.14527759210148)
(HowToCombineTransforms "Compose")
(Index 0 0)
(InitialTransformParameterFileName "")
(MovingImageDimension 2)
(MovingInternalImagePixelType "float")
(NumberOfParameters 1856)
(Origin 0 0)
(ResampleInterpolator "FinalBSplineInterpolator")
(Resampler "DefaultResampler")
(ResultImageFormat "tif")
(ResultImagePixelType "unsigned short")
(Size 2268 2053)
(Spacing 1 1)
(Transform "RecursiveBSplineTransform")
(TransformParameters -0.5883570397100845 -0.6652557683669353 -0.6395116430049491 -0.611641698123449 -0.5662896460522313 -0.4847288013204808 -0.35723308617410987 -0.1828509789588289 0.03554724131704926 0.28956403079617055 0.568422454660619 0.8583423384254526 1.1422261968410645 1.3985192461916072 1.6066145019230778 1.7413225611280587 1.7931278620317055 1.7555503644866277 1.6662539661321 1.6294482081164938 1.6674728260711802 1.7300436944028361 1.7987422354621 1.8688639536417568 1.932323830199135 1.980695815010114 2.006464199712543 1.9973809904387887 1.961094754983641 1.9029344399573414 1.8785663601507792 1.4808756800049891 -1.3281635605928177 -1.5040233886516954 -1.4297276014115925 -1.3395457374285296 -1.2167055112470664 -1.0679875270794743 -0.8786016851942994 -0.611320532007071 -0.27112364072788453 0.09292976548553139 0.46101009898231554 0.8345969454716197 1.2011617273323516 1.5419831078933688 1.8303643848650293 2.042713375459093 2.1024180939066235 1.7861230274844364 1.2336594313973943 1.039585859256198 1.3038595583275079 1.6987822323506334 2.095787392357711 2.4395984514706197 2.7295830060264383 3.0720157034538595 3.4417203178609785 3.6790322876504566 3.7400363450911054 3.593421986279718 3.4062759665038103 2.5268756274698116 -1.6041693719059957 -1.776700441522627 -1.635625134235775 -1.432378411272496 -1.1784232444393594 -0.962218229452549 -0.7754763839965738 -0.5142701138243823 -0.17570448694898505 0.14271215514130325 0.42155012197812525 0.6995948691019241 0.9896906763881674 1.3100992526403994 1.649392457297623 1.9991694657045398 2.182937958859123 1.6642352223386954 0.6692616591841882 0.273618575707481 0.7180021175101321 1.3875340658447564 2.0386386046968847 2.5397673001802152 2.9230741549961796 3.498730582873458 4.229414231511013 4.740502046289957 4.899745710721766 4.60594401294626 4.147661350218859 2.8686936277378705 -1.9355614570405215 -2.0846963862224888 -1.833533306315717 -1.4302420817774513 -0.9387069713198691 -0.5747462009399783 -0.39319237724868794 -0.07202721161299074 0.3931868301974222 0.6352378315485283 0.7325775197922266 0.8523345876807821 1.0304891983870281 1.151928949486129 1.323756540091109 1.6975875170177124 2.3044851820780297 2.0886984101897372 1.148710879319878 0.27883038105892416 0.6086149795724867 1.2797660898984762 2.2145151399943113 2.7073322793224155 2.9520896831294747 3.6975399102202977 4.7908375530351535 5.733298629793301 6.12401760894919 5.721329266212102 4.976208988332061 3.247539010975108 -2.2922939003279925 -2.402215280115059 -2.003201386308694 -1.314854053768524 -0.47098001792062 0.17234587554744257 0.43235549141212837 0.925586094817249 1.663924218893056 1.8680961323036311 1.6673039296566667 1.579375448954729 1.641323893456601 1.38454081363426 1.0971800144146693 1.1926368352303098 1.8228556802607385 3.0061086202656204 2.704867564492986 2.3185736761756113 1.9351122604134776 2.03846798375438 2.855506683603225 2.78716883622527 2.607792042229406 3.4701583491406955 4.549481360891899 5.998444141461889 6.8813410123660095 6.515985007171614 5.650768922901089 3.622646829404716 -2.6674643891350214 -2.785102905300267 -2.295095004497484 -1.417210945893268 -0.29957782362797286 0.5178991807618574 0.8067349716505587 1.3414824224343393 2.14059697630752 2.4161671982473427 1.8420638941845813 1.6244273093062649 1.8783429857406297 1.5504955370987235 0.2412825373236217 1.9408608203608506 1.6260254679182373 3.106042714125928 3.3523483255796176 3.395789443182014 2.5860427108477024 2.4027322020647124 2.956354334828986 2.782553288242283 2.485054241690056 3.4056073818168247 4.147382566565582 5.370695938357546 6.512755062857387 6.591236922688174 5.898604425736542 3.9457208141392996 -3.014741076391377 -3.2441972408196884 -2.816812838716067 -2.0181056351808326 -0.9972530715127388 -0.3550696171091005 -0.2241931303911303 0.09716620459879936 0.896778241476458 1.1408277134519456 -0.15151189018450695 -0.5264068599132299 1.6739730687710104 1.3695259584974828 0.7277308636948676 2.1071405205698603 1.929250528932348 2.9944726958892574 3.2031347543981243 2.155109214456684 1.0398850926042216 1.232637529488787 1.8325523312139067 2.5287091093780325 3.0700677889621426 3.8242948730021915 3.850896851862062 4.059958385045981 4.907820022385651 5.446046546550379 5.36017848465859 4.11232036181649 -3.345915171733894 -3.6719031182221413 -3.3392897655265403 -2.823829494880341 -2.251831555232087 -1.741654677874986 -1.636298560868043 -1.5183406554223726 -0.6349333491135134 -1.8754385786536252 -1.8708378131341374 -1.84443307777697 -0.5633872275135321 0.8382039083140034 1.0689522522844546 1.981527423125498 2.1959957967653576 2.0394439379793377 2.486392985960147 1.7625131957619913 0.4823173230735458 0.3910353664879909 1.0773094050281298 2.3772190259757386 3.825403449031952 4.021403569285367 3.1223892379273344 2.7481574057143807 3.4388887383790596 4.251188743252126 4.750531664433139 4.1854333189755835 -3.669947603727009 -3.957411150051055 -3.6301808648440796 -3.4684034361407985 -3.2508981457709427 -2.2573508960220225 -1.3692032271588355 -1.9396508869652715 -3.1788676847376753 -1.4600559555643768 -0.846653787424327 -0.3135515673628085 -1.000211704817595 0.8793468036507477 1.333478951505031 2.6591939706828582 2.487220426733664 2.6598136047829293 2.79171649541264 2.421316052769647 1.9018714704398858 1.7373533579209093 0.9161668871243993 1.0137630765788797 2.560065999337263 3.1439915692169853 2.2460547307848273 2.0894967470438264 3.269819791861691 4.261579530510645 4.777651619636586 4.224017213800525 -3.9557596540884066 -4.170663417189764 -3.8192190389042344 -3.8890729371685353 -4.0611774116869865 -3.001751812616531 -1.0120646675681646 0.5309240262838061 0.20789155399418474 -0.34153045398853316 0.4090628697950077 0.4634797134467955 -0.5766468984300905 0.217794006675523 1.2071464713275322 2.5080716030413006 2.8935048717765075 5.3981390611287425 3.5267039282154924 2.684104328774603 3.5269547727306887 3.3494094701837254 0.23417949535219004 -0.33022982660305517 1.162831962690853 2.4172800319755456 2.110946531874587 2.521948910338344 3.936075743819986 5.02547797078577 5.210096289820156 4.238395329142997 -4.172067625906691 -4.381344432809429 -4.034953784129589 -3.946073157304982 -3.8396990832977185 -3.352177114460907 -2.4105855692456384 -2.2516054669153305 -0.4952539549869397 -2.054201620442679 0.2793250193802937 0.14986285062912505 -1.040271362456091 0.38938253644764165 1.5097585012123385 2.1136740815948984 3.811681011635202 4.030282291964689 1.0476894248636965 3.0994813069050147 4.294082832440874 3.4178755916380954 0.8394880032530818 0.8856658274723914 1.8207617917535122 2.592198942234571 2.5573475709981452 3.702247201907921 5.589898679132508 6.245209617541002 5.799259258641738 4.238600034536277 -4.3137388458206996 -4.48390607158402 -4.103844777519037 -3.8032065303745948 -3.292465232020232 -2.567364586822275 -1.2410760353338226 -2.969491851361458 -2.007714727714785 -1.4733251256331137 -1.0454139133847409 -0.02719841556497884 -0.7709748730354655 0.7847609174201577 0.9775319279385996 2.3316597716455507 3.1671117809069846 2.99073848480094 3.1914720227283793 3.066540056183604 3.2307562452887377 2.691494101540632 2.271836778464071 2.392408631780858 2.0503667463258535 2.1051099614327753 2.4147125600484487 4.169616930206264 6.353479534815541 6.882824781278417 6.108698633714481 4.193343909864429 -4.375624634888605 -4.372754897264768 -3.8510445725841733 -3.342127245261991 -2.154328024875206 -1.920586891215419 -2.3585921756610637 -1.8413132466791151 -1.5552174448649492 -0.9396626339447139 -1.2845290777965408 1.687370626613874 1.5908428734993951 2.001562115611011 1.404352175500351 2.495573924771412 2.891525078903342 4.045596525751862 4.408958533210674 3.7079267017974895 3.731826560735028 2.4265752515623955 1.457092838300717 1.5976839925807773 1.0196679550195813 1.1682859629983111 2.0010756930109226 3.5605962186737905 5.679680094400525 6.268512379149032 5.707989049762482 4.071315752592397 -4.311989725235574 -4.223006957921884 -3.6760220249655657 -3.1232303108335646 -2.057111653608727 -2.2175791412280037 -3.1376349365520038 -0.9932378376303982 -1.1106624246534473 -1.6931974268276488 -1.0333670185918937 0.3155862139647824 0.7158419067342252 1.597731430470114 1.4995274563614012 1.7740845382701502 1.8582501855725764 3.3771164214465133 4.045317369660683 3.0490888374291547 3.2311485681704393 2.634769984224503 2.052954508222591 1.214714835801097 0.9733167320327689 0.6757326708447516 1.4765517435561413 2.6741663066298593 4.421094470820138 5.178122664532724 4.995587018483525 3.863626968365503 -4.0770977051876 -4.209738505520461 -3.9786991822857614 -3.678245201155352 -3.23183226332935 -3.176920382792539 -0.560565733714488 -0.018446372576151712 -0.08333066670183066 -0.6633293743983134 -0.539375192860216 -0.16481332782087818 0.2881980084343488 1.3979256984080364 1.2067206460720932 1.1019737854401779 0.4485016822241817 1.3575168638227206 3.248636530644583 3.0880416800949924 2.952506552473622 2.8353009334554735 1.7761416313346725 0.8834818087335711 1.259731719986614 1.3040147550617893 1.6507729057210465 2.630609346056871 3.7197832247915916 4.345371110355473 4.368959179777041 3.561386418260496 -3.714956445494799 -3.9986592395768343 -3.975586253650182 -3.9098479034330484 -2.8681202910250545 -1.1412204715556225 -1.2791420967298648 0.057147253406384 -1.3078609178145097 -1.225866314425889 -0.11576203824509791 0.26302176379297393 0.15241673404385214 0.6195364540526399 0.1007979350695388 0.3304681335048573 0.09194335923373641 0.5760103036211213 2.160585533215279 2.4145402493423953 3.281248003835231 2.9336793212819554 1.7721656953243528 1.174524918063498 1.2353628549459816 1.9753312486045789 1.7619391670911577 2.4715081736672926 3.346758061745301 3.7435581565519076 3.799906300780743 3.192529231931064 -3.269572439379747 -3.2554579825114662 -3.0081087248843783 -2.4157322341685745 -2.204057842977867 -1.121675906060692 -1.3361390317820112 -1.0083053097980639 -0.551389472792115 0.2463833109236831 -0.40335667760097127 -0.17150129297330094 0.4299498467679432 0.5687248387329047 1.3854461100860396 0.761681819575879 -0.2895597100678841 -0.30833419586811167 -0.37448289554129327 0.2643007836752877 1.3161684479545788 1.4054935032164895 0.71033855703778 1.3500991219779084 1.9048117802718605 2.521477895565212 2.436872470228131 2.548904852086595 2.93170502077313 3.204134764000772 3.258757665818597 2.7849903802286686 -2.722253121284382 -2.3184477676761444 -1.8022670466753408 -1.0190694875066522 -1.1820506496948622 -0.9630255904472357 -0.2899194510468452 -0.2816338764384479 -0.5690262375648811 -1.8435880565938274 -0.958263473108028 -0.36701710346323196 -0.0756428254239424 0.13095145571210498 -0.36798776192644417 -0.3158103083635352 0.11341062483317095 -0.19219375427144253 -0.9119007126109734 -1.6984553499091055 -1.3030208241045347 -0.12214941117855437 1.238616444992349 2.102668187074783 2.741384657856598 2.533140237247235 2.5597963343347288 2.2538340695323664 2.5881696132927274 2.810561640087398 2.786109138408575 2.3343979838881386 -2.0543081185763734 -1.5260280188634532 -1.0407332006350574 -0.7331024501644652 -0.9965947099387447 -0.8677262205183065 -1.9682138810723393 -0.6735358455768256 0.872458609665791 -0.7868122004411321 -0.25818093971927486 -0.9784784179376441 -1.141543431244378 0.16200928083696062 0.0008794295114927357 0.054224222741352655 0.4709979073569839 0.6621987006721987 -0.29349126313006285 -1.3687375840782354 -1.6064525285971847 -0.32704563288939065 1.2051247063200063 1.2541840073448294 1.4482034521763005 1.5638318686940986 1.9679883719603113 1.8630866780607007 2.4377261555863936 2.664660715468596 2.4225268986860633 1.8363789611006387 -1.3692002315389311 -0.905643587114077 -0.6519067222736098 -1.1134798074586414 -1.8766553779877406 -1.2395426695488532 -2.1118992065935465 -1.7139996563028201 -0.4596509738998599 -1.7214133782499756 -1.140220072373142 -1.041337056249074 -0.5886443410237397 0.26657603564617033 0.72994792139122 -0.051742697666576895 -1.503598425330894 -0.8372853607403011 0.12816351027956208 -0.2938003333937219 -0.39992780193377914 -0.31161294897168357 0.5643742282642905 0.28070712949563476 0.09588431762080143 0.6766409618345013 1.2037281550347052 1.6734531791537954 2.38081305337908 2.505424727540288 2.0354635549845503 1.328307776397285 -0.7703972666675738 -0.4845964095655041 -0.5161537067362824 -1.4272919950718241 -2.10992456661652 -0.807660642267806 -1.0159160705693624 -2.1293726426857678 -1.3530747575719768 -2.0251107246811797 -0.44127784937299375 0.22273761663432648 0.7415278362177108 0.039592964529225415 -0.9690453018134264 -1.3454866166667068 -0.9332502437618145 -0.3319066453445305 -0.2861253993158991 0.013167097370260072 0.5945611383391878 0.6584876524313403 0.3568688508664073 0.20225438936697734 -0.051078724511605327 0.43861483922805966 0.8162988230275591 1.5710852121486567 2.082419156496147 2.0469850324672523 1.4924385654999206 0.84756390870043 -0.34943073116608075 -0.1885625457100672 -0.2692232235673803 -0.6108014450269523 -1.6526626993667128 -1.472956374546901 -1.1575478647399802 -2.6660658911714963 -3.3416998637454363 -2.0248867264312236 0.022658773080476632 0.7467581892861069 0.8944792277026898 0.01788287112779673 -1.2556709748105352 -2.0188264760675656 -0.38840501494188656 0.08830847141572107 -1.0465478153109056 -1.2158911683027553 -0.24799289526481033 0.22367321969846235 -0.5844042480424414 -0.7278579647296324 -0.319332915308678 0.26506288969732283 0.5477395028008304 1.195302419366637 1.340581112898324 1.2881435247764959 0.8387089952735293 0.43248585688965285 -0.19787180130275583 0.056604121531382764 0.2189926830354481 0.5657802518657148 -0.7592566142376163 -1.5572277112676978 -0.8682384261690872 -1.0860029518935554 -1.4232707603970887 -1.0254038075978427 -0.8761999935329213 -0.2712628128667472 -0.6575261573083284 -1.1906248147107727 -1.7861171252198413 -1.6403887966752593 -0.7539928970725894 -0.7484515206979387 -1.4009735199075017 -2.1704104046086807 -2.570176784439498 -2.4605307116132655 -2.3560341498789796 -1.9337729223762388 -1.1296739852465547 -0.5992892240570686 -0.24046743028484005 0.06271489194651893 0.1335660999290284 0.24120258179131657 0.1195677471000788 0.12143074366509936 -0.20686260322838282 0.07925170231425477 0.3114395262042212 -0.11064005530728895 -1.369017504003702 -2.1280867780081407 -0.10725262207700534 -0.4758630562859678 -1.4289040288332417 -1.6272901078964888 -1.9408401181066035 -2.0033635839467827 -2.734786451934678 -2.418167430982438 -1.9091703360463623 -1.517580151437615 -1.2372497667760864 -1.7843125573641156 -2.5771678331432364 -3.2408123292347772 -3.9176241368769205 -4.0010558866038295 -3.4337753232005546 -2.681835844098295 -2.019385331752975 -1.8694943310608745 -2.009302914391978 -1.7676034394413795 -1.285775755187028 -0.7553419690246053 -0.5049184788381164 -0.1116282995724892 -0.26816207748891946 -0.2925487585485431 -0.21808328727509724 -0.7522261312401164 -1.7307690903858977 -2.0659541060251305 -1.6048156186901326 -2.082288764428837 -2.2612262383486446 -2.194456256391303 -1.799336775359891 -1.712365359920358 -3.088839712420744 -2.698267789308547 -1.7935625981477472 -1.9956443284418806 -2.565841748676531 -2.883685476324525 -2.85898616087964 -2.8520383700845504 -3.0300491495425614 -3.154797410231063 -3.2800642681190966 -3.1944335613925685 -3.036175612540838 -3.2507193116306623 -3.4371773993664463 -2.910702546587963 -2.111954866415685 -1.3070685305217087 -0.8738689796372241 -0.29244360284406523 -0.36494658774422606 -0.7619061153131662 -0.9104324953250772 -1.3314798343697878 -1.8867319600627204 -2.1854558126594634 -2.348014182287568 -2.7088959459643953 -3.121619704314959 -3.3820413599313786 -2.8317669064525446 -2.499741201740977 -2.79797093772247 -2.4870230006220084 -1.9725984422535272 -2.453699196650914 -3.322376770864079 -3.5276815666309957 -2.7476946750218123 -2.1141086750997586 -1.7811508494570327 -2.087638914903276 -2.972423069995135 -3.584596304770647 -3.9744171775722372 -4.19212292050792 -4.100549122932844 -3.4515411522363673 -2.420606689169118 -1.5156308248359536 -1.0508819577771504 -0.42590807580534207 -0.4889392166676343 -1.0367211809761343 -1.2594187609228689 -1.6108583367249778 -1.974365516524907 -2.251249430084127 -2.447578301394841 -2.7398588012941274 -3.098391058360991 -3.2572468371076932 -3.16095656454724 -2.994088381165373 -2.7929310129770952 -2.4981458090878084 -2.267766138675425 -2.593468077192488 -3.2511709017054238 -3.3842984685445976 -2.8736684068965705 -2.3523715350452266 -2.0948939451553223 -2.3688305358499018 -3.077844263028789 -3.618223577621467 -3.8457720710525254 -3.8417463539839614 -3.553290993251759 -2.958683062097389 -2.1428397254889564 -1.4562258566313226 -1.087986179077498 -0.5130679285795375 -0.5967270138998024 -1.1675220025858042 -1.385692744933788 -1.6974768055524645 -1.993577117864712 -2.2407624852753765 -2.43141422302148 -2.635977627280265 -2.8377256571555827 -2.930354270533436 -2.896508283394175 -2.7868004637138983 -2.642323882946935 -2.506560171424623 -2.4480397942494476 -2.620463469991607 -2.949450307744427 -3.0699671311791943 -2.940667836171001 -2.801000120819664 -2.764799290803076 -2.9403649524593654 -3.2565066159147964 -3.400508914932303 -3.2934187896565996 -3.041352902118472 -2.680939300490723 -2.221018300128405 -1.7248398301787524 -1.2983017117882198 -1.0494899989849433 -0.5527137905739689 -0.7639781402352963 -1.2726233565011735 -1.4332760864624354 -1.665713821569597 -1.8844566102215383 -2.0891505979757095 -2.261712950108413 -2.3983143442459975 -2.4923883491624235 -2.537511401047045 -2.532143643468099 -2.475093890176045 -2.383004199408581 -2.296789810511728 -2.233469000297333 -2.1922567938970725 -2.173755918716216 -2.176244331345845 -2.1945815703812515 -2.218718946050302 -2.241919327454282 -2.2655341318003823 -2.267256645086546 -2.190133852630495 -2.0267316787193006 -1.812026077181947 -1.5733771662833418 -1.3453659152344286 -1.1473635160134676 -0.9615730831128076 -0.838582770945761 -0.4900721102321832 0.5272386708445036 0.49743023353410937 0.4491590081937074 0.419262127850529 0.43237051439366947 0.4963339740626314 0.6196199165588361 0.8066526548841525 1.062644192092684 1.3976204294094976 1.802105289217894 2.2469674651651355 2.7081787573420475 3.1578800613594593 3.582050867931602 3.975525133259109 4.349082583684758 4.755311314192454 5.156623614607687 5.406941533973527 5.471699880282227 5.408744719243412 5.2397177127701635 4.971347359306482 4.62117411155599 4.215578779976834 3.7743349457560926 3.305565353151285 2.8421045241287075 2.3863317696097033 2.081496358177073 1.2102108599890689 1.069133874360252 1.139944217729576 1.0994079513521635 1.1128248839155979 1.1937610611819958 1.3426463517936418 1.5343599635979146 1.7022807210166109 1.834613310055431 1.9743005734789412 2.1217691540609165 2.2260008233978406 2.327067125745315 2.6022717124948174 2.998003887851817 3.1495803860951623 3.1403495106460855 3.579811072111603 4.469351478823449 5.243011481602488 5.701444186711011 5.845284461308968 5.748754191303162 5.693061910543303 5.6420394761777 5.19010910996101 4.341242799090379 3.462106756195142 2.7291380286847606 2.2029880647079825 1.9733893876770372 1.2761743145743136 1.2561633197142725 1.3771103114492442 1.3518370684415215 1.3950806718645747 1.5159528027262816 1.7201547960228676 1.9720145402596656 2.1693571711643163 2.2944317465211577 2.3991996403784306 2.4714295195553153 2.3844694200771253 2.2421533627499777 2.5597128858071794 3.1860804520673187 3.12805814528801 2.500859788512634 2.590470479972874 3.6674872960865126 4.834442004233236 5.687961504347336 6.126684954129658 6.2024296605848175 6.58397191632678 7.096329949169536 6.627043848832463 5.1523465418488765 3.6172568985176747 2.4384022140958432 1.788170306946494 1.6793036121207756 1.2268776785862936 1.459996211086168 1.6370698297530288 1.6357664893368544 1.7205385745636035 1.8847492659053031 2.115608844543049 2.422894486040298 2.5609241304647936 2.577878277553173 2.5929508434495805 2.6050530005993386 2.3697170324434222 1.8982744770543165 2.059054713483854 2.7154388921179935 2.4636483903741775 1.669740913967249 0.8640587076742356 2.5354638675583967 4.775715279271555 4.997642660909241 5.173283439839774 5.100505938176556 6.228437037155551 7.541240146156563 7.227168159848058 5.479362798104037 3.468433729394269 1.96984849226745 1.2787058218575689 1.3157178295168008 1.1430939771610045 1.6483028115088372 1.870675887396428 1.8988574284945794 2.0340016519577984 2.2425299337273006 2.364595965868792 2.509997485471686 2.3781093183315742 2.174195606592806 2.105043230057806 2.0436137432836765 1.59344267446225 0.9971291372121159 0.6928547393399139 0.6857220123864073 0.840151753064741 2.030761718622204 0.9014030242523381 1.371503295305874 2.933235385324849 2.802669766403985 2.384428172402927 1.9865266898644818 3.2566065097498083 4.893620177437361 4.8862045272858525 3.99104004583194 2.4580446704332153 1.3533174769494274 0.9160593930211935 1.0512147665160398 1.0483452601004806 1.8276423996207063 2.0624163602703316 2.0984842232849146 2.2560928773533626 2.518530883004093 2.7626746497044783 3.0050745462168726 2.5602441434923633 1.7325310481309866 1.3757998493527888 1.1024833556100924 0.28272382114859423 -0.30742974510589727 0.0291948082477633 0.060912697336128 -0.7667954143263526 0.35997166818667187 0.3859270619464653 0.725014317298587 0.444570394058 0.7714609046921407 0.41609655896715625 -0.1217924593446643 0.3278221742659445 1.6596382784190555 2.0937358355186033 1.6655127657940347 1.0968705904157803 0.9130180483123564 0.861198944439725 0.9656086658133637 0.9776744751531561 1.9755682695383006 2.1625056919874126 2.1575197784493647 2.262345588879883 2.5381045704885308 3.183191244292328 4.26566367299063 3.832195527698021 2.1232945412122146 1.137464622666769 1.351502937491376 1.2163474753700572 -0.9424134673239047 0.5064629822234865 0.1563348869672086 -1.6023207793776881 -0.780855353481837 -0.6760861388095745 -0.3615241950603439 -0.09145259358993384 0.7158603975207962 0.49064726856542484 -0.9060834049122117 -1.3402393508098016 -0.286212230432084 0.851390570134705 0.7100231833885876 0.9084542454794219 1.2823725665725036 1.1971810135145535 1.134715845375542 0.9620143051911088 2.1058764934238203 2.2098638049796238 2.1190201470401817 2.1506086987513826 2.362237380507981 3.332977150298042 4.874785443315487 4.168210249945001 2.3060780054920036 0.9870331521844596 1.5970429870565777 1.2865147295796266 -0.9644982022329839 -1.2623729796250216 -1.6492640199052422 -0.9711281086472924 0.032741414137571624 -1.4130246207567732 -1.209620845708357 -0.6587407222741761 0.484049568044169 0.2050383911708132 -1.0239728175845262 -1.840707824199869 -1.6607869750651094 -0.8924570743146784 -0.16688048661012825 0.7157158902565698 1.3330395323736786 1.4468263884745096 1.304629464215874 0.9658435289614409 2.2302804677065438 2.2409415604134773 2.023622016341316 1.9806479355531543 1.8993582582438242 2.404816457772026 3.183902600176757 2.4287642162822056 1.5716909769689147 0.5503806043377717 -0.0402974291620089 -0.8818341796769937 -0.4949668604346956 -0.2799426014354663 -0.3432861665293462 -0.6169934825013702 -1.0827889439149263 -1.904311179303537 -1.00603784484713 -3.163091503821399 -3.2670329595305727 -2.1320740973118277 -1.0450989273901927 -0.7001827753624043 -1.1353005746126938 -1.5068134653750005 -0.3651133126823548 0.21077014062783175 0.8072963431838811 1.2812162789190134 1.2226497627284398 0.9533457324485499 2.3542728269307283 2.1910367559926427 1.7672562736346913 1.7736621585135686 2.252212300606541 2.23125945009081 1.7501629709246573 0.579993329985535 1.47171077871224 1.410514800745542 1.2386737791444893 0.07551500543081481 -0.5872165254129457 0.8024694235122786 -0.7375249748904453 -1.911964157544711 -0.8246669194747545 -1.6267201296672413 -2.18238627007049 -4.281705147151861 -6.835907000150384 -5.849438186218862 -2.6267193853709774 -0.5112015613855114 -0.809793750305909 -0.7530828138324536 -0.09084010848260218 0.0657781987793542 0.4250538999775703 0.9446158150135378 1.0202153483206944 0.911526323001211 2.48319634256044 1.995303416490557 1.2467049422069336 1.4072661832359388 2.660526077207488 3.0952618535055128 2.4691690509425994 1.3760678208621704 1.1106076546609964 1.0625933765415427 1.2322833925574057 0.2646243099464158 -0.15469529906849253 -0.10268297006992601 -1.1387744546700695 -0.4707117065605077 -1.098496164089007 -2.7076769572911545 -2.7686333601095634 -4.313555088965175 -7.0153218923290686 -7.828547553064366 -5.692647283577705 -1.7333853003647017 -0.7340908736838515 -0.6088365790552512 -0.5597094261246335 -0.4492039862556427 0.1963240219939822 0.7234191146337163 0.8387361014100742 0.8273699259454993 2.555820222679947 1.8625505108554166 0.9101699626920091 1.189272496956184 2.522874743107107 3.743127131082594 2.4453308126644786 0.47677778690489425 2.189206354484876 0.6703256119748688 0.49470650276783723 0.9108170605288944 0.18878024991497025 -1.0370003411784015 -0.31445315490976766 0.03425185142087348 -1.6576077732309833 -2.2084847963367205 -3.097229196844292 -4.080805554633316 -6.455906132706281 -7.48927045159982 -6.579695571778015 -3.6355273859767507 -1.360921012879535 -0.7376201103836908 -0.5972674932219101 -0.5889883181638603 0.08846255824571994 0.5341841711540858 0.6414566824507357 0.7316487614301947 2.510902142057863 2.0014914050327333 1.2061446333240582 1.3487319494294823 1.929493341304243 1.8339501536597018 2.487895859082433 1.6666180506497936 1.3832239802943804 0.4152226589415458 0.2574938977430123 0.48274232484444557 0.11861506519647462 -0.22529638768777455 -0.6113296484135304 -0.3168593016019328 0.17905558483994125 -0.8956353572078639 -2.1137367129210225 -3.4280957675294133 -4.830578787903906 -6.4916730836889345 -5.296137479545782 -3.071885347126362 -1.6684425379302328 -0.2334496975812826 0.13855429671780461 -0.5167536545109926 -0.1488335266616956 0.23029088524073188 0.38713144765587637 0.6551321602219716 2.378915585178767 2.3018749555169014 1.9228468969935335 2.2424958854680406 3.359233853483337 1.8858392180173842 1.6330396512107297 1.677781261222137 0.705868413997573 -0.6659163059112163 -0.2305883929679867 -0.12456602245033455 0.08502484076394673 0.4823976785885078 -0.6477195783054265 -1.314103434116785 0.5849908457539204 -0.3880203347584773 -2.1190290214655114 -3.2520748781587843 -3.7335497708765932 -4.088112155980389 -3.810259578676812 -2.7100120672977654 -2.586813947143871 -1.1700109094298565 -0.8001865069277623 -0.7327998576392009 -0.31231093283251077 -0.05712339344443819 0.1725552857997584 0.5893540378958559 2.1903336010982106 2.6532480310266586 2.8226560601872714 2.70954400225116 2.3135371588001115 0.7239167395301578 0.6382578777843518 1.2601410549440297 1.340563012133884 0.36641279894529755 0.28639020448007363 0.31718504700566735 -0.14824798312664203 -0.4496933516625285 -0.15950116378674953 -0.506136684298935 0.2565343933883818 0.3826558127990465 -1.7545737311873861 -3.3139671142993063 -2.8342564804792607 -2.6418764432479027 -2.20145514921486 -1.922602190485622 -1.5934200747181329 -0.9098004843974943 -1.4569825961874274 -1.1029171515506722 -0.5177927216009043 -0.11263034147899482 0.09589588983380923 0.5258488163615898 2.0487130128161937 2.7185716172827092 3.1132842206210567 1.9490722980258375 1.6844406131674792 1.9004639887207517 0.8173362737305326 0.7737972383188846 0.7998027004360301 0.511751201285692 0.2638663608858023 0.8907409735426743 0.7772327738966402 -0.4437438405308862 -0.09445905160588491 0.16329791991486683 0.22378444869841374 0.25250771828655816 -0.7805356001191337 -2.1734684723985076 -1.9365590755189246 -1.5733141671930768 -0.9670769894891331 -0.9705085325841584 -1.0767940846849893 -0.9128161700837392 -1.6838243205641812 -1.3871755715687488 -0.807518134712893 -0.20551507120218016 -0.0014936215226253795 0.4724864287428333 2.0576135267295537 2.1610741456082962 2.0912437173783203 1.3620513548154933 0.8620208305766831 0.8520589617521834 0.33235610182529796 0.660405400668733 0.3117296344812325 -0.8513632534678283 -2.032222130029368 0.30571503487751334 0.7326384624531976 -0.915731503115742 -0.5965831223802204 0.45227910125559845 -0.36660788790770427 -0.11611836206998574 -0.6033144946187204 -1.5501626324948292 -1.3304648304439053 -1.3129884875097644 -0.7204921604488882 -0.5978487701371894 -0.7389480874860523 -0.6629214563185595 -1.2771056917524255 -1.3218764217995622 -1.133227706760115 -0.6365831561898484 -0.2771327138165587 0.43713610091790767 2.142994591154324 1.6095528556730314 0.9862173678055516 0.5874953874070652 0.3891135919813721 1.3410273689974275 1.1341848435404607 0.6318665166759713 -0.619940625254549 -1.689633041752879 -1.6950567359426445 -0.40297704646079047 0.2664292118398253 -0.24437219099636634 -0.3662713257728783 -0.04458171964263248 -0.22630402071883163 -0.05654419869370273 0.09376908038263537 -1.1446564488744186 -0.4394225277185195 -0.013541914169568067 -0.534057565210868 -0.41694518758162014 0.2647235510519381 -0.002758152786261317 -0.2894911232738447 -0.7850902859983616 -1.2696801286357138 -0.933450452442403 -0.4529482033149038 0.4274417680810489 2.2308178150355884 1.692805616504131 1.061077154993617 0.8981817228452706 0.7131851254040894 0.3637457016584485 0.15139888129378587 -0.058045181942364986 -0.4951719733274926 -0.6014315431276476 0.545789209465287 0.7845618030600877 -0.10684169014421763 -0.35236756181360607 -0.4782498291501634 -0.5968095865202491 -0.26947208206558465 -1.0595481572209486 -0.7807717780119364 -1.2129140624524297 -0.025674297106271168 0.9623383859425928 0.45359120115823226 0.7807148235963172 0.43979140634817826 -0.30533127833481166 -0.6735541707963973 -0.7173145248441052 -0.8970008298772961 -0.6191139863110133 -0.25082025589349294 0.4510479988408121 2.298328431756461 1.9058089196163355 1.4190231092664614 1.2007131646159668 0.8545550351073913 0.14122717665285084 -0.9579135602121567 -1.4097941297024235 0.1872794175846724 -0.1269666233632608 -0.2935097929814878 -0.6899578624765886 -1.2048048503143658 -0.9530183623359983 0.019174896014688896 -1.009163236424743 -0.30804987785555143 -0.10398642692877792 -0.6840324649607579 -0.5243591320755894 -0.6192302503676246 -0.41999086526060697 -0.09544042636712062 0.5249030516353648 0.17939208449893962 -0.0660347379459089 -0.6477731830524731 -0.4243244418438816 -0.38179265938169615 -0.15148104158826056 0.07251297688268561 0.5016576929429616 2.322761754567472 1.743464734544378 1.1467458247875504 1.1046689293663225 1.3204388523664214 1.4358918310144437 -0.12763798688528158 -1.4238271007343 -1.569195321013761 -1.8264932168230839 -1.3634445669910176 -1.1412026006788702 -0.7324306984636277 -1.3136269061903516 -1.7809303384857527 -1.3444826403981858 -1.099119857258802 0.4474639416400497 0.5782594755103381 0.012195706176534525 -0.39702566486862634 -0.16269163152306845 -0.39016825210615264 -0.06651211571114678 0.328326913549886 0.7446003399823519 0.47523823048436403 0.21984453695239 0.022411349917444978 0.08030312782781 0.2603879463082491 0.5729677158045087 2.2782966849665782 1.4872027672668722 0.69559216029841 0.3995579038661901 0.2927314794056753 0.9160579923983951 0.21718564342154534 -1.036167810265787 -1.627819429991914 -0.7999815819000748 -0.42558386695427397 -0.16403215691987064 0.137270944230193 -0.6466426281199368 -1.2588338255585618 -1.2469551726772583 -0.5051569395470583 -0.04284746490139744 -0.1392209035896136 -0.19821483506646936 -0.6601615750506985 -0.43523803246162 -0.7702077061818314 -0.6116518264838051 0.1455985942299285 0.987723498171439 1.1597108246764092 0.8685312147974517 0.43911742380680896 0.35700233955561256 0.47112097938364195 0.6276878299762146 2.1390483243845653 1.4185014839784864 0.7615044603594023 0.8932792501881309 0.5643997363378687 -1.0098328811802522 -0.7413331077625436 -0.318685466416418 -1.2120518582507456 -0.1599482065950807 -0.031424543130789614 -0.3030039446002124 -0.9557608819858244 -0.9879986271659339 -0.8860824063253144 -0.6907699688946103 -0.1795644420879191 -0.09806238373217242 -0.7676990492786585 -0.6175853925692166 0.34375070512576744 0.9437530820421319 0.041422316130142765 -0.9455366924747765 -0.7375361648420277 -0.2288233490508802 0.42468114771333787 1.0877909048970558 1.1388259534121234 0.9868154787249265 0.8628953964173539 0.628452831345964 1.9893254738286659 1.4367099239092553 1.02096459259755 0.7341668099959828 0.24896031931112272 -0.4295060142804478 -0.153980879056566 -0.5213221970862976 -1.3034187237419943 0.02387408811912652 0.24626540997095206 -0.6143900522610312 -1.6727198668843588 -1.1651689484024146 -0.25580952911277466 0.25277333444235317 0.16910035205523952 -0.3632955701933749 -1.4709498432803312 -1.4660359480782013 0.4034160800167179 0.9171200184173588 -0.01569167687265229 -0.8203569849596255 -1.25500321219588 -0.8553880663096926 -0.09531132599774597 0.8244101621953794 1.3858041017304412 1.4959358412671884 1.1762206730079332 0.5956775454275218 1.9124551978518538 1.4415340336420037 1.1386960252837177 0.8065293222388227 0.5716390981153086 0.5409604270962095 0.6655213866047834 0.19542592479553456 -1.234819406885478 -1.2538543584949546 -0.48287306280053294 -0.6645882512422776 -0.9422096060487164 -0.4206296609849982 0.26023531699965124 0.6366292368737575 0.7896005021085724 0.07675163928563775 -1.0354353014889652 -1.4580324863626815 -1.1585052519679524 -1.2117709021677776 -1.5955099541773585 -1.5112027945638822 -1.195892765832957 -0.6237503949054984 -0.07010290744247168 0.7095104319479593 1.3408358480167661 1.4524806514524162 1.1499236063116194 0.5487336905128414 1.8973737736033118 1.484344105547741 1.23201926706612 1.142581783789432 1.2760473593063641 1.4328164108815966 1.3791473239341767 0.48577707183724955 -1.6637583418985509 -2.5013364416219637 -1.9528458281311474 -1.2713962049811687 -0.5982335719687885 -0.10995931278941934 0.29461605513153655 0.6521485161200332 0.844596727724621 0.6043311730306792 -0.17333379013052636 -0.9269421938946044 -1.905096986190754 -2.4905801387058175 -2.555469617975963 -1.9588280505702818 -0.9551240566348774 -0.2397451837240473 0.15688373950310328 0.6745978352148077 1.0622598121282085 1.1375654366067662 0.955502850016599 0.4852456989062079 1.9193360214707975 1.6209122057900687 1.3834910832977487 1.2820849918606643 1.3664901625868404 1.4694152736710606 1.3584838344390069 0.4591790457017738 -1.0059976853233759 -1.7660096305837298 -1.594172954802232 -1.05015641778839 -0.439632379901798 -0.04054398386712048 0.13971954685613716 0.3181729637117496 0.5095460372618337 0.56732564175747 0.364211384832947 -0.23913122043528254 -1.1023670582794791 -1.6546084910999286 -1.7040840738193075 -1.2563362683131392 -0.5164408379320174 0.022236531485929845 0.2970329947196076 0.5707287454102614 0.8010830068287786 0.8422104589818373 0.7413067453362027 0.3882844817136517 1.9293229846756645 1.7552324869453364 1.5260804721050338 1.336129961016796 1.2436084167800094 1.2073868497203317 1.1283591212727886 0.7346682743138315 0.08716714996271847 -0.38598672253216393 -0.561429779107961 -0.5287915440274885 -0.3608721008878637 -0.19629137570281846 -0.06892447825786505 0.09468472442140166 0.2897004196484514 0.46431355967293875 0.5526147128917541 0.41863193181175395 0.09305215437500526 -0.22232781653487896 -0.4123153344075644 -0.3669080322378547 -0.11472633400963554 0.14061522636573404 0.33301674156287253 0.4915909891310187 0.605016764313258 0.6098839368610148 0.5533579200338792 0.28917242043841374 1.687781345169921 1.8524946700454348 1.76108887785234 1.6692181968482127 1.5731813642401706 1.484945884141377 1.3947853957145548 1.2775914850272054 1.1142442475237142 0.8715540218429794 0.5779227152665843 0.33825864984473936 0.18687673171776895 0.1068525465682222 0.08449856210424697 0.09200185996529103 0.11706301763997629 0.16346511926794344 0.2177066025344608 0.24941388360513503 0.24202157775066757 0.17866257769626637 0.07953670622235215 0.014631066033447526 0.005724237455101033 0.04170027070824496 0.10312916872341898 0.14526003378166935 0.15488159397126905 0.13754302036136093 0.11481849115181152 0.016528130745561052)
(UseCyclicTransform "false")
(UseDirectionCosines "true")
