(BSplineTransformSplineOrder 3)
(CompressResultImage "false")
(DefaultPixelValue 0)
(Direction 1 0 0 1)
(FinalBSplineInterpolationOrder 3)
(FixedImageDimension 2)
(FixedInternalImagePixelType "float")
(GridDirection 1 0 0 1)
(GridIndex 0 0)
(GridOrigin -114.0892027580401 -101.05560299619289)
(GridSize 18 24)
(GridSpacing 80.48232339413346 80.22881839628747)
(HowToCombineTransforms "Compose")
(Index 0 0)
(InitialTransformParameterFileName "")
(MovingImageDimension 2)
(MovingInternalImagePixelType "float")
(NumberOfParameters 864)
(Origin 0 0)
(ResampleInterpolator "FinalBSplineInterpolator")
(Resampler "DefaultResampler")
(ResultImageFormat "tif")
(ResultImagePixelType "unsigned short")
(Size 1137 1649)
(Spacing 1 1)
(Transform "RecursiveBSplineTransform")
(TransformParameters -1.3928448990865014 -1.6159341467801216 -1.5517273835912373 -1.4862751689219558 -1.408415903805931 -1.3477407149446263 -1.3000416212362484 -1.2371161506151636 -1.1467391370042719 -1.0311946985849951 -0.8926498375693864 -0.7309593289294285 -0.5499742162857273 -0.3568955171581203 -0.16557733681633424 0.011054098599477096 0.1365861146409182 0.28999524342213956 -2.0169051500202326 -2.3628338885733497 -2.2385111794808545 -1.9615598711995519 -1.5807233003219276 -1.4703497810635413 -1.616545683665115 -1.6104390473925865 -1.377026040025553 -1.053405495876287 -0.6988208486432932 -0.4293199165531719 -0.26303867244732093 -0.10472085472877979 0.06743897499303647 0.23920744526022908 0.37329270435214523 0.5168265379671441 -2.1800055098547624 -2.6376493585881073 -2.5868481891132213 -1.8401853585272756 -0.9592638557943809 -0.4260282609135207 -0.7018209600560221 -2.274972478317501 -2.3529607302732516 -1.2273733310777368 -0.5334400164351994 -0.21530388390433375 -0.08959376041793753 0.018475049997708156 0.1603952769380576 0.3111210656456085 0.4331804474153078 0.5638383045698592 -2.3904781598384557 -3.2809137157638224 -4.736731099856047 -1.2191641719046118 1.6091396152201674 2.849549979472183 -6.072981949293451 -1.5782674168220665 3.813429887011307 -0.920043951046229 -0.0804834143574692 0.1551474196591052 0.09189448515014043 0.08802035072464469 0.21334390746435208 0.36579101219013166 0.4807177013530404 0.6103400142978715 -2.537766530172011 -3.7362418809821136 -4.833114777714562 -4.61357312797303 -1.432488280207209 -4.6535112428883965 -4.96055813309793 3.564671897150636 -9.775720081073649 -7.701136639830913 -0.21802039239259302 0.4367644672110198 0.04382644990397158 -0.11995748980269136 0.08365817640949123 0.3271215270922702 0.46204693280407144 0.6157744496780054 -2.6472897669570545 -4.665212666874209 -5.0225249297556065 -2.633475263642967 -4.7037495991102 -5.961007631626148 1.0020215412340474 -4.659426085846697 -11.507904258979897 -10.12706201080544 6.485504139293138 0.5622680253218083 -0.7492577747176563 -1.0503177325325876 -0.47161093098278395 0.11518368538859336 0.3558061830136882 0.5865582832247381 -2.724023913846051 -4.388836664452542 -5.9446888028979465 -4.881401630736809 -1.9122269038833675 -3.7119371160049974 -6.138204648788286 0.8767333106026789 3.159383825035847 3.821360550490979 4.476432217158688 -3.172005409265683 -2.34255206929422 -3.3326319178535715 -1.316327548728537 -0.16859112129300988 0.21395518160952057 0.5288567745203385 -2.776311106222157 -4.676130888267841 -5.956743700911542 -6.896665471949978 -1.856663630668591 -1.149226910565274 -3.53191179398366 -5.9219904331378554 -4.303871204766143 -1.0439648131938815 4.428138457436763 -2.7040912561917425 -0.9769547997651729 -3.574294164078771 -1.583603061569998 -0.146963116778059 0.2171881978081909 0.469713222282477 -2.7824463478372947 -4.261441201100285 -4.401751587400246 -3.450881794855788 -3.742277730064099 -4.630411638411142 -1.6344058941322708 1.4190047482628698 1.9484913574078953 -1.3396585075972622 7.0546682982909426 -0.6907521642723953 -1.4234543337689725 -1.6971252073699419 -0.9145383049534129 0.21669865352732065 0.38850739879313234 0.4192674257025319 -2.684112210140867 -3.767187297750239 -6.077658013022897 -5.312982427085325 -0.2419616088861381 -1.8488833364240542 -4.8234918983865205 -1.9936596802228652 2.512466093240601 2.034033238728624 2.9672784655586755 0.4593244991148835 -1.2381536260695165 -1.584421285622384 -0.2920455987602482 0.6607818236231988 0.6281317812596213 0.38333464000763096 -2.4822759362682216 -3.4094307171019773 -3.558303123029238 -3.185438678874278 -6.017510238642276 -5.551952695207084 -0.1858117059423361 -0.9790914923703201 -6.632650513138087 0.20942221300278518 -0.5585224519879717 2.734483201470113 2.338315408500186 -1.3413863833431319 0.06937339535529102 0.9963671221596184 0.8201403273205703 0.3410388652136207 -2.229635183450681 -3.346294201206711 -4.086951598329071 -5.993824710220476 -5.3056606712119985 0.23467594998420982 -6.271291280043793 -1.9139076195822473 -0.3764846714806551 -1.8887596682079257 6.1224804669761275 1.7716272629301237 -0.8557404742037241 -1.353559138361664 -0.09502633384705285 0.9675035134246397 0.7619267906687458 0.23273386492304646 -1.9366706695062277 -2.7474764356401864 -2.5204637438986732 -6.364656648672529 -5.624163448162538 -5.588915300632262 0.9558581505127454 -2.533635748281897 -2.598508316149352 -2.7335743721230394 1.8034540018498724 1.4208083233101725 -0.8302917686974612 -2.0773150596234125 -0.675542680817851 0.5679708053584576 0.4245403729586766 0.04046675851079673 -1.5943672721861586 -2.289934677833949 -2.4161401177142996 -3.064256602062195 -3.245186431758896 -5.923953881467162 -1.2778528257894348 -1.0405246529132466 0.5304771296452994 -5.407955444505699 2.9648074598466043 0.3712179433878972 -0.7672229927711368 -2.2741367768553244 -0.8948587762063279 0.06281906652689508 -0.08698574708177007 -0.2309202582677295 -1.2268211418609742 -1.573977565246736 -1.6947150587257969 -2.24759542896085 -2.5108356376084666 -3.1783353298405594 -1.016691553001364 -1.6337221031475038 -2.035308439316317 -1.9166889819959267 2.185342970032705 -2.5886238950727307 -1.678498355647004 -1.3090929421625364 -0.5888945623700348 -0.34596069528413237 -0.6248335407653746 -0.5452242200443365 -0.8978586371074028 -0.831523901476903 -0.7159877547628014 -1.8553357750025201 -1.8603457136753354 -2.1860074082058847 -1.7007825538082548 0.0690600752107555 -3.678699215374741 -0.8427270635633838 -13.546397666253245 -0.2262580353244153 1.1707287492709602 -4.268951623594557 -0.11843418431760452 -0.4596722583704417 -0.9136120719075143 -0.8340681148911658 -0.6440937083174126 -0.4715309878463856 0.4426157830446052 -1.365330959796153 -2.702141709887133 -2.9552889906061384 -3.7499752427952435 -1.1710010110101567 0.01615079272999757 -0.16057110122716522 -1.9712381339562997 -0.49415400188275754 -5.592327771330489 -3.4910316569833157 -5.807314996398093 -3.5454455110262373 -0.897184517603873 -1.0061793564855712 -0.48384067452912083 -0.1028360262751183 1.768001153168901 -3.0838904005804975 -4.651311345142643 -1.7006786669455036 0.0954262073515184 -3.3421442483485877 -2.4829240965623893 -0.7108289383850083 -0.3648026212623493 0.4923104613785499 -6.209973544433971 7.681993395678924 -17.36426862109674 -7.680689725897011 -0.6970527535327979 -0.8914533844696134 -0.3972107536553065 0.13447202720789803 -1.7094733719285926 -4.097019667909692 4.0679431676612126 -2.0706688082946063 -3.8363253319361834 -0.042416354378183925 -0.2825753379014594 0.5903663641627042 1.3628091240296167 2.944884393893523 0.189990548231772 0.19343296652792485 -6.684620641785405 -1.5739325990830817 -0.2722615266154523 -0.5007085303382557 -0.2470543370049436 0.1919593522884226 -0.38463170234549293 0.23236495640453092 2.262413279622241 -2.130376664253597 1.4123866567969319 1.2461031482902674 0.5321498304417311 0.286617047701755 3.256632617500212 2.328961364229845 4.266996113261229 2.2623785000394463 2.94149816614136 1.6286234888339377 0.5207809928532176 -0.03234175902723408 -0.020718783261072116 0.20135892821806486 0.32183228770151495 0.0565352756980042 -1.6133189809764332 -1.5305904191127169 0.8904705606288488 0.21046658090961576 4.943399895854531 0.2921322603360175 4.780890088660964 4.829371138976596 6.74759050133131 4.071581363261565 3.0056518478120102 2.058291063509247 1.5752733225336133 0.4200307187599049 0.14172161288359017 0.3092176064765237 0.3277187736816764 0.28297746718273825 0.14441362220941034 0.36323740406221755 1.191258307638068 2.4936611123374446 4.882579118945421 2.1490184570072106 4.201657902547867 6.6955124282136085 9.828649707845434 8.044040225386333 6.487715490783742 3.3356053803282806 2.563899536314684 0.8370985799953542 0.19967648539191735 0.34672870988077736 0.3259527496022256 0.3081846338955169 0.37626586470825474 0.805274980148428 1.5776132492974637 2.5973526786697083 3.4964626592550028 3.20975040269692 3.8969036672881985 6.310067226406355 9.790094980328409 11.397664732229712 8.647425646688088 4.971540894099626 3.306692594986395 1.1395651493173307 0.2414489841185743 0.4435417097122459 0.4797119159942576 0.5919524381703838 0.7983319820692859 1.1793880761205107 1.727334519167645 2.36458990642214 3.0126448926679044 3.517351898166397 4.001665817571112 4.98334503336394 6.2159039718240745 6.529760198822341 5.628525492364318 4.3047349036326 3.1705199917870184 1.4107479683931017 -0.09851051500464938 0.465595408850605 0.83769222676071 1.2843163658834615 1.6320404355229008 1.7781103359326227 1.6980595919059884 1.4666131758436542 1.1692256964512784 0.972032196250595 0.9169160230581144 0.930471558990532 0.9681794602879472 0.9720822704357648 0.9289988399438691 0.8535529148093826 0.7929839839905546 0.5480259212563883 -0.7000721560714733 -0.18609457333256885 0.34844339996444684 1.2356436198606158 2.165060432125593 2.4537808964036976 2.015084158907675 1.2569180301365368 0.5210742745179423 0.35703057220495965 0.7959045422102304 1.2902650378298326 1.6297354623213214 1.7688752407077175 1.7121963108792155 1.532367013172012 1.3621335575208389 0.869530050641723 -0.998087563493553 -0.709907383171346 -0.4488508267618935 0.2329040198934885 3.121371774484668 3.4808056176827424 1.9398524205912366 5.1505203740120775 1.6471867485451028 -0.08659139859795308 0.6548642240414659 1.428757619174054 1.854175767830856 2.0219013678790767 1.9586465996200362 1.7393140379186334 1.526182149226777 0.9514768870429519 -1.3194747638867041 -1.4838635255019728 -1.6310614396417713 -5.016814475085538 3.2215126088189856 2.4391341307092715 -0.020693470786613852 -4.1652787852967235 -2.8334185349573637 -0.44260939764532164 0.9924477516861824 1.9473833476828148 2.252629178442756 2.2959724113345383 2.1831388355225076 1.9292250147010248 1.686825725800905 1.051699090023442 -1.502253666898182 -2.358333664630162 -3.8386110284211528 -0.7917226674871076 4.136789837364962 -0.31559466061748565 8.01922241936034 -0.37564211268014813 -1.8545377815693644 -8.817734795703807 0.6023944380148044 2.6012321558541767 2.5909377700486185 2.3659748477129354 2.1866205965993473 1.9446746302143048 1.7202894956594577 1.1064758350389725 -1.5174633323730922 -2.347403546575579 -0.8996438053841185 -4.627855260853413 -4.219055766415396 -3.320055369662532 -4.884383221363712 1.0425047551428404 2.32336459416498 -7.397431170222964 5.420376366636717 3.410055472286803 2.493741815901709 1.9875972666591437 1.861199394068016 1.7534974080363708 1.6130623604839054 1.106663803333899 -1.3571271191994296 -1.70464266595006 -1.371222207348308 -1.8226695558905295 0.18329824144921586 -1.2538656795697707 4.070106475705356 2.04783677121645 -0.4239184136739608 1.509150206522499 4.112051185072083 3.076316926280442 2.357443565954498 1.777479142426232 1.323971521696273 1.3904900788471832 1.3745361221978742 1.0361572343953447 -1.1429181990779664 -1.5885710498752714 -2.9047968778943947 -2.189991735529044 -2.1732533340129954 -2.51051298541159 -0.7383479982065214 -7.573949078178639 -0.9695459810187852 -0.11080405874840091 2.4911351978589646 1.0780553319590065 1.620820758458476 1.7083422880826227 0.9175030740624632 1.0353596419942506 1.0937324864955 0.893331943108903 -0.8448032203517191 -0.8772217679504891 -0.5729188601361115 -1.704767273766207 -0.6779219158219515 -2.472881033535749 1.9878802256974757 5.707378680232199 3.4999308966197717 -1.5457324729154098 4.414282571477026 -1.0485779380546973 -0.17161544497689563 0.5348150554708041 0.6453602137420257 0.745814159346637 0.7936115362686283 0.6713540692488229 -0.265516586243757 0.21621916515187137 -0.47151553689971026 -2.7060131876969846 -1.4972661994207117 -3.8392959207617063 1.1312448657923297 -5.816250613597418 2.25233999481863 -2.562483656073254 -5.094703824341046 -3.9117164782497937 0.2580611280295236 0.9085189956891608 0.7196580322278124 0.5208523783993086 0.46101827355659225 0.36448982984003003 0.5727193686276897 1.197669209699162 -2.015173796395933 0.1324362998437606 -1.8628243963166193 -4.742778520845428 -1.2604334149617749 -1.9369622991078281 4.403704017643356 -1.8469694860770576 0.055897256135618904 2.7587395472124827 -0.29291572388336584 1.5867441209188133 0.9332010646250011 0.29287825211726026 0.054280017790281736 -0.04196378523933864 1.4681209171095326 2.578279079461819 2.794740241488701 3.5570138957416844 -4.986475527739543 -2.289129782327921 -2.993491524821981 -1.695601009326465 -1.4026344301102571 -3.94795521141739 -4.829874508891861 -3.5921225179082845 3.2133734974323347 2.3636778204928235 1.046958625950831 -0.11520738216305249 -0.5317876777723974 -0.5838483219452664 2.263291004009705 4.100703877327155 5.562812427048236 2.7686580190044183 -2.533082749424604 -3.220562077422408 -7.065491977475323 -1.1240743830159865 -1.9670382190597042 -0.036111257602898475 -1.7390726197881536 2.9746993359590324 9.053999089816433 2.7061547806169126 0.7528170630548622 -0.7701131001473691 -1.3118659282286784 -1.2502903715236973 2.7331034849737 4.13108212500332 2.7589842738203916 1.0599746642653634 -2.1887893794369297 -4.58102293544053 -4.330235099818848 -2.6083898724334333 -0.10488024558543801 -2.06759766118981 7.09803108735715 4.23395893220778 2.3200983549981613 1.112399240936139 -0.4634091051692908 -1.6677520917175037 -2.2348884628172545 -2.0026381735371706 2.9273261213517894 4.185029657241046 3.7948284098939076 2.147134079830845 -0.32513060007828065 -1.0249221854974657 2.1095473300110252 0.08049548108724967 -2.6979467886087583 8.68178363920852 2.639788259376052 3.3373414249535145 -1.5213882322377916 -2.0218384066512307 -2.259041636358852 -2.7165538462455467 -3.204889416697362 -2.7510789729814844 3.26472165322917 4.889482454713857 5.291783452432173 5.264964120753158 2.9029228035837216 0.8396624716697229 -3.99015528022984 -2.5436666018661214 -1.9772173608488204 1.7432203492766787 -25.57578611143718 -8.893472855890352 -3.3027411239768516 -6.5977748463708235 -4.555546190091716 -3.860246693556127 -4.040567685862737 -3.3223958506623426 3.726678932111822 6.213257627782652 9.708874625363332 10.059312881302569 4.8781696772787795 3.427740063852215 2.993261061127581 0.13963186645941283 -2.6385366730658455 0.8487396277280094 8.22318853369273 2.6796072675300975 -1.1677351759586334 -2.903295975535085 -7.239380457486498 -5.841488329476033 -4.670460148680507 -3.636619785943554 3.8613183687933335 6.351892488468676 7.886968462239949 0.956559078289768 2.0980514203302922 6.647757217228947 0.11681259349446801 -1.778194870977758 -1.6858064400421946 -0.9975947431364035 -4.349164385834081 -1.5391913670948618 -2.1056622499490216 -1.8657146518012784 -6.366238756814085 -6.032637628010249 -5.1508451266505375 -3.6650685990118785 3.5637348301248593 5.089329111332887 4.648116433951137 0.45168797344465367 1.1324600226527604 -1.2115910558270913 -3.752767607786359 0.5959759630896607 0.9125687270152465 -3.8377513742324005 0.8093313143511518 -2.8937307531652965 -0.014953704900259183 -5.878011774797102 -13.683514975064792 -6.470158855759934 -5.387249991874699 -3.4539644452781118 2.927084055025147 3.334267736443017 2.473893077178168 0.40735009790322146 -1.284210118476483 -2.656781139048451 -0.5370614596420704 3.082165665922166 -0.4978367324150134 -2.4654985799136684 -1.0249815563721856 -6.222258691069147 -3.210755671801519 0.2537323017904209 -7.917071765260134 -5.80642913545531 -5.04267975882735 -3.1539767696267225 2.120035159306917 2.102772582668917 1.0890873902378277 -0.3792696567666558 -2.113781459941347 -3.4664683390551767 -1.5670851763826774 -3.9555758385946245 -3.0609469362097235 -1.1166472124482938 -3.3775455863759922 -5.313495708637648 -4.367193697589855 -6.678354652403277 -6.406282032267535 -3.990421156665673 -4.237774501921858 -2.854761662556903 1.427746594691321 1.2861052912347042 0.6505687625535705 -0.31362641816876446 -1.4661693846002501 -2.3225922765119176 -2.2467018951607636 -2.277932242638889 -3.671663821854492 -3.579062770177029 0.13160415531829905 -2.2452970637402325 -2.6404021954433365 -0.07263089762897805 -2.3037968237855617 -2.9802719753863944 -3.518852343613407 -2.5852458793905906 1.0397822621555535 0.812937214384233 0.35507155268747403 -0.32195947241437106 -1.1049468253872383 -1.84197850397564 -2.4963480050621514 -3.1610714069223285 -3.9066924989425247 -3.8576504485470933 -3.209421908670724 -2.3651534841747823 -4.694356145693466 -6.287378311724041 -4.33059104065905 -3.258779098074728 -3.16923774688594 -2.439375242498036 0.3849680077282764 0.009986078607288727 -0.2767998849743684 -0.6718993068356368 -1.116921264739582 -1.6721861197831207 -2.294843605244454 -2.887721082808674 -3.3087143654378965 -3.247111474195548 -2.7660363367007017 -2.4279803601901317 -2.4945001476455877 -2.5982099642015353 -2.4411282685902185 -2.3559037652600923 -2.3398760875032805 -1.8629503185659408)
(UseCyclicTransform "false")
(UseDirectionCosines "true")
