(BSplineTransformSplineOrder 3)
(CompressResultImage "false")
(DefaultPixelValue 0)
(Direction 1 0 0 1)
(FinalBSplineInterpolationOrder 3)
(FixedImageDimension 2)
(FixedInternalImagePixelType "float")
(GridDirection 1 0 0 1)
(GridIndex 0 0)
(GridOrigin -98.59136589669083 -112.19783442577932)
(GridSize 17 28)
(GridSpacing 80.16702559611576 80.05235710195453)
(HowToCombineTransforms "Compose")
(Index 0 0)
(InitialTransformParameterFileName "")
(MovingImageDimension 2)
(MovingInternalImagePixelType "float")
(NumberOfParameters 952)
(Origin 0 0)
(ResampleInterpolator "FinalBSplineInterpolator")
(Resampler "DefaultResampler")
(ResultImageFormat "nii")
(ResultImagePixelType "unsigned short")
(Size 1087 1940)
(Spacing 1 1)
(Transform "RecursiveBSplineTransform")
(TransformParameters -0.3441230258364529 -1.1464105188862481 -1.5062810758800156 -1.9404671921619616 -2.3768645312034646 -2.801674569370686 -3.1588218591369714 -3.4180501850335134 -3.5460538392318526 -3.5392377765332497 -3.393504194083894 -3.116440888193131 -2.711745918489752 -2.24904735563255 -1.7438122497867472 -1.302620505995352 -0.27785771671221315 0.056653066720362744 -0.753430519281815 -1.1520421307847475 -1.6456316688073136 -2.150016414732978 -2.652010274533069 -3.096079914429331 -3.456875354863347 -3.7059486423117067 -3.8132432049902056 -3.747949072765993 -3.4898022427975457 -3.013176252817368 -2.3851068796010875 -1.5969059287109786 -0.8874994700732591 0.5592242988109009 0.29795296813753086 -0.43255830508933263 -0.8130089720820944 -1.289713839624382 -1.7788612029121154 -2.2909972080660577 -2.7985408105757266 -3.2297028278871345 -3.5094226308353487 -3.622313619667141 -3.5529638858831594 -3.3084861035185744 -2.888946675496352 -2.3023237680569855 -1.4765733471497646 -0.7065595862390313 0.8338836397950296 0.6899685772446963 0.07261192886255277 -0.28527839998637367 -0.7363254706322666 -1.1900210555150488 -1.7722954613725819 -2.5748879862567575 -3.2469179155654198 -3.4368657098415962 -3.267216862638801 -2.8623688926228743 -2.4356329860880432 -2.188071793140501 -1.8594037207960332 -1.1065284039060772 -0.319295875859012 1.256038229991216 1.1785889575685016 0.7047023108641752 0.37670074925650804 -0.03198002281886204 -0.4156656298053402 -1.079295635420003 -2.290920703650906 -3.2647820970290407 -3.232304307166133 -2.5819125805310073 -1.5941632791416744 -1.112938134702896 -1.1081721445458006 -1.0667910798610842 -0.4777795334547995 0.22755707517871437 1.6835568950098159 1.7698285187904035 1.4700067546684068 1.1779689675111116 0.8326293066881448 0.5706455900417639 -0.01608777418220959 -1.0699321258729069 -2.0767454564144594 -1.27561580219483 -1.48837730358291 0.3932159202365235 -0.2888966513476293 -0.20099023480987602 -0.12702641217711758 0.4205400954208657 0.9012141755780801 2.1015380672507833 2.4508577373004874 2.350423922818538 2.09652829132768 1.8145728311946145 1.6748450829547663 1.2714048365014174 0.32588139645597813 -1.9188879019836895 -0.5222147741472564 -0.8747012362403725 -0.060388974818214716 -4.618132353330175 -0.6476564344609766 1.6766346803570675 1.7087051697326516 1.6295405470597988 2.44294626623262 3.215259766148353 3.3279165190690296 3.1042226831744144 2.8235905480237453 2.6473163432734657 2.277297881130003 1.9250511219426139 1.9911394861928728 1.5059461241638028 3.388404992116921 -2.1485869948701883 -0.34248650330494385 0.03430313288384649 3.1578421266588625 3.2699229115185644 2.2632218598849696 2.6199397625568164 4.0451538371534195 4.376824692139696 4.17195630276698 3.824282366665491 3.441644112842108 2.878639890011349 1.9870296549052102 2.1192964855059944 2.5372750055457103 0.6581174069676361 0.3950543892723136 1.6960357656598233 1.0859794292490994 3.7919646512243306 3.5318220515576746 2.557258605075961 2.6088229193900974 4.915823669682716 5.466835900017698 5.270128122824496 4.827984772682273 4.187598307740951 3.402657816500772 2.5536010408138092 1.8399566984040818 2.218563091324371 0.1250215305247962 1.8189064558470833 0.20463161387750442 3.6672556856363445 6.1381362065643446 3.9517838910182097 2.854017808537103 2.4880934963434638 5.792518739488446 6.557296759833772 6.361485215842263 5.831227429633705 4.97181932144595 3.96740083423466 2.990989327441831 3.1523159772703977 1.1724702260623556 2.94341563069418 3.5357304033964603 1.3332611515236839 6.614445706974602 6.708092067996346 3.879309865779185 2.808277049671393 2.253598580040945 6.6243436265129985 7.592086213999653 7.398401908560179 6.84097849810233 5.936887983964322 4.846592258541228 3.729459012479709 1.457435864673363 4.175189585820573 3.262618083085143 1.7391878797747213 0.9077070062004361 2.1562035832661652 2.1690846541694757 2.605305029308687 2.168358290321397 1.8501050352850825 7.376711675232742 8.530511284838402 8.342603044043429 7.811187365421387 7.005465697252384 5.900877167717812 4.847184454566886 3.1263861074791546 1.2469252366289867 -1.8979750234166457 -0.7022368303232139 1.8466278690253546 0.4826636437951097 -0.8678429641320511 1.7993993227109373 1.8220038718140126 1.3159518761558036 8.025529540486653 9.341822050381479 9.162187376921471 8.62894925772384 7.827509883651728 6.5829220159097 4.949038051555413 3.4702699386542672 1.503317472972257 7.870696818118778 0.38320545544184176 2.310400413346144 3.509643924377558 0.6647332309529601 1.8390504098182217 1.6125357298071374 0.7426820981708852 8.55253990643115 9.999561568662106 9.826892805361599 9.24860678044681 8.320720186751599 6.888979659863329 4.670102338152993 2.4955948542154296 0.737491980319831 -0.8130938588569265 1.7476277171509116 1.0772058702939655 0.2603238378132392 4.932961241580208 3.3490247224162037 1.665299092486262 0.10407861957953496 8.946854591554418 10.480407264293817 10.305022775885215 9.677179342521976 8.630453768087968 7.232685671750677 5.3957993360720335 2.9071541273921184 1.1175867387791347 0.10014885644979843 -1.1748556066552494 0.3767463615288668 -1.447311487813777 -1.065711073970092 1.7662699095949108 0.8897014669344976 -0.8217256232034287 9.201671758134314 10.774945857203743 10.585367791744162 9.915288800881482 8.794528159193684 7.606446605455907 6.577155344588135 4.746567028201514 6.635223672576148 4.276546561067068 -1.672862876473212 0.013780486922683832 -1.5924952904276637 0.09129416588835618 -1.1335724908811506 -1.1637686506811105 -2.0483882834032667 9.31490116507842 10.88508886456045 10.672345045673751 9.960149821186127 8.780852478935076 7.564344238578863 6.612410442757194 4.510566387393227 3.9599234707112343 2.5236748307044734 2.6452156844479995 1.6531430563686638 -2.364044656232821 -2.1036639609892456 -2.31259245440471 -2.5611501707478834 -3.3610804516523873 9.289398925386593 10.826178774362624 10.589167248498152 9.848375402191396 8.64461426957737 7.16654623624686 5.475082012806335 2.913141826925009 -0.7677127405268299 -2.3318963641157966 -0.18596559860578402 1.9448088637807217 -1.4355156762493713 -3.31381568458516 -2.8109941370063636 -3.6762958308971734 -4.609840369997665 9.133200172500159 10.632547079232717 10.387405690541863 9.668890449476818 8.54443270758957 6.984397030442662 4.927045250125309 2.4187763265310496 -1.1171594208338418 -1.7059438436145293 -3.190498309954288 -0.19266354079811837 1.3887448248653642 -1.597308560242767 -3.6932077749844034 -4.79157607685036 -5.598741389615173 8.858345598504018 10.329108022721412 10.098852805520659 9.455644922678822 8.506382798528264 7.11895739684556 5.4759791990874565 3.696160806284625 -0.7965335821309787 -1.4364583961023705 -3.4696388771655085 -4.323680309828103 -4.973617164455421 -5.054861529206879 -4.798173074858137 -5.645063497692954 -6.223409495416959 8.483204972326158 9.939309110363592 9.747178590186293 9.20282006670958 8.435594989929431 7.284848327053498 6.052105326458434 5.2805371691268865 1.6828283221241742 1.4611192307901033 -1.2061947629539727 -2.825969535484731 -4.4705618855541625 -5.46543760074811 -5.521065010864512 -5.794487929657236 -6.452601502607214 8.021866485351454 9.474238415745154 9.338800958314973 8.899517919111105 8.282487333927245 7.338268816517328 6.054898094720122 6.3783566619928695 5.052418831253476 4.219755064348464 3.5780266882895875 -0.8686870095038987 -1.784965116609097 -3.4467694652456373 -5.114405783184431 -5.134567720762154 -6.318362188049683 7.467940323764147 8.910195733340235 8.83718542383536 8.494379376176356 7.984986256825718 7.13186302949513 5.680134985811333 4.70644031675743 0.7071749924226466 0.3565288435134176 4.381907170678267 2.2441277941538993 0.3771552878118991 -1.384457846152953 -1.1561243580704181 -2.693793824565024 -5.862721729135808 6.877079368009813 8.30098720125986 8.287023332293236 8.025335215379233 7.586080248629238 6.73704098532986 5.169060009407469 3.302055771571154 1.0573133232856053 1.645789475588642 2.434334654830743 0.23830398427744184 -0.49682834285457705 1.1462597673298758 1.2906915262230965 -2.325713889483695 -5.306820959336093 6.263776531977744 7.65972565514015 7.698475783547959 7.517639820098478 7.163945307682032 6.439640621790319 5.070093090787923 3.278965780841682 1.1490381008173471 -0.4594014139089795 -2.417047567354506 -1.0750435084858798 -0.13394521914450672 0.06060594239242696 -0.9932723518914773 -2.7592697712204077 -4.645565901066023 5.892235957747939 7.276752935916241 7.347972321726808 7.223904067606283 6.944768497076618 6.418613560629518 5.476157194802974 4.132924310593 2.402155670495462 0.5999887534421686 -1.2046192822718857 -1.3517857250706045 -1.0602179388843052 -0.893755430815323 -1.7314587444494876 -2.8346001800792253 -4.21391344054433 4.140685105045322 5.322996222489144 5.4753289337972975 5.522728816786938 5.480146546543823 5.363726526002807 5.124257108743299 4.665204853628138 3.8853858527597986 2.8827702780444238 1.7546254972190973 0.7945455662482648 0.29208003067232546 -0.06879059578630849 -0.646481175968772 -1.1859358365174015 -2.048228669259952 2.442888083454151 4.222924285578683 4.880392436875413 5.669019671407934 6.520290793552428 7.395054492338127 8.159224947380114 8.67756293972544 8.807941009936911 8.538109034672685 7.8548490831376885 6.870946980182875 5.691583579917236 4.479094329996571 3.2902428406495656 2.324726653735873 0.3121147334141802 2.087559401996004 3.677411600764109 4.33207910232061 5.228760276548368 6.37121490235083 7.6765911001197065 8.977733124059352 9.942022830578274 10.230638961071804 9.833340685477085 8.739043006365916 7.173826450106693 5.3553578834998605 3.474938387842574 1.6040627389762325 0.13700944680989674 -2.200114932169207 1.7668143992917515 3.177349920331562 3.797577079445667 4.704014848269218 5.936374389394001 7.383265295424472 8.858544667861057 9.955718556194759 10.264247196390894 9.791466920657298 8.542566729520576 6.774194503420227 4.734218139295113 2.670543075381007 0.7143191237352353 -0.7746192819824272 -3.0556476448931775 1.314233495736378 2.455205541001479 3.0034184044848184 3.871952480328694 5.139943609287878 6.621157981767116 8.06910599040633 9.081585201147211 9.25477795457948 8.56260985031971 6.980367972607513 4.786522566136091 2.253546429662749 -0.03173311248293948 -1.5708863817940923 -2.5090944320727147 -4.25600508999977 0.8028840501214746 1.6193335383632097 2.053911093737697 2.8132789725709655 4.011195459768515 5.357284612261672 6.51908911126246 7.170303126199558 7.062508018069669 6.007175269765352 3.949381236365566 1.3136503543821534 -1.6471394629085971 -4.194482386052022 -4.8372338810494675 -4.66450524431216 -5.359965560893988 0.23382720381176703 0.6736240062239176 0.9552275699630043 1.5652844858507737 2.674272598227397 3.9105128702050544 4.819378565093536 4.734146470845374 4.8607193084723095 3.762893451044472 -1.1105730082184446 -4.062636475554468 -5.970199882919758 -8.128341187425967 -8.081758070548593 -6.877380685341758 -6.37535948639778 -0.37494631399365647 -0.34774640428328096 -0.2482816413128768 0.17226321060765545 1.148144660312398 2.2520274022323283 2.7203737642789485 2.215878783980027 0.606346919972388 -0.47467332273730883 4.406512122366469 0.12479713527640644 -9.811653469755969 -10.742942413229246 -10.777184889522003 -8.77052515446469 -7.157965762435545 -1.0160703875281836 -1.4215590450425282 -1.5129270251690474 -1.3530662926251134 -0.7012796731128228 0.023413724170184898 0.485824381669093 2.0458831208349424 0.6054300620191694 -5.298077985829258 -4.041446671619899 -0.2127784638495599 -5.239385227735749 -9.378256063053987 -11.126299528879823 -9.576611127164353 -7.556741874292662 -1.6677847568493558 -2.5009528245075128 -2.774129833207604 -2.911947745299479 -2.7196616255785524 -2.504077378825225 -1.9258648435664265 -1.8185219357076308 -4.517866001365794 -2.442962210822717 -6.491958175367228 -5.71940110613524 -4.69275810689493 -7.425032369229087 -9.04125499571511 -8.927240169611226 -7.4772787291151745 -2.3007928924883347 -3.5266904495113693 -3.9558699154799664 -4.321063823573393 -4.446053791321504 -4.621151695984387 -5.40229150257912 -7.84202948178727 -7.747109104300296 -3.7138297934307536 -5.676188493686954 -6.903553941551203 -10.873839391112316 -9.054698443322081 -7.319794831442585 -7.797196723171424 -6.850115263214828 -2.87139906309998 -4.409068406498319 -4.9473245810785444 -5.4241239344922505 -5.638183624985345 -5.964001480423507 -7.3299174080065 -6.083623912201452 -2.5966160445155575 -5.694839432330223 -7.165235087001469 -5.066899350055765 -4.4878706045324455 -6.765667208043725 -6.33914314862608 -6.3656392423731445 -5.813222805055395 -3.310730739644138 -5.002461612532326 -5.571015371004103 -6.035997309080543 -6.1605890372276555 -6.4425943954930895 -7.167461769269301 -5.572322170729822 -6.233729429455522 -3.5082146128213205 -4.092885250559272 -7.351465078331841 -5.9165608114324275 -5.716801560814889 -5.087211104809977 -4.957403887981717 -4.809785805485402 -3.5829928045439887 -5.243567454684132 -5.7543854978285 -6.096208422160789 -6.011487763088939 -6.117055393829108 -6.0129050692124535 -4.107892231272131 -9.481509576038821 -1.38425279328772 0.7699129390920748 2.966739401906608 0.642760387964037 -3.2010561224249994 -3.344074214447404 -3.8543838700084065 -3.9928137655729676 -3.674633148042422 -5.123860189508325 -5.4961529832132845 -5.650009292868296 -5.356440724195713 -5.208544109507014 -5.619942607574479 -4.7722886660493575 2.0373046790993126 4.892409042527859 -0.41478182251632956 0.33657075693478755 -0.18857002057057284 -2.312982533664529 -1.5845899469908118 -2.9235201546662575 -3.2944388366215214 -3.5876835789852897 -4.682142774611844 -4.8580183543374735 -4.7904845754805665 -4.322117372512397 -3.8897130711799983 -3.8125390888544666 -2.109759225672369 -0.3535270363383985 -1.6322228985230385 1.3505881493917091 0.9968838593046374 2.2330700347617025 0.6912567758061801 -1.6742659729548361 -2.1676152223244967 -2.6597074015399493 -3.343728021803978 -4.025354943208668 -3.9961815350920538 -3.699297791938222 -3.0448025799993705 -2.4152024731351847 -2.0637444954087307 -0.4180304373289525 0.716047524834551 1.1856264743709202 4.694866945018913 1.653254968874672 -1.6900171726971167 -0.06134017949456223 -1.3561479835448993 -1.330177806330171 -1.93454729482635 -2.9708164600098677 -3.236901646997831 -3.023134361179756 -2.5161200477236214 -1.6745642583159936 -0.9417159785743484 -0.7168689178867683 -0.7211545329086062 -0.23591052352627018 2.428256949424619 -1.4220861445964839 -7.954314457662445 -3.4335917951814574 3.0565122905329716 -0.5067563632306086 -0.5462886484660865 -1.154623274122213 -2.5039080295882314 -2.390601524937136 -2.0302862498402816 -1.3635679068181479 -0.3842218646086443 0.4992569333060709 0.8845130668475346 0.9161759557996555 0.16274356048967864 3.0392695941385863 5.907163231417134 0.917083751212101 0.8903543212952187 2.0845766253157016 0.412162614026981 0.38057227573965313 -0.5057681568516474 -1.9965667700505414 -1.5771756035257882 -1.1208506431457648 -0.36472093245328036 0.6729327926626227 1.7330311649563814 2.546621737885891 3.772940448938456 4.510920358291622 3.4597872303498023 5.747205055815703 4.6552433289397674 2.3596836475601264 3.391990152983701 1.195328402041984 0.9410104752644596 -0.07857510943334468 -1.5317024259692353 -0.9154497956288972 -0.4192655073868543 0.3442708250771693 1.333094569930403 2.4106729065891184 3.474656649717636 5.592018342045089 6.203711006060994 4.998913441581073 4.267214307570548 3.533763341135303 1.8105628824867135 1.4736992643396565 1.3868365514205345 1.2232944139655846 0.12615437141424263 -1.1591763809855418 -0.473407641321141 0.005116139225458035 0.6935139013008361 1.524496738060679 2.41391575842126 3.300838658644378 4.450181540137883 3.824651657456539 3.6495724840422583 5.38290755012251 5.864168277373242 3.2550179157616395 2.3619993907384007 1.1189725280055087 1.0045595124655256 0.038682542203949344 -0.906631373575156 -0.28214328067479044 0.1241862079727953 0.6646428974744295 1.2478165102510235 1.7844169602177586 2.0118846467720255 0.3405790188725806 0.6296330312744125 3.7755072835462977 3.602845808335995 2.6344762060496634 0.24652457285589713 0.6384693559489096 0.8099497331809956 0.027305750835606022 -0.5046939211108676 -0.7909026110738092 -0.349473436082472 -0.06092932519399096 0.2819630629355503 0.5734127058569409 0.7023798502088878 0.44377304573142506 -1.6296094898624318 -2.443127790707029 0.04148806130517634 -0.5818604183135071 -1.4977423189757506 -2.5693530057630607 -2.4331127148907394 -2.257775603779884 -1.9223400589561863 -1.4441804277795114 -0.8207070814397395 -0.6645606257316291 -0.5250931909582354 -0.38451061238660555 -0.3311933514118862 -0.41076724430207295 -0.6822233324766761 -1.026827297335655 0.7044155914182568 1.7380176504427576 -3.953125810466578 -3.3292245589148988 -2.24881690315071 -3.378888108731547 -6.558684388848531 -4.164539884393401 -2.457470758372654 -0.9750515741023468 -1.1678110039124103 -1.190340456256909 -1.2344040981029765 -1.3431364709245046 -1.4292255062242416 -1.3950339670096177 -1.2371145602661289 0.1923964405479409 0.9489145410978659 -3.6914429007520653 -2.5639087108834437 0.3514427389133074 1.1645752131304175 -2.6035312255485437 -4.115285272136848 -3.381787578916739 -1.2404985752458022 -1.8293015561126273 -2.019613918829384 -2.248983915062327 -2.514564894738788 -2.6878728932583815 -2.6095068721233137 -2.3984413151094843 -1.9485191783429945 -1.402643297291526 -0.13690251210533952 1.335934424274747 0.28105347582867374 -2.004575701652975 -3.070961504925613 -4.467361739690213 -4.26954974423627 -1.4861340075009 -2.37646667146191 -2.686935428297554 -3.050040557049935 -3.4348675282892445 -3.7694978195227025 -3.9345257925476136 -3.9547201580693474 -3.8520030071662887 -3.5387628797168533 -2.2070582848447846 -2.0162166366040823 -2.4785237940964486 -3.1719601318875887 -4.320582283010896 -5.266702756056179 -4.885915005181167 -2.0270366460406106 -3.609944739683598 -4.1985941819505515 -4.88101980311904 -5.569890194560511 -6.263930212726369 -6.877479095711029 -7.340155228532538 -7.57549161443852 -7.550619089855624 -7.232371350804447 -6.943378019823613 -6.986085238037269 -7.227378238540498 -7.457402593559534 -7.518080291393951 -6.253543978847632)
(UseCyclicTransform "false")
(UseDirectionCosines "true")
