(BSplineTransformSplineOrder 3)
(CompressResultImage "false")
(DefaultPixelValue 0)
(Direction 1 0 0 1)
(FinalBSplineInterpolationOrder 3)
(FixedImageDimension 2)
(FixedInternalImagePixelType "float")
(GridDirection 1 0 0 1)
(GridIndex 0 0)
(GridOrigin -84.24071537486395 -115.57081651432188)
(GridSize 33 30)
(GridSpacing 80.20064243140219 80.26301167863485)
(HowToCombineTransforms "Compose")
(Index 0 0)
(InitialTransformParameterFileName "")
(MovingImageDimension 2)
(MovingInternalImagePixelType "float")
(NumberOfParameters 1980)
(Origin 0 0)
(ResampleInterpolator "FinalBSplineInterpolator")
(Resampler "DefaultResampler")
(ResultImageFormat "tif")
(ResultImagePixelType "unsigned short")
(Size 2398 2095)
(Spacing 1 1)
(Transform "RecursiveBSplineTransform")
(TransformParameters 5.671180834878144 10.39564005327133 12.15115962210366 14.142718753609527 16.067052261173643 17.858625025331435 19.199996165340472 19.93639881516735 19.894958374759717 19.079247504026057 17.491545965618283 15.35631690699786 12.897939010196865 10.290417954809275 7.707775349408466 5.381591417510091 3.5434395150270195 2.2408686144643037 1.5214101734551788 1.2539040301703008 1.3071969767470577 1.593811817560209 2.0262663419264957 2.4905874396420296 2.8727956044428207 3.1384569112803344 3.2529601190516133 3.2513646525720192 3.166103916842346 3.0409388833910294 2.8831020757110917 2.7121824147831757 2.0390372893491446 9.726195297242217 17.65077808099506 20.576721885550146 23.89816773073955 27.12250500339673 30.147317357587788 32.44753585071188 33.77720742688579 33.86045630965508 32.68944842514327 30.25409738536505 26.8900776102038 22.932731066698018 18.65936404973227 14.34755099660966 10.39817550186207 7.212242347753886 4.877815674271158 3.4826036861035163 2.810356527791221 2.6448833082798924 2.8474786176848745 3.27944277319512 3.7706147532238057 4.150818389587376 4.3683212053387175 4.371130084880138 4.221523846320603 3.978657646612948 3.703653606939103 3.413496232908316 3.145863377952631 2.323539568357229 10.897782306497287 19.659326185971995 22.880263045526085 26.53377096753784 30.083079537724817 33.41856871334242 35.96438319036748 37.45018984814573 37.57306257515521 36.325608546936294 33.697438839130136 30.031056536433777 25.668439226298794 20.908539305277863 16.051419986323467 11.584755161407573 7.996022796714738 5.386029734286085 3.853902521064526 3.128930325776862 2.9406498085087054 3.1410491220146532 3.5824542563126514 4.081080572054528 4.453294220047553 4.640189376892512 4.582505638079941 4.36168659013071 4.0560476251075634 3.731026610023514 3.4079473428418243 3.123136894951704 2.2968497561057295 12.62586908938432 22.575851638611052 26.208273619140957 30.32334752742134 34.32559695299961 38.10035932700793 41.00409867314109 42.71177620287446 42.86065832358113 41.47915126341471 38.590669599357355 34.51737648863712 29.579213710322193 24.07122672642524 18.289630577801493 12.937616565944328 8.71859206713357 5.7505463809037325 4.148393456159544 3.4758760291603665 3.2971769855949424 3.492043871828424 3.941202320367337 4.444921149586173 4.8035322404080745 4.936859868256203 4.765489524209441 4.421041718676345 4.032546014184255 3.6671135552343603 3.348575666437465 3.084724782015925 2.2880219550859797 14.256108050088493 25.201806850843276 29.1605134861416 33.63535618914367 37.989912863935544 42.110279552571875 45.3031832827756 47.19201178437572 47.37663458077091 45.852596612846625 42.80185093888175 38.42460123757764 32.884963173983685 26.609918607090528 19.815836716553967 13.468783863388033 8.62645141163844 5.398418326007394 3.922716846180023 3.5084883007042458 3.452597604290419 3.698022008619569 4.172018362535451 4.69545812454321 5.052976927954191 5.094234026680589 4.783878339050212 4.222295571051587 3.7596889638643325 3.433567771703997 3.1821126226577214 2.988039224720409 2.2778196340945227 15.802349695395096 27.527698485252373 31.714049445951996 36.427190139776265 41.007659474290165 45.34231137174989 48.73584358363539 50.75986710424662 50.506421652539274 48.73487557895262 46.123005359391854 41.99142424621017 35.38806400519208 28.61805066038384 20.86598420559244 13.30450304210757 7.414639522690978 3.326405873683669 2.5245595668622762 2.9711404737613063 3.2701657158699233 3.7064743798866813 3.4115032207334446 3.840373923045617 5.376967907175885 4.969588709175161 5.070542345615664 3.531631886119851 2.674447874934293 3.041568348723678 2.985793668160959 2.8762422044872826 2.295435784055626 17.157829109541773 29.35151434997958 33.63148197403708 38.42011388453063 43.05770272336565 47.42084224292705 50.7921462786782 52.864405006530006 52.12857940633116 50.03716768266136 48.21664693928272 44.502929981925924 37.31354458285401 28.251317577491783 16.51005448235711 8.617311325816408 3.172559831314787 -0.3247940849054887 0.9084936295128366 1.9537045343432093 2.8968357876281967 3.513974964010895 3.7301338991198683 5.901778080621879 7.130235523569952 5.222980390151033 5.279561091104782 4.105913209080687 1.9430197414562487 2.775589846330661 2.890251437223642 2.8263535702161997 2.351986263968341 18.35623803460487 30.744701117723576 35.000097215942795 39.72177138943052 44.27084536122025 48.45281669997724 51.396672360305736 52.916853293276276 53.22517340697871 52.42200947587414 50.00874378150747 45.93982823044885 38.658405788865025 27.130844848330774 13.977880586871269 5.2305270027113515 1.2385536739341771 0.3388817689714943 0.38902034287479004 0.7834599373303921 2.726769904293574 3.686090042304131 5.945265067874227 8.304367740917607 7.114883833725654 3.9293605622653685 3.669295443858663 4.650600778786785 2.6631889982744457 3.0884230005308546 3.2540616593624776 2.9978345747170514 2.461154456407014 19.379815623611293 31.6818550246964 35.79156477125756 40.301561632132426 44.61773046503067 48.64500389861859 51.38273472859301 50.954701146958655 51.80444903100623 52.04099666606304 50.66336159629632 47.65921819337577 39.796471612584334 28.40935560031724 17.17931309464264 9.406935109258162 4.552740173052395 2.8017285647664356 0.16636539724437438 0.21180299787167067 4.564687670396785 5.386153753228104 2.2658188727734974 1.6929914182239245 4.1265675136010325 4.437520590113335 3.584810523367084 1.8401042382879762 3.040025500133827 4.4918054417268 4.019326148340562 3.3503606926485627 2.61488133983818 20.18217985756956 32.08079313314368 35.90590189842074 40.04250243016761 43.9734000656232 47.97867588808184 51.44259502221435 49.032503278329905 49.440912007006304 49.00495744621272 48.163533538659394 46.65215449358434 38.25249764532721 27.614270574104502 17.633524060562962 9.394389913393981 4.446501816046914 2.3140495346115437 1.5110255616250365 1.199223388654839 4.138494609093264 6.6176249678290535 5.198495939703366 2.923386017688799 3.8687374699525714 5.009872723571904 2.411981048163334 -2.159336208814755 1.3906511173082035 5.72149579038509 4.54998121349947 3.6324658199469306 2.7949439507044023 20.785045701369416 32.005835723523155 35.42605225747272 39.04784259332881 42.456703690938866 45.52465467218948 47.49118973602935 47.93327760056112 48.075323691367096 46.948104878089914 42.78654494033456 41.77939722651307 34.889790654281235 24.95828563911153 15.16079229556214 6.533225298478043 1.023802663162845 -0.3491532066447544 0.8428028775495745 0.9110792734902655 3.375895767717623 5.282632882759975 3.874245509302815 2.691526921245545 3.3266399043293884 4.442256849332105 1.4152357587844813 -0.6754644234444338 1.053801639477272 5.602300100520342 4.816826544278738 3.7255695585338113 2.9628648090031056 21.276613725522726 31.66412656085128 34.61286729164563 37.631773160150054 40.413459005915016 42.76816357820091 43.90077604205731 44.18644360218189 43.65124107926239 41.75937163629358 36.74842011700455 32.76908254584953 27.346274012226562 20.38117655309561 10.661097448102531 1.4634637339210692 -3.412995308611044 -3.716120470605466 -2.4538435004826513 1.0955052873943618 3.476672937094239 1.847393738037004 1.2823368716201469 1.1332053374315942 1.4111896842968203 2.813564944506492 1.4818926495788332 -1.8262476628725102 -1.1743835699472924 3.388266119275548 4.128297439425819 3.6352195992310983 3.063259106878581 21.726700028702968 31.22404091697851 33.678643715403034 36.058919368500376 38.16025320426936 39.87162427706067 40.508817734313006 39.76089580423856 37.58508561843975 31.89909396901082 23.086813681051275 22.767179510016412 20.182167696009472 12.584670409498726 4.410664876303642 -1.4618886425987372 -5.085770543597583 -3.7790060601356217 -2.732056466130807 -1.3154377867865672 0.6153205047575778 3.5382168510147123 2.1390524660468375 1.1915533817237323 1.7579989564854446 -1.6225217075806886 -2.47605664178923 -4.896014412580384 -1.960658949605675 1.719811856784552 2.660899950330379 3.272114231775178 3.0369697984436788 22.218219793723456 30.88009458507466 32.86708346006901 34.64087931136344 36.09261476663309 37.12987964318935 37.07049338481991 35.642328837121084 33.14850195515019 28.201054748776578 20.386988520155718 18.69936937602842 14.280707910273804 6.165977806891491 -1.1905119709828804 -5.507706076288496 -6.350387142756188 -5.9838451410966185 -2.66351279447621 -3.5788857388809143 -2.0396345524605297 -1.3290741731259632 -0.05620505792641175 -0.3135965470554563 0.26939965709786207 -1.9593423712811746 -1.3232394356968795 -1.2193676810303167 -0.7455221974414924 1.5339739521303437 1.8182262129426725 2.913453079908695 2.8261399074021956 22.782319839110475 30.723230789327502 32.29638536516063 33.530335899908096 34.40203188175892 34.81951811976444 34.12137348070548 32.393605408222065 30.014641125897477 26.487955956134826 22.667754812066477 20.432931279318204 11.576073374474985 0.5571976811851427 -6.472571696454118 -11.149510468084534 -10.892294183498727 -10.15730627014669 -5.821592650945943 -1.8626267424591028 -2.830123292259222 -3.303684729766232 0.05282117374369494 -2.5901728208665733 -1.632741741870944 -0.11128068670757235 0.5516264986766236 1.6445203198153162 -0.5223548451270598 0.5735399844358549 1.5537045260626037 2.6647288350188165 2.3627787798482895 23.400461422480294 30.745052353154524 31.96309098431805 32.72446010880468 33.07477926735184 32.911993171927016 31.645585108339308 29.35950819495194 26.853896029254635 24.57215164307543 22.086372007020636 20.91499245119146 8.073122475337318 -3.832422171621681 -9.720744674232582 -14.451958654888495 -13.105838693064484 -11.047856714076776 -6.838124608865486 -2.557955229209455 -4.028011816137518 -3.5782449968023724 -2.959308980282721 -3.407599026117602 -1.9753598459244068 0.05704883101197414 -1.6549087841008492 -3.2080646685220295 -2.7012380308680997 -0.37911724510771566 0.628966863118712 1.8787859413433563 1.5307244927808539 24.061178951797817 30.95247679849339 31.883500905712673 32.258909136898076 32.18227594316618 31.56372316306557 29.705288694242867 25.400156355198877 23.148859189829576 21.772339710127124 20.727159127107115 19.48100896471108 3.763722897778808 -5.55081447138786 -12.621366976074764 -18.982307355704258 -14.860322472271315 -9.904340814030535 -6.833712053641493 -3.9187764256192468 -5.291337086448018 -5.00417263480995 -3.512180564745476 -3.0790805732853843 -0.3462079286042709 0.38650424606491585 -1.4199818438228027 -3.1192902110817036 0.3611051849862729 2.8130132710420686 1.0493218113136351 0.8652777608664294 0.3917221165351588 24.762406793872046 31.368200302645057 32.09217569537454 32.211196827084635 31.90220698676307 31.21091995849802 29.50153544373517 26.572353258535617 23.566688233468902 17.38799862287081 14.457244351532308 17.16065881863179 6.820784208455351 -5.172717241953611 -11.727231327985285 -16.199456741629522 -13.34904974338243 -5.8925669419156375 -1.8284466166149604 -2.312919867700694 -3.016735564967881 -2.878881096393999 -1.3701265108912948 -1.6405854430133424 -2.773986012361958 -3.3354752029121 -3.429509088999958 -0.8742973249352513 0.866296696612646 2.6388573924952836 0.7233036311620425 -0.3614415365170804 -0.8523347629690725 25.44369796984925 31.91304893579245 32.50616437929643 32.49167657914383 32.1307513051093 31.722181345918475 31.08899237095518 30.18729129049568 25.57036249554345 15.087681884172161 9.56180788872099 13.050155115824545 6.663164365530464 -1.3464704002018473 -5.791594444418025 -9.61315488956533 -9.332293409271593 -3.3051995438814425 0.1942592535509264 -0.7933656202036647 -2.4941952292335663 -3.02205026651925 -0.29860314030108764 4.398554808136345 -3.031917546535494 -6.794022323736185 -2.7672088198405 0.05793314798969897 0.6245822674197821 1.0121040771271224 -0.18923534236210238 -1.5538447724374895 -2.0926452862516665 25.983637672292236 32.402278185659156 32.92102261377698 32.836852965395266 32.470123036377224 32.307850640486706 31.671962749135 30.796190613545015 25.89336083111688 12.137387750231378 7.406830146876066 9.822798190947067 5.290195782169656 -1.1590351372071466 -5.076750995084402 -4.913835893529788 -4.427830460281814 -1.9439465736687496 -0.5742327170479278 -1.2355699839516256 -2.772567568186153 -3.3608016024028817 0.061946601753547825 -0.12333462588402828 -5.270921709278953 -7.19917757141438 -0.5369910417366355 2.047390249871085 1.8777269647951058 0.7908037135227806 -1.0832006546230106 -2.704228367181502 -3.277456329959565 26.276650258260283 32.67827802143043 33.16353805983142 33.04502341522638 32.66632155598324 32.57321867492291 32.449569379309914 33.587233266719174 28.477184511422294 13.543492422565661 7.591573509974303 5.772260781860062 1.6725713044548554 -1.1834958688337196 -2.860483324960464 -2.183813221819931 3.290864394443802 2.8812608160045574 -0.05681651940830096 -1.104644309394337 -3.911232404166345 -2.5090202263309935 -1.3321819368352468 -2.9578788223960717 -4.404867132415884 -5.894273939111219 -3.9966999261403924 1.5524875629779342 2.3058105948467724 0.4336252232430653 -1.8447893166951292 -3.7191646736304227 -4.345636943111468 26.19035728386271 32.544752461520666 33.01962507026384 32.887017849903316 32.48518560900173 32.240259938524 31.26355093619625 30.115944284199674 25.40775751527928 15.767826244760139 8.02627345738312 3.8145702113530415 1.3777306563832408 -1.1392054795917377 0.5718007316910876 1.5472918334368098 5.176491577518714 3.853266224181476 0.41153964146648825 -0.1979159628809301 -3.228497404052942 -1.8930505837759461 -0.4278694457974935 -0.10016805614284442 -2.540296333731625 -3.4563340109932206 -4.424107924172321 1.8832024719011222 2.592049651471186 -0.19943933774196906 -2.6565392102024976 -4.6686628217830854 -5.23717084991416 25.69230096324103 31.948558185961765 32.4286550401677 32.30067127522174 31.877228761243735 31.410459787839685 30.547367175675454 27.240280869147842 22.47239653258452 16.234015250343262 9.859999945720842 7.724929820162837 6.611839787265787 2.3428528596582225 2.3922560110049806 2.3223883844233306 4.104058164355742 3.512428633372736 0.13060011688629197 -0.7114561960449681 -1.2015961188165256 -0.5422935024864839 2.426169411955132 -1.554747364235909 -3.7696812619579148 -5.06616672100211 -4.471630791990653 -1.2424605916261937 0.6188791081696466 -1.3055236339417085 -3.541050799144664 -5.496232460329883 -5.912806141483434 24.85357892621234 30.983611239588832 31.488806920413804 31.40346105068598 31.0091548673699 30.440737967477236 29.507114214761845 27.29456655114927 23.49317248368692 16.43709826722004 12.867873821084569 11.20292505048463 9.035283300129551 5.567230422021272 2.768050220123759 0.8999412972412414 3.6302453488363664 5.386054429923212 0.0655670985958733 -0.584233799741071 0.3829466299496399 0.7038795029613982 1.9627684509403978 -0.10132301137434069 -1.7030559545379707 -3.8542130883843 -6.980398723984938 -0.5017383525129491 -0.04462755491721783 -2.7922764677931946 -4.563763840997061 -6.212013065829249 -6.362300349902166 23.70071963577893 29.68454887913965 30.23610483542578 30.23763430169737 29.93948967103852 29.464174460794215 28.633109115050676 27.686580246825713 24.65769942807846 19.618142603997637 16.27166917751862 14.058810340255548 10.982181907597678 7.090427325287541 -0.058264644722776954 -6.04244961537832 1.1808838931924175 3.2752520656940787 0.7629776795093417 0.8103044273697985 1.5558725618434486 1.1648662720601197 1.1968258355620338 2.41095002030804 0.7784545729492488 -2.5398328875935 -6.676103214069902 -4.100280988758117 -3.4937182308225596 -4.3133178719919085 -5.583467159681256 -6.752863505078025 -6.5751429684985165 22.18856021056514 28.00540337447351 28.628769623914376 28.76558364453941 28.62992672429902 28.357558937937824 27.77098868924862 27.071940207833304 26.035172819059 22.8319935533964 19.680594402279578 15.252604538252102 12.10413727984391 9.242383994192787 2.639362476624417 -3.0121790281943133 1.213752602937506 2.28833726220235 0.44386339712674744 1.6578984678139332 0.9835703145232422 0.632505883275051 1.0617654144417612 1.8203573136917468 -0.1590736114069259 -2.356211842472538 -3.6606420616799933 -4.234130209027244 -4.610908173851481 -5.135457007122403 -6.108913855168693 -6.910166959102695 -6.524421916476694 20.458882578350746 26.102012405937185 26.815398317357268 27.11988681179403 27.190302190369422 27.167404565659275 26.879954965372253 26.483156679001045 26.605075146030842 23.393552055797386 20.924181389485376 16.707647665726245 13.876708980327772 10.65358039254221 6.153726443352909 3.298886414484498 2.2197258295525293 1.7516825912072342 0.9505737575224256 0.6886838705303343 -0.9745172347871357 -0.5283319713271407 0.9195306762791708 1.3087916977774474 0.12350564082594345 -1.3785129733706865 -2.576057009520816 -3.547095141660278 -4.358591651642641 -5.158928141349583 -6.066131421681665 -6.698959357896289 -6.262282086065768 18.474191196428414 23.897651278076935 24.703743825659217 25.184779573682707 25.470145672006083 25.673003999859276 25.60737498220622 25.171668124950273 24.409470171270865 22.668631043739264 20.303696724572198 17.066601255661716 13.594542422149837 9.565530660985202 7.465122259314463 4.297237116163967 2.418102468096256 1.6193800751270904 1.0487165339950981 0.34178956348760836 -0.726662001326526 0.1654712947536392 0.9026196048592511 0.9162873326039916 0.2377003968572007 -0.759750473428789 -1.8077505483019212 -2.8547152925976165 -3.8506691252066787 -4.795454952450759 -5.661951800156726 -6.2050184243013256 -5.804952144879129 17.130238713808154 22.425651243943978 23.304545306871294 23.916334941337745 24.35628296928598 24.69045031247619 24.693707287551604 24.274803387317906 23.322098106375513 21.743991517161255 19.446823116118708 16.702997763814956 13.750163422443539 10.73607322127469 8.027494422634366 5.364540053259833 3.44864886218126 2.202811934337533 1.3887777222906788 0.879352597388933 0.5108763293460401 0.6434169176306368 0.7608248224243904 0.6465716519237865 0.141781118249888 -0.637306681135044 -1.574058428982627 -2.578738419553747 -3.5602169361323472 -4.48860143856421 -5.310169757788188 -5.815864299000681 -5.46416771811753 11.475083843537464 15.724382980442591 16.65931190255596 17.49752772253602 18.229143041185985 18.85288347753292 19.13573879925453 19.010027570476975 18.391461344682543 17.274550196360327 15.652637268081161 13.677275216657462 11.49992112233646 9.256739534233885 7.08388391506574 5.1358942170030915 3.5673999795812055 2.404529129045278 1.6734626149091092 1.248488808998327 1.0039476936437421 0.8815968528584687 0.82251758855424 0.7119026378225959 0.4349182654051812 -0.008085100307456882 -0.6167184741622473 -1.3140737040765198 -2.0227058443268087 -2.7080524157154713 -3.3280795172171556 -3.7292132335134767 -3.653812849299605 2.1894331022205513 4.56179809070715 5.522101879952145 6.661417251697169 7.81799861589779 8.961213769122477 9.934579864965222 10.659829626918135 11.049653839293368 11.0967210265693 10.793051975576628 10.231138095864894 9.503424885839747 8.676342169955374 7.816322268108298 7.00721160355827 6.33285370409345 5.816971357027235 5.483282470037012 5.297490111255276 5.225299023432218 5.244004226146685 5.3308990912728005 5.4535854763522655 5.579646547139549 5.694566556121148 5.783508818426519 5.8310225586730455 5.817117518263224 5.78416183585689 5.711378753603436 5.561782560874055 4.418907779742993 2.4762105414269415 5.352597670386997 6.533050416456035 7.937365563120849 9.361953368109848 10.762816021737372 11.943518431973379 12.780192403323591 13.138127208137247 13.005227217138257 12.368558112629266 11.376193505002902 10.176081191290134 8.867985732474038 7.551770752432745 6.358066241910503 5.417473493074235 4.759812880343614 4.414805769755155 4.323374820902798 4.426482537873591 4.681406204821261 5.045417617829524 5.453074071654377 5.838946876010734 6.172156032449028 6.421362617534321 6.55617083783333 6.5406758571953665 6.442555262096216 6.253929111688518 5.988786765293459 4.608004997371293 2.4703570181580297 5.371874079624407 6.565420479074765 7.987667622358868 9.433835553464473 10.86464668806641 12.08723106239632 12.946873063381767 13.278158383288988 13.063993287450641 12.286137917558536 11.126557392645543 9.766973468805833 8.299090437055789 6.814927293162003 5.487467739247573 4.489692050216196 3.8366247068603845 3.5426955462955725 3.5269284556363685 3.708396298301477 4.056477707580063 4.54073076155757 5.080423429694727 5.5947569500304 6.04861842006636 6.406343604851465 6.601633616453657 6.56260868625182 6.3932650179423565 6.119767241659273 5.787110983892144 4.353024348342639 2.5182892735846765 5.472443823595851 6.686166992109512 8.135502723579062 9.616270331822435 11.11857920513608 12.476308324205036 13.442788684652172 13.75913679521607 13.40614482795196 12.364438761747428 10.91167356202022 9.32329115114855 7.609211233443226 5.780060229693699 4.171151426106064 3.1180670308966922 2.5681276238248776 2.465880231876928 2.6303514893032887 2.8814396372061455 3.274949075866134 3.867037671705528 4.56524731626065 5.276680565662525 5.958077522166139 6.565984127069869 6.902125200524263 6.763327810127684 6.388863388329135 5.937364901866148 5.485876011075015 3.9844624233637913 2.618321027142372 5.588921370908634 6.797855538833234 8.239342563839031 9.714177287037854 11.262388965593663 12.766439285190183 13.915881640187672 14.374305454735358 13.829581117894692 12.40785616810355 10.650968492827326 8.842319909656114 6.816355550624465 4.507021133589731 2.5053571134335724 1.4819117540377553 1.276741078435994 1.4664979736038484 1.816797238395714 2.092671487217004 2.4784363807024343 3.151572370413941 4.032947112381753 4.913856620208337 5.823571694754949 6.863444963540195 7.501858445560702 7.119432941292248 6.289766685995202 5.6058632836695175 5.020464761659512 3.4970836731052906 2.8247445055127827 5.795726988063047 6.9779984911720385 8.367831795797478 9.764965342042219 11.238329018751397 12.67283877890072 13.976195201993429 15.077498547979383 13.666221807035363 11.693563322664335 10.302736078280873 8.444254874839435 5.5432432129383225 1.9695251292381013 -0.40362207456321636 -0.7242767091173853 0.6698840320103057 1.3587099930383408 1.0262349722992672 1.3334896545849242 1.7254765573088766 1.8417003496774604 3.2012173000453026 4.53945482790242 5.085142394996089 7.526067276404754 9.230200111436837 8.379224995427327 5.973821559178373 5.053366514047505 4.372273128484892 2.9180556855297985 3.147258787399113 6.102985486352295 7.236057220967131 8.52382003449929 9.75353302627431 11.014227867218437 12.15359902492792 11.937492765144704 11.623736063666394 11.42607231316594 10.810251056518092 9.715521519736454 7.872552730506164 4.5550065513353255 0.7522455271564005 -0.6872263887868618 -2.2620560651718984 -1.1068640839270718 0.20184853606528874 -0.7089034337347464 -0.17621023584182188 0.7512231917643888 0.3855653349949148 4.093509665868297 4.365190319988262 2.8843290230118996 5.015800093210355 5.885633696153837 6.609979315236379 5.161408212121796 4.253197111594846 3.5452422086523554 2.270226325408946 3.5717049218560963 6.510835342824482 7.582164560819896 8.721214971365749 9.679490421759455 10.586989232123733 11.294569730658472 11.79904885715957 12.718440442096776 12.466230431828365 11.241020343347756 9.952429929121443 7.169153368698938 2.989511743579099 -1.6723842989231616 -1.3809865563785921 -1.8551837583038846 -2.529775075048904 -2.614980278702787 -2.2910102055777903 -2.617898006682945 -0.5594965794462253 2.009341909209838 3.833487743686959 2.532866297794372 2.188389402856288 4.1741797047621265 3.387968597134646 4.595053278095787 4.100130314200123 3.258454277346431 2.612701387936781 1.5865015926857728 4.084329131596257 7.0130267510266515 8.017330116765303 8.989258376462148 9.637049818734535 9.964588201497477 8.745044469821938 10.239566987380252 12.721826842360315 11.969930728882472 10.29053632742095 8.864073096270165 6.040311186701881 1.4263799706801668 -2.603306256248975 -2.582512802411702 -1.4206257165220786 -2.1124614553549774 -3.982189174848721 -3.8338996966733463 -4.893723888975577 -4.343430145571064 1.0490301149757273 1.4469692886830787 1.4296205498598193 1.496426977185373 3.0134402852635223 4.804479301175267 4.4075399072139145 2.319538650366398 2.185190064528487 1.666800583690029 0.9083926429358867 4.67489388845584 7.607314553973517 8.548265994269025 9.405836541177502 9.89408869948414 9.953720356640801 7.643320723124178 9.392007851174544 12.204722383610454 10.402757353797359 8.966077492908493 7.039039612222991 4.608134077824504 2.0508515158418326 -0.6329258217990607 -1.4432513736689092 -1.1291733434457736 -1.6192423604029849 -2.5115010658849384 -1.3810876929418698 -3.532528845974619 -5.742988353982895 -1.788278272474367 3.0409497906425016 3.0156019362063757 1.6044033345865716 0.8446952255623137 3.4437634674640325 4.714054289405534 0.7637862873535309 1.0331654308341038 0.7437364508752485 0.29429089818890986 5.298495484443756 8.245195357520608 9.129817829069406 9.936510517401377 10.438037001950164 10.677403784876777 9.96102723426134 10.74697091653682 11.430288661738164 11.17576582428508 9.614037317707863 5.143457377326735 3.5525364074597503 1.5334670622324282 -1.1097694614382145 -1.4060921144455596 -3.8737601117562113 -5.096381326380669 -2.1781780991627864 -0.03235190209299874 -0.5469449361523465 -1.7344572757036474 -0.7156744158711287 2.983588468465239 2.6849817557803375 1.907021628279999 3.3578553591522695 -0.4906498055781284 -0.35524787736490543 -0.1761330845709499 0.05538812823706135 0.021604000810039173 -0.22293048096647414 5.873615183789952 8.829205281312486 9.662573161265493 10.43636669750588 10.989329023064663 11.382905557331286 11.558788653670314 11.464085198146824 11.02380260443382 10.204163824455792 7.565962651045308 2.551415733029929 1.5503972617142838 -1.7291530999757314 -4.407627857455187 -6.31710061389567 -8.840167858695647 -7.69080598156893 -1.6456416391342197 1.7378430069513688 0.32630750699328515 -0.41335011671778865 3.2503497597603364 3.0101938816434664 1.9245883330695401 3.0490349237714978 0.8371835152749839 -1.9926501904120753 -1.1009102126619652 0.40706659228872716 -0.2694888218535745 -0.12510388855177015 -0.6148441481699587 6.328838595055143 9.275006497859444 10.0616250349321 10.802287226717166 11.388691523438368 11.811392567138158 11.835404687728511 11.508044949380762 10.627918698075334 9.003558185265163 7.863849685339169 3.1892487044142706 -2.0879498442285547 -6.111290297443669 -6.011668669154162 -5.164154580381211 -5.461501795279886 -4.8660801475579865 -0.5562254736379325 2.2117018668887165 1.1193809633479572 -0.8206518209993715 1.7481516850674057 1.7251703879220273 2.496686822557732 4.687826100654187 1.2128325561251572 -0.646761643604534 2.758505183467262 2.205253905474434 0.9206808095517566 0.2780355770725412 -0.9293513678114363 6.580365087042793 9.483810490678627 10.228407843101097 10.929080460856259 11.50735196254629 11.903803610076793 11.827881728873182 11.237244040829566 9.612463050243324 9.011094006381068 7.453621793970104 2.996143155133376 -3.4534121036387697 -8.332828484961524 -7.957993720333968 -5.253586188866213 -2.062357721156159 -2.7868251680841842 -2.621935314086178 -2.77847642598795 -1.7772697650797271 -1.7583825642213304 1.5208578968796462 2.0248475970020743 2.234193699711113 1.1777913794891124 2.0308556067450727 0.4925496852312591 1.2182789706595156 2.869234453177793 2.1806240307920968 0.3078763583019399 -1.325114164762011 6.592767114735164 9.411342598924161 10.116722988885767 10.769523661481376 11.298889514856933 11.63166008915704 11.469031335720494 10.93950860120547 9.424847116995426 7.477978186703229 5.74005754827026 2.733791273626193 -3.870676211981291 -8.735022109984074 -9.22867026618534 -7.035447674660641 -3.3668450792194378 -2.9997618945311197 -2.938255629287112 -4.009554219377961 -3.65468221107111 -2.362415049622259 1.8224985176419728 1.115131453817042 -0.34046483840017705 -0.750874870280492 -1.9708327071907241 -2.574959074569051 0.5242311267436418 2.202151424756772 1.5804243241922544 -0.3105854037298854 -1.8510521359379986 6.37718833766279 9.065604377462208 9.730820505684424 10.338226629785659 10.8195443729347 11.158847835970237 11.151943678572104 10.427964388503472 9.061656188823617 7.321004666613692 4.400397650748057 -0.9803490901838728 -6.2628386487503755 -5.801105406622902 -4.020365725525886 -4.859394935878135 -4.76207073191948 -7.1573493005598925 -9.225971159969442 -8.72974448323882 -4.801419451060197 -0.6310577462833238 0.16968909523398734 0.10430729292164458 -2.5536717101795805 -0.44993806974904355 0.0833188073690757 -1.0235954903411566 0.438323626723788 0.3864698977160891 -0.48542308206414797 -1.333530416827089 -2.5067024510415274 5.937775325397164 8.447354540649401 9.068226228456986 9.632622418951245 10.074566428538665 10.482029837047564 10.72244790693399 9.498255535945143 8.587018679414523 7.372059635384483 5.937012857445208 1.3888007772654902 -6.3458560025470705 -5.621774731431417 -3.627558963163436 -4.1085327686802975 -5.631707504262852 -8.839133823756917 -9.260086017752643 -8.746317406332132 -4.703186353990029 -0.058757568302206555 -0.23323893882211086 -0.03649854644237646 -1.0346704649144152 0.654137887942526 -2.4638458313708735 -1.5486544165273597 1.197555709390152 -0.2975672407031772 -2.2757828289987834 -2.553910743912018 -3.2372916002427403 5.270192945731464 7.544449312195427 8.11145673224936 8.625337618568098 9.020764614930211 9.442092093397902 10.007195760495234 10.895792460417889 14.149884621061823 8.236973140616724 3.604068048714265 2.7816157197234115 -0.8066291939690831 -2.5004226619201964 -2.4334901721825366 -2.6128570554578574 -5.095441469434283 -8.519991776973228 -6.78020829275187 -6.877642155017048 -5.6298330978123365 -2.187928838054906 -1.3383941535508763 -1.6265108887163022 -3.1739172557932545 -2.1115051156020126 -0.5689878452219846 1.0924919503417052 0.5507365455552795 0.3148470687988283 -2.241039943172842 -3.447098134565698 -3.8738227567691457 4.422339939920969 6.418565960920233 6.924895042095125 7.378292895284448 7.707154615928112 8.010758056738322 8.476943471994257 10.351710286815926 10.834934080773387 6.314863014458406 3.934577815665361 3.2355854995741407 3.246605584828493 3.271040462333121 0.12886875208020826 -3.1710266412345987 -3.5006524464141573 -3.8792458150508673 -5.36300314858002 -6.203306872064893 -5.655809788972463 -3.828208795501326 -1.3965940236774386 1.8263421972703173 -2.8052763772243665 -6.681631886513214 -3.1010136876448087 -3.065987182598833 -2.8600284850234643 -1.9659700498064088 -3.165579571346465 -4.126826198987117 -4.382502592867994 3.4961082409770556 5.207715146178984 5.657631373842698 6.036950000152092 6.244625240153326 6.301316786147732 6.10775811471436 5.973921984017177 1.7711543018007094 -0.08599821579086651 1.3940168843762657 1.0217569268437439 1.6283136214620515 2.1719048295076653 -2.5915098624793957 -10.808376852560448 -7.257399463757073 -2.500014870249123 -4.3186757321794165 -5.823394446911056 -5.553721178196351 -3.301047798616318 -1.774390564492758 1.2303123059729844 -3.211605565130672 -3.299714190824464 -2.102917785371994 -4.0400116852064105 -3.5205969029192103 -3.3341711047231453 -4.149454477166132 -4.8560693318167045 -4.866432603520782 2.5794156534380064 4.03013496499462 4.436842402229541 4.747435511867377 4.817872179314692 4.592412611652715 3.973457215345264 2.8408688079271376 -0.6059214420291875 -4.328661475473689 -3.5200435907319094 -3.016046626989228 -1.4718689043623832 -0.2537256814118565 -0.17979110884224464 -4.7421391297489635 -4.844683528349905 -1.255992069914402 -3.30998782684247 -5.873359548490551 -7.733134889453224 -2.5827273417646572 0.10857832227427369 1.0078550649659346 -0.1458168581127012 -3.2977173901660035 -2.922824934431773 -4.2897427100440915 -4.740858797300279 -4.443420378320365 -5.025906996935254 -5.551310389808444 -5.3007566477061445 1.7736982495943276 3.0230531808183354 3.4109999142149507 3.711797221402903 3.7639756941845333 3.522468029664954 3.076993529176007 1.851449213109865 -1.0593235547826083 -3.8457378614112927 -3.6744122077225017 -3.849879320712017 -1.796019484829043 2.085855996903357 0.8836854070442532 -0.1119434491938006 -0.5295251156277947 -3.0583944531127822 -5.2710453458008235 -4.214681379173157 -4.933950522266128 -2.455722344949018 2.2638128360277365 2.967023723305902 -0.6791915525112999 -6.630608473304185 -3.0612852481815978 -5.525116944644285 -5.544134083185723 -5.045117801952291 -5.514943180406832 -5.99116565755334 -5.549874984915624 1.130648672554822 2.2536932984060294 2.6500146233804625 3.0066019464037512 3.174611740650772 3.1685012699069994 2.6533690718425675 -0.0360911999436346 0.8694516672162463 1.6778763194567385 0.11555464140309235 -1.3674529563255358 -1.7322403385010032 -1.1665298984912391 -1.1024690537907724 -1.8644716804229133 -1.8720298173447387 -2.913358561477635 -5.938000208351094 -5.584584731422495 -2.7603957931945353 -1.4418164445900317 1.2704829006561396 1.8580449495301652 1.2527668281503161 -2.281654290548827 -1.930407481672812 -4.478787225539557 -4.5294300101891505 -4.859552819247797 -5.455438225316682 -6.015409433596506 -5.564188817432284 0.6539121751930295 1.7219015133945772 2.148106428131952 2.589337650140305 2.913228588932849 3.1635933329283596 3.0908143871398917 1.7472927631873305 2.94152825205955 4.611879323976528 1.5350819876866333 -0.4489604923389553 -1.8706623743379738 -2.509337484539831 -2.586246317841005 -2.510678162033719 -2.7209061230714715 -3.7813508674507226 -5.747855043645078 -4.104656892650445 -1.3877373262240522 -0.5833988504646788 -1.776026109774501 -2.401995561299865 -2.868692372217828 -3.1805918670674016 -4.571594481190285 -1.7115775327816594 -3.338555611819751 -4.4345061918770305 -5.176539730782637 -5.7600334674882685 -5.365463389951645 0.3558526055957511 1.4386727828528816 1.9117054870213743 2.4478225348661007 2.9241356445944993 3.3638876546240666 3.7117193894441596 3.8673036651711215 4.935198233904053 6.758169197503927 4.372706785177246 0.8434463471657248 -0.7017959041570424 -1.725501418918696 -2.6697079765105727 -2.7214034864156966 -3.8511413779012442 -5.458501320720402 -3.8412385412544787 -1.537202068144413 0.04592933848932286 1.1102637293214308 0.6668107226086629 -1.1679155802787693 -2.0648055253462343 -2.297952544887506 -4.761339444342663 -2.4549303917042167 -3.159615891580086 -4.00386613148501 -4.70739540116515 -5.261156841200791 -4.96926372253388 0.2597483987844634 1.428616876109856 1.9605166683200017 2.5885657130558597 3.189037075850916 3.7454192850919723 4.178323151162987 4.767214522450888 6.512329075147672 7.575034117612185 5.8523806666968845 2.511286695161124 0.5213079316471085 -1.7117331179525639 -4.648675699032258 -4.476098631347952 -3.0942154857254076 -2.0512513275122504 -3.527027810974998 -1.4384551802086232 -0.23202239366729593 1.5837031421537147 2.5018263163825893 0.6979872376433016 -0.4502310983382416 -1.2260461206033981 -1.878905225422863 -2.298720148382954 -2.7382321243398278 -3.2742360464730575 -3.9653839771260424 -4.48982139940271 -4.382984550268547 0.3341008730212476 1.6416744927303941 2.237665035466613 2.9464831163334533 3.6339605819238563 4.243351814513842 4.6500085938245235 4.995168525161237 5.224612830550976 4.6207579434924915 3.8294328895994547 2.8560086955821755 2.4939642020103303 1.1575223675721729 -4.93840077765998 -4.310413073387117 -3.8173532549411697 -2.5740102261655204 -3.3359013091999117 -2.499347436273023 -1.3551078419338445 0.3396898187187582 1.4214286273894767 1.120074641464493 0.7801706813889496 0.23418301075254944 -0.3334575668709847 -0.9339616966174963 -1.5852397319219205 -2.277830539413615 -3.0057315220150507 -3.533007036159092 -3.6789745276095105 0.5158958195722855 1.978318921050728 2.633391266360414 3.4076611930617324 4.154213825363738 4.799104738968047 5.191495062544685 5.356652244087049 5.073127995527325 4.251207664175736 3.125883237016128 2.03610426139516 1.3661841487752369 0.8150390881293768 -3.716042995743711 -4.388651647706483 -4.377681848634356 -4.009884728646454 -3.4078007271829494 -2.525320666678428 -1.4078640217717955 0.07839556694885874 1.313539214585546 1.7786824697681398 1.8373073349431766 1.5791852783710463 1.0830440239197718 0.42110589495636547 -0.34200169184701906 -1.1335510542461014 -1.9013858014455207 -2.4575320161117347 -2.893190725033423 0.6877300451795479 2.2800161769584935 2.981684461323288 3.804772365146372 4.591260320871875 5.27218999002789 5.694542417219058 5.81097696367021 5.566764135227171 4.907210795946161 3.7856355707021345 2.24081490910022 0.3915442297713868 -1.3684357531312048 -3.1006904562875843 -4.022885533596944 -4.183461783041269 -3.889753189773616 -3.263490028326664 -2.318509452634928 -1.1123767753337754 0.21027384537632104 1.3118581507514353 2.0761601080410625 2.407747037757222 2.352288527201803 1.9551170992491849 1.3195834857901927 0.5461339526384864 -0.27135006294252023 -1.0714947603104512 -1.6690837136759884 -2.3310444651905864 1.0831665723883044 2.731040931839116 3.4195872599039454 4.208665028527373 4.943015436782167 5.572451144705658 5.959541452902185 5.997029312444173 5.57139857092507 4.728120141420624 3.5122076421132755 2.046850072657393 0.45523368123967967 -1.0838168887095676 -2.391523501661794 -3.3100425609865693 -3.68189540479662 -3.5135035572234288 -2.811144659619537 -1.7546683062671966 -0.5240109503361466 0.7550828199415532 1.9564315448272365 2.9379190973408837 3.5573959333097425 3.795157850074673 3.6312095384503165 3.1734894976527164 2.5258808021371117 1.7972872424273487 1.0401284094850696 0.4243443487099992 -0.666845006005698)
(UseCyclicTransform "false")
(UseDirectionCosines "true")
