(BSplineTransformSplineOrder 3)
(CompressResultImage "false")
(DefaultPixelValue 0)
(Direction 1 0 0 1)
(FinalBSplineInterpolationOrder 3)
(FixedImageDimension 2)
(FixedInternalImagePixelType "float")
(GridDirection 1 0 0 1)
(GridIndex 0 0)
(GridOrigin -115.34579679506643 -102.14995744114611)
(GridSize 37 24)
(GridSpacing 80.06700577577803 80.17466340671717)
(HowToCombineTransforms "Compose")
(Index 0 0)
(InitialTransformParameterFileName "")
(MovingImageDimension 2)
(MovingInternalImagePixelType "float")
(NumberOfParameters 1776)
(Origin 0 0)
(ResampleInterpolator "FinalBSplineInterpolator")
(Resampler "DefaultResampler")
(ResultImageFormat "tif")
(ResultImagePixelType "unsigned short")
(Size 2656 1646)
(Spacing 1 1)
(Transform "RecursiveBSplineTransform")
(TransformParameters 2.596907358045718 3.3583619076329483 3.512855520075674 3.5963187347915473 3.564864064161276 3.4337038974784506 3.1764210867752487 2.8666202433431605 2.574917259335187 2.3159283279550484 2.10407125452785 1.9960864143014716 2.048705188893809 2.2801825726160176 2.708540038230564 3.241653725013443 3.7868274023791066 4.256247702855763 4.5622462990006385 4.722046913967593 4.752849229182289 4.698893921902102 4.604437601808037 4.449040585627562 4.212296524530057 3.901095396513321 3.52235070955953 3.10517605901342 2.6786900076791578 2.2603094811835565 1.8673703608061971 1.5098923626792282 1.1966777422810313 0.9417250933984576 0.7419640671573543 0.5985684465439797 0.2751579892581431 2.6721050394400883 3.680447103484354 3.946495225902046 4.073903412476763 3.905769483285899 3.4844326301068 2.7980316973653427 2.007515867919872 1.266045357004939 0.7430473149382464 0.6102481463105466 0.7758144622495762 1.147750256551384 1.632923368768683 2.2949642982797807 3.3565272059632023 4.492360644419748 5.580762251523485 6.450195392598406 6.881870063375557 6.692396561522698 6.355088144878515 6.3268655243410645 6.383085108501037 6.299377770480649 6.051501357902745 5.615303076117996 5.0583418316125055 4.448065937816198 3.8199050423068797 3.2090824929997996 2.637171107830743 2.1234544627381213 1.6971151993900904 1.3561404894900575 1.1055952718739352 0.5170666140712074 2.4467742889991535 3.5011936441790446 3.7894567100505205 3.914631935128838 3.6865896437622876 3.170976769035027 2.3590347511508485 1.3252263253279364 0.33842339097047386 -0.2853954451594991 -0.32559767820023267 0.0955827368218916 0.5107426342322904 0.4210637416269666 1.4658198109982767 2.685827815714568 4.032724272262553 5.689730481137732 7.577059830768619 8.015449178561324 7.192054065881258 6.636548416872308 6.658091464248863 6.87167816385204 6.913585886921317 6.7416394290966295 6.3147805357603755 5.722786644887002 5.055664945648146 4.357765524186099 3.673214442685705 3.027852657225043 2.44502503510087 1.9596504722789119 1.5705692477314785 1.2835917975894784 0.6030633126686515 2.1569663821884526 3.211867035224112 3.440747584648551 3.468956003998782 3.1215571443340036 2.455530654641874 1.584340219031976 -0.1876623873178371 -1.9337793436668214 -1.7034776847686064 -1.1218400838564127 -0.39513576745301954 -0.14702873897581445 0.20145218321484612 4.994588415482123 2.8174473661015 3.59052950472418 5.411712732233055 7.654832955058253 8.366167989680859 7.296292552481724 7.02787960346359 7.341304629043622 7.842610796014836 8.065224095663226 7.9699556348101295 7.519015932505139 6.83733247786023 6.051537950770649 5.220956765859879 4.40476775147709 3.6343270211164125 2.93778240103805 2.3576568966006004 1.8932706302361664 1.5506037705747715 0.7318965319844598 1.8029771184993357 2.771615425002018 2.870118784533107 2.825345069661454 2.7512600980906567 1.4943212225224944 0.7205069969518153 0.1445281200127358 -3.265188787477541 -2.739410555078957 -1.536015267508164 -0.8941596125052356 0.4836027020696765 1.688697315734927 5.821692399034435 4.906730728481849 4.260027352858807 4.508584171710014 5.376567429007251 5.735040190044085 6.283436756689845 7.272973038787711 8.173450540151887 9.04493343520131 9.466215131572907 9.43880613438283 8.925998192392397 8.106577803384253 7.159199133830001 6.160500621258468 5.1861817768535685 4.271605178346195 3.4481530698298206 2.7651053222299993 2.2212854204717862 1.8214043928522186 0.8628895218939983 1.365465460426232 2.2188971890332825 2.218813295378411 1.7487468116246356 1.7924787651649665 1.8745848825884524 1.1626657978616048 0.13345566819573543 -2.725053462070191 -5.344155698685544 -3.765044844453392 -2.2629439486886227 -0.11012054249639389 1.9210020496072424 5.418853147780615 6.868232530623967 5.193127090181414 4.849173209856531 5.907784176145206 6.43001029976654 7.189712411291515 8.12515182350959 9.349161922983495 10.453241123599561 11.06816721223129 11.116291992240752 10.505342706481793 9.496510425390857 8.345901553770682 7.147311846699155 5.993754892323938 4.9215681531266275 3.9624599936190084 3.17173646134334 2.546846262802353 2.0898577155646185 0.9932222752046415 0.819911838964396 1.5299310094985292 1.5071132695773666 0.6954878100385092 -1.8115194187379986 -0.37249758949870726 1.7863782975995242 2.374496379266789 -3.075315940029072 -6.69520940866543 -3.3888715901604534 -3.4272680818499497 -1.056809615355625 1.684117917631638 5.314900496015478 5.559555839098869 4.642340783080905 5.797710455295861 6.576439005603261 7.794601765061076 9.088806214640305 9.185304141811446 10.684607230225417 11.977984540795374 12.783970492698863 12.900346150891062 12.140881817091289 10.879731619759754 9.495044638931308 8.08418346505483 6.749161015789737 5.522935481280466 4.4339838679605235 3.541948140924933 2.842459126023315 2.33372974808051 1.112402220518816 0.11501091956815182 0.6326874152003362 0.7254612222467118 1.0035989894249275 0.07750529448241765 0.09964094748301233 1.5056687513639553 2.381908581090782 -1.4822886332502245 -3.5617989762320046 0.8416618156578628 -3.304287227823626 -0.7415836133162881 1.3082584971884186 3.598451481871924 6.403566593291904 6.469285900875999 6.256622455876536 7.277086838670536 8.376943194625255 8.28281627890162 8.16780108071456 11.82511436101436 13.592877919489018 14.658546129593388 14.990604072724109 13.817313989592583 12.138750695708753 10.496039316050846 8.885868982018017 7.389998553876203 6.032940725573619 4.834858402951655 3.858109431988869 3.0963852964303156 2.54437348147043 1.2165324178757588 -0.7274973466534765 -0.4848481068549931 -0.18913204009111548 0.836118712135155 1.3746846775569161 0.845482735956458 -0.12225459233127406 -1.7418755446224736 -1.685086946393099 0.20734471045128755 0.7570076634484562 -3.4539551524793057 -0.2565137740618915 2.1479913472449903 3.861273831175544 7.570638747507576 8.767625570861153 7.854752541188595 8.18777687315702 8.77503153588331 8.656698916024443 8.611455906580264 12.853323785036345 15.155257558833545 16.666028407127122 17.912532596560627 15.520919148475862 13.147706346765423 11.256311275943165 9.484221281242279 7.866817458632627 6.416325050036831 5.140298768568077 4.1032367234192515 3.2964994414302207 2.712360915729886 1.3011956954316972 -1.632319316563772 -1.8830896681918288 -1.6486878136730339 -0.8386834433847657 -0.9161120058501334 -2.388462030887355 -3.2415500274504527 -3.3501743195493177 0.3258953680978365 0.5248841929158526 -2.9640404142935024 -4.836395353604561 -2.2507025783210795 2.0031976019649074 4.484244816853333 10.479892821944613 9.693267376835301 8.49925388989938 8.775488401137698 8.681867156976631 9.569076493814373 11.244465496987305 13.235167904235137 16.018944792630805 17.61944711977841 18.095985634227972 16.195477885197896 13.757510605010419 11.693857753719232 9.826899696876756 8.144732292604187 6.6480319204762 5.332684119275391 4.26480433140287 3.433547476796712 2.830376105776272 1.3628545739281848 -2.475908041716013 -3.3365397691035747 -3.391136695979228 -2.3470070244785024 -1.929675898600145 -3.453315956928929 -3.8241126131972747 -1.5211880689503314 -1.2633769644651758 -2.6151292840625073 -5.049783103867806 -5.639062820864221 -2.7996696601796205 1.4802582122873986 4.837088418772215 8.87220425805156 9.010962271881539 8.990073863561449 8.647091610255407 7.3755921284686465 8.269989866256784 10.635278649847919 12.400919094897557 16.06213112684719 18.14629615195458 17.3334780439055 16.30092479834915 13.889568057986834 11.7610484519493 9.881576015226813 8.201540697508822 6.712871303630339 5.402694675896423 4.337248676571397 3.503923566861851 2.8956214161675558 1.4000608276252577 -3.036488125816446 -4.236207400967218 -4.6627885364708925 -5.203468612209519 -3.572695336503875 -3.599903014700874 -4.382651328311631 -2.1107107406418724 -1.8224806317720592 -3.9134396733555805 -6.16035473711284 -5.233804620430692 -2.3551385535434357 1.3406703605231198 3.8770439588508228 5.863029415081348 7.189217880433708 8.249948686465137 8.154662040094678 5.906242059897897 5.312038631085084 8.357342395936396 11.050323909858939 13.511423828517934 17.564729116294664 17.458070443947943 15.92647086646302 13.52167018272135 11.438340560484223 9.631832255987405 8.027163778898927 6.60738111561652 5.351121719976426 4.323627956808945 3.511058901721517 2.9110293628699835 1.4140135924808408 -3.224905556403671 -4.272441451454215 -4.54290973330719 -5.978097838480952 -4.038775993748529 -3.0132393117207217 -4.053170913735482 -0.9681722782854091 1.2362645042931097 -0.8484683658097255 -4.355544013920935 -4.901594873270883 -2.914255713175854 1.9253383447112251 2.782774549261555 3.894580540250655 4.048240932500668 3.9135935780609885 4.657167985510808 3.628352407615712 2.9258544001558215 8.102466266172696 9.458829881920575 11.701716730036129 17.22840326764016 17.46657390071045 14.920496971913513 12.65026119108672 10.730682239277714 9.08385870570224 7.627272096274946 6.33607410397191 5.181229298675981 4.226014664406753 3.4562541298481166 2.877429054310616 1.4048107250938537 -3.0396923946472034 -3.6258819966795537 -4.664820340155215 -5.569723743392689 -1.0964201516568854 1.2541244295398057 -2.706106432849906 -4.132887419513499 0.23195567737181427 -0.0009298760972863187 -3.8525637547793328 -4.697953384706349 -0.8610273978337233 3.9232618785234425 3.95304016996604 2.0986805021804917 1.455108420040348 -1.0402967642408902 -0.510840187121387 1.4697129054476712 3.9533881795851493 8.080398574982816 8.167099003066957 11.483566655888033 14.717819549490654 14.258576357147321 13.114843116250393 11.270982019277998 9.65586916536194 8.261112746301766 7.021781195312388 5.911652338815281 4.899876258126719 4.047304361481514 3.3403874285910535 2.794989488776499 1.3722499134566597 -2.5576478281056367 -2.4585676763334328 -2.5915260886882785 -2.565556284786156 -1.6894926426077828 3.1715811446444424 -0.4189763824506153 -2.8461860026916943 2.124095134288386 0.7370099047000964 -2.157597386333614 -2.8702751402795657 0.8439393980572808 3.935286963074181 2.9922905682399388 0.7830800926828179 0.284056287058885 -1.3431458301851291 -1.514775797401065 1.565327712164804 6.520393948677367 7.487252347838759 6.154588338805116 10.15011885833454 11.598568421496383 11.342969903092548 10.840833535455006 9.508642544397336 8.300511734779777 7.226209086522393 6.253204684689388 5.360141173569203 4.520463886447237 3.792650355055274 3.1644658451052705 2.663325082144465 1.3157327732255455 -1.9786931037336102 -1.3280918645386905 -0.7843580957202217 0.14426320580833946 -1.3060768775739264 -0.8159689825182742 -0.8375417622300637 -0.04923515430946964 2.0618970255272937 0.6531695911062881 0.8010254834967039 1.5237967316411323 0.5799692507404587 1.7708409536818528 0.5930426238771539 -1.3316141079317685 -3.592459837345646 -3.999346289238623 -1.1611335724682486 3.085699606981085 4.9439490464961375 3.7802677081514116 7.277232308878906 9.985773722479728 9.517552736724962 9.106219516794036 8.555742094987753 7.656086661993488 6.842380567786985 6.095804777352084 5.395756346615076 4.725794831434016 4.064583188052182 3.468360939761063 2.9278161970122647 2.4797061854473172 1.2333360364784887 -1.4060257661498863 -0.30617942490501127 0.831199245570972 1.8954277100573103 0.5414930753325368 -1.8648305232971976 0.14324458202796295 2.101045549661711 2.839280156527802 0.3867284747898725 0.929231237100619 4.86093744517213 1.9431097948007559 3.276920992329414 1.451321275552651 -2.4305789267197535 -4.180689787428689 -3.303563569654244 0.32977409365855 3.2805395501678936 3.1725835282609203 2.353056432057044 4.973993516665212 7.178394004373484 6.860387891903619 6.7157635818959545 6.372025731772403 5.844993470669286 5.3786680887154 4.940878636713176 4.498757671744157 4.04058574848597 3.5510218731182284 3.0845147282349767 2.6358279883749227 2.247437116699009 1.1263373733349002 -0.8885269125187581 0.29328872423719937 1.4495398170172935 2.435961278455373 1.0501764715100765 -3.2536711851694307 0.6097953131356553 2.4656072246670235 1.732476245024043 2.290298908059759 1.919843459506258 2.1215315570130513 1.6271413873806038 1.7559103908910076 -1.1350410426061193 -4.203182481950223 -2.9719736845250795 -1.4670049482925243 0.6337550144573854 0.013569944505492237 1.31950669757053 4.061636281281133 0.5316102905709704 1.2905684787112892 2.6484186090144703 4.219319437548296 4.225683907724988 4.0750394264292655 3.9477525932066833 3.802842844246833 3.597187002525362 3.330249074357052 2.9985678266435745 2.6545633525651517 2.2983166112800646 1.9743614485395833 0.9984490234331556 -0.4523360527870314 0.47890819309885463 1.1068937334811206 1.724499961240494 -0.24877180545747699 -3.773907443279966 1.4017436895327553 1.4915259025845922 -1.0405098536709583 1.27058112479623 1.1858262515857663 0.37068675935096074 0.4771757950591455 0.0007820391310002279 -1.7249285447945277 -2.607374140090877 -0.9793805024006363 0.0313286661436044 -0.6843368590321964 -1.2991184252501544 1.9947440350657646 1.1838244585150532 -1.6201154578352057 -1.850707020040283 -0.26792662721090055 1.6280604788473014 2.188247965090664 2.4021286891306053 2.5923027172125823 2.712681313451207 2.715211978407509 2.614994937834956 2.424554503217019 2.193640752797663 1.928107048702502 1.671170251851725 0.8548255657030401 -0.07888805440648312 0.5636960719189827 0.6608631846028694 1.028501097352832 -1.2593497142149583 -1.8785006549195165 1.708433812005141 -0.027235157769463825 -2.098312933796136 -4.494159292242376 -2.6462646137110197 -0.7968806921533111 -0.5432586796342962 -0.6025837785986933 -1.5034543877386346 -2.2517257187890163 -1.0661278005734371 0.04711929828629939 -0.8975615100010196 -0.39243450017265563 -1.0788939402913051 -3.0132677562004018 -2.07283500776963 0.9116477807891733 -1.1911153103482381 -0.8720274221047205 0.4774450374173718 0.9140610911840447 1.3371024268937 1.674163993701733 1.8530611246439244 1.8998668361834288 1.8383729687986776 1.7140900385158173 1.5376684014192006 1.3489795829154734 0.7009621621453439 0.23866558824324557 0.6686636182228546 0.3730212055408987 0.16842540182800025 -0.8843851901397679 -0.24783086823592154 0.5487263082543594 -2.103861654870874 -1.6123131530788448 -2.4522152115516787 -2.1309410832332225 -1.4170367712004088 -1.1912039265893675 -1.2408148246125918 -1.6366917007882613 -2.0363175222381265 -1.9619888225213713 -1.8249226965070255 -2.336001322514767 -4.427649709394266 -6.047403864919635 -4.81070611957873 -2.073096742075288 -0.03793984642904087 -1.523635583903183 -1.7540960492563855 -0.8679835975786825 -0.3408327267348319 0.22550090265833755 0.7232186678481805 1.0441742994917935 1.2178842054933956 1.271953490336815 1.2460699576600105 1.153685022549486 1.0306169085033974 0.5481807600460155 0.5305673124658065 0.9409853966596996 0.7697285386919942 0.4638815368674581 0.513170592261406 0.5392253669614776 0.6119777735307049 -0.9523043429758103 -1.4516876629320015 -1.8393354028453748 -1.8785217748788927 -1.6607678562309316 -1.5978647958928136 -1.7054632107290308 -2.0007670253239036 -2.3972551667151176 -2.801121397681905 -3.4419622569825457 -4.64596544097556 -6.020229904951489 -6.727177955861375 -6.821849383164546 -5.341368352027832 -3.4419652515449264 -2.602217135943952 -2.500203610693101 -2.055936703786097 -1.4179506558057156 -0.7441210008716473 -0.13910437197771514 0.29202152522270636 0.5744880327940939 0.7321369393828795 0.7969147423761895 0.783018389440456 0.7220742394357509 0.39951980973439266 0.7521526741708822 1.221540814651349 1.1675272707692 1.0468181281453035 0.9984725014980114 0.8583833913057606 0.45657737024963163 -0.16705588621451237 -0.8357105144331181 -1.3687224273408691 -1.567919015137676 -1.6442610312358068 -1.8119769657371791 -2.0896003620759926 -2.4953958714703073 -3.0223741822515913 -3.6671040267196955 -4.539264327589419 -5.740832225804856 -6.85207185469645 -7.449892805234144 -7.434081646366405 -6.309038459754797 -4.786166315666325 -4.072204692639734 -3.625573896764207 -2.9452768772634754 -2.1625080235804175 -1.4038461359959602 -0.7383818703100276 -0.2352467166110794 0.12349401505009844 0.35482231816656773 0.4843513062249074 0.5259425340537479 0.5085048857202176 0.29706411290193424 0.9985948199359836 1.5579786189907987 1.6415568050403582 1.65955619392317 1.5929060171065357 1.402704520299469 1.0192212264930085 0.547295803296987 0.08953800069302491 -0.36228145828712577 -0.8166631613156842 -1.2953007799730696 -1.8198742192061428 -2.3999352129944036 -3.0450305693560185 -3.77996215839332 -4.62958498835851 -5.560028723083285 -6.5373129823145755 -7.343381140054491 -7.7587364621601465 -7.738209188014895 -7.232243099042533 -6.449167017990132 -5.610349526240567 -4.7493052173893515 -3.8995865103331337 -3.0897447908691738 -2.348252384301899 -1.6953371312340568 -1.151212190342162 -0.716143046388452 -0.39033104241483124 -0.16476100266672272 -0.0294754378120009 0.03488701556298098 0.0607955195967673 1.3270614131820624 2.413709700506644 2.7833078716966146 3.1746668799540982 3.515860394384491 3.7979997836618566 3.9539919981985716 3.9891292999452777 3.904527197408273 3.6966774875444464 3.3617683544304664 2.963708761122924 2.566369114661711 2.1768509951521957 1.8022754062875241 1.4139462059421037 0.9847472738645279 0.6047111932495712 0.36335727888541547 0.2240336569461421 0.15009503027891777 0.13595397255293706 0.17602893913822923 0.2416841502208228 0.30426100783045695 0.3557922291244662 0.3883127078549395 0.40681965199886855 0.416304230106714 0.4175249269042844 0.41120593663346516 0.3951363913686994 0.3666274590522284 0.33206518470170804 0.29119254236528075 0.25146479196238664 0.12784432702760287 1.3776290861900673 2.7675508224093464 3.281441994023516 3.8449576825380936 4.350768189123431 4.8019992886817935 5.125169895972484 5.1896921789551875 4.858116839037755 4.280306116318879 3.585121693636986 2.9348872721809713 2.4905506528479076 2.1897167181955397 2.443204842470743 1.4830534825058026 0.5310469083856093 0.0059300104192622945 -0.2102401570979272 -0.19196555533589368 -0.044625929628612754 0.1643522007273432 0.37320392600584995 0.5620013300787828 0.7104761533708809 0.811073899950958 0.856215534681467 0.8642763899131743 0.8536140563943747 0.8295764752126452 0.7974352772616183 0.7523566578600389 0.6886067494210601 0.6176364174013946 0.5386189094994595 0.46403631024890596 0.23549258131594172 1.266158525541923 2.676092413218069 3.218140680039817 3.824251863750138 4.379246155480302 4.911551762501781 5.35711609148373 5.437411881511331 4.78865211741752 3.9553324509984167 3.098229995223777 2.3979049821628884 2.3251037297093498 2.3094486755214882 3.097217061699628 1.5420482290567288 0.17395757045611632 -0.3800585861549361 -1.0025959154642998 -0.8571993774773353 -0.1347279216209172 0.26364591180427877 0.5652139837239024 0.8015927104427992 0.9777516751268905 1.08551865598509 1.1173008721881696 1.1007678253787503 1.063305752395042 1.0134003219963674 0.9594328863821682 0.8948095218937747 0.8119795330101287 0.7238629068426126 0.6290550875065404 0.5411424582328171 0.27438112376176405 1.108636954981312 2.522116358721634 3.0872777390600326 3.722082754324753 4.3031892821489395 4.753268935255523 5.055481047362271 6.2636435860150375 5.817986156151492 4.025064501846381 2.3601766964146886 1.429822144654976 2.688190883223352 3.6130336206649805 -0.6250495274588156 0.36066130989388456 0.23828699609529505 -0.745644439461932 -1.9571881841860113 -2.3252368222202695 -0.13817069097544057 0.5844897951901695 0.998818678984491 1.2918227365105721 1.500624939584914 1.6098736135585925 1.6037944146700673 1.5308230775070046 1.4346130754667024 1.3295715177997427 1.2301996944116647 1.1268401522020783 1.0086037633058724 0.8902726124047154 0.7692279726217669 0.6601128649130467 0.33425807245812483 0.9090487282178833 2.2579532885660165 2.818825658564928 3.4425833312520466 4.467605174134033 4.722375936132225 3.1436177876984748 5.9996536004556695 4.801474106940484 3.1483082165635152 1.5026608290173653 -0.07444250605438643 0.24629996213523728 0.4686572809731122 -0.5379238985166975 -0.1673534310458065 -0.5570775542351439 -1.505192061230051 -1.9962779894338702 -2.193714244874172 0.4447299740471211 1.115194578076674 1.6307940068764355 2.0025004143315863 2.232050943032875 2.3199414308668413 2.2521239306288474 2.0912694874021382 1.9058503523191304 1.7187841715206384 1.5527363899738387 1.3943748588920897 1.228747000574105 1.0720946643051492 0.9200069576252995 0.7872000620108562 0.39798838437774386 0.6757897437936096 1.8995979359833906 2.4101403598931324 3.3994479719510893 6.159791811047285 4.117533424231852 1.6827014785649173 2.7822766059105377 2.910520681839592 0.4558082561691851 0.5174171572694912 1.0749124435815334 0.6143771749849629 -0.40561313478822947 -2.2041754360793298 -1.6186570117407044 -1.3481871791071904 -1.6777412649940289 -2.6772859893122773 -2.457405351937416 1.1100574163647663 2.083951361625604 2.5150969784663717 2.856038054425591 3.1074784808065714 3.1712697034866726 3.0271969991561574 2.759194660946698 2.462770441978515 2.1720362391716828 1.9214502179654929 1.6938106909249084 1.4700185905942673 1.2676743983836036 1.0801966689076286 0.9214601458492477 0.46507317480683397 0.43020726067588566 1.4739298261743794 1.9309024218819644 3.32201237904181 6.218598361157882 1.1943167376001573 1.4074981832912432 3.289379764307775 1.9562906813033514 0.0317115297408937 1.8979168414425847 2.1523268659856356 1.200630032796846 0.15191211629966048 -0.9518382241469643 -0.4722633818083954 -0.06195290594034314 -1.6844975150128447 -3.0165363992760375 -1.85340636436646 1.352157741259331 3.0528428082377457 3.3981037356779953 3.7613915178901345 4.049983940291955 4.108488839239626 3.8819121370263274 3.4780913848617536 3.0571906453406577 2.6530520986260657 2.3093055586990117 2.005051973393792 1.7174922156997754 1.4656593321723967 1.2409187577376715 1.055560670329416 0.5318032275353194 0.21429537833884615 1.0443555793566184 1.3917038370307688 1.9024632240547634 2.9163754350421907 0.6258367456537924 0.3528630285890114 2.6354381769487842 1.7859945811890776 -0.5785070461132245 1.6430222731831339 0.27831327985444126 0.7709738500705117 1.0564659012722095 0.4644626881015822 -1.8004735693070342 -0.50111196294088 -1.0111491263227914 -2.7626568764888266 -1.6051885066529712 2.761191806243509 3.5589415111206275 3.847853721907226 4.59225607333091 4.991961515092682 5.115325269026701 4.790336353691777 4.1725063635441995 3.620638385235744 3.1140342783203483 2.6853321520335083 2.310074823000128 1.9618047717179958 1.6618106504170405 1.4004636199082638 1.1887466235779842 0.5978442977661249 0.052544722714527474 0.6493945570973549 0.7006836267533658 0.9043228008495972 0.8514377380679041 0.2274284819034751 -0.15855407135514402 -0.3322034680788136 -0.48835824794901667 0.039893620920467825 1.779925705635905 -0.6040910792310445 -1.6785336735822958 -1.4567817808353305 -1.3405414101270947 -2.908137832409262 -0.8361578913849207 -0.06217226520074755 -1.8917306609032691 -3.1624729976564474 1.1619346215706732 3.744482451424775 3.894790311126222 5.081702003959482 6.128612805988362 6.700370793717011 5.693503581770907 4.772952655816815 4.106470791375068 3.522917685779829 3.027821240481761 2.5943174318445164 2.1933045474001402 1.849812189377827 1.5544987028003967 1.3176903056392957 0.6615614973490097 -0.035840761884767924 0.42817819733800083 0.30771624076955373 0.5860284939585586 0.020733735748462094 0.7008749740515158 0.8815533337298478 -0.1211595086286168 1.5080785378455082 0.6093215078456679 -0.2672120548867937 0.5667779224464853 0.15111644814961986 -0.12004036454822506 0.2307203893807401 -2.3465846273599618 -2.1104041431014062 -1.1132134482976856 -1.4937975336557374 -2.0522311875259622 0.11628988051779682 2.537007012702268 3.8143731577263527 5.420644350731161 6.882107167481105 7.0951723820436285 6.0809334634665335 5.19111743429511 4.477451767025834 3.857298608031952 3.3220320132735672 2.8465844971934224 2.403581311346641 2.023283447627954 1.6980655139740075 1.4383404153006152 0.7209553479463293 -0.05672724060470352 0.4049902871839722 0.16443471739246696 -0.7193327159551126 0.7409784931512151 1.5928055427385521 2.566267324334441 4.248491000234356 2.6253737637303116 -0.3356253263566334 -1.3225635516817487 -1.2839172728167505 0.5583976286377561 1.6690496588091959 1.5103809056362554 -1.8901663413268839 -3.7115320691432636 -3.057805043941534 -3.020530250718099 -1.5200617921748878 0.6826975700540086 2.358671174569932 3.7212902145665097 5.545246189169407 6.290483499492784 6.17969194355252 6.1524921752761985 5.414487235646963 4.723495034937379 4.107338087569325 3.558506347510368 3.058336963068917 2.5857065567166515 2.176727496884554 1.826662136924081 1.546927183734012 0.7742000325761226 -0.046081331829432755 0.5397389544285905 1.068626877954334 0.33991767323595307 -0.7468460807700291 -1.4301766018717588 0.17972175207432345 0.9994759814794254 0.26012140531877487 -0.3853887557614397 -1.1340604200248474 -1.915239018563187 -1.215212152575 -1.0689133076905084 -2.7639209141184775 -3.5434171783046016 -4.026887099661288 -4.036140267367154 -3.7449476611424806 -1.3819694027605676 1.696899782467482 1.6515117126105565 2.485691848230052 3.636545160566572 5.130236764211512 6.294968149527743 6.218920215011338 5.507994931484693 4.8667849754621075 4.278099747586432 3.7344875789851506 3.2245895896644896 2.734349026601715 2.3054346910002614 1.9361598980039643 1.6398361109699642 0.8195816154725698 -0.03165612972538614 0.5308096536755885 1.6198098289140996 0.7937690158754953 -0.8267576674796041 1.6912462850845387 2.879413590446201 -1.856716176467667 -2.4243487818697957 -0.7412234232511733 -1.7782300170464318 -2.906681793094097 -4.050429755145431 -4.848804975283669 -4.563830265078333 -3.2241982156919495 -4.272697611892121 -4.6228298237802345 -3.2120705863322345 -0.20397869330188836 1.2901405823222816 -1.301998782140291 -0.26740974292019654 2.1721624657351417 5.500518613688891 7.055695226878735 6.18864202382663 5.4924038613615025 4.915535454902037 4.371941864555468 3.8485053625594743 3.3416507118802246 2.8449787776259825 2.4048847385218624 2.0224132674582176 1.7134155709409329 0.8553156685024926 -0.033817906428901236 0.5961676950991465 1.2064455095519253 0.40270515085284747 -1.783947496473208 1.5725838414233715 3.3090098562340753 -1.6415019110441331 -1.781827979391468 0.4750081351805722 -0.5812369580470971 -3.3653948207155584 -4.37473572622303 -5.3527384875401856 -5.667998051139945 -3.1868313481841 -5.831209908117305 -5.489436765377416 -2.8044918153272733 -2.3695233005604766 -1.8361447631099495 -1.0689321428979541 1.9680125436476152 4.457276082403573 6.129996539634631 6.753953161220272 5.911370445059008 5.3539023500072425 4.86626071340739 4.389936619908314 3.9011421503002612 3.407660270504957 2.914243540382572 2.4710334011338686 2.081458827824676 1.7641760669850568 0.879700690468788 -0.05317922886732772 0.8325239137955441 1.169287599640234 0.21300609338269866 -0.4099639518251883 -2.2816851643576017 -1.9124360953182413 -1.689951386690034 1.6720615202345337 1.6798101775599994 -0.7104881371375485 -2.803574060563735 -4.965877735367363 -6.0731702190802865 -7.488163214233408 -5.809828389662168 -4.6737266281055865 -3.688221610894327 -2.801504996241385 -2.683064626924099 -0.33120474245105047 1.0743781530166636 2.093722027432981 4.789625397732837 6.020584679115045 6.120936283578939 5.538137619368183 5.119329872102418 4.738341757593033 4.343507855639266 3.8976726127523493 3.423231185332874 2.939483909253118 2.4993504481718647 2.1083968284435515 1.787669866847426 0.8905342459418251 -0.0671346012636396 0.8080668929503277 0.4014285766011695 0.3749453925511761 1.2785596894712714 -1.2832662450909786 -3.3330259597448886 -0.808337098045007 1.7221623655844676 1.0615469454225455 -1.4975882291243254 -2.4052835517945934 -4.127922202240938 -6.874370588890273 -7.824587749976784 -5.373093857348695 -3.894442283825719 -3.8098173635085963 -3.0557908931685653 -0.3096652350470666 1.9398650211995778 0.4682713899454141 3.256830825188446 4.019404797549344 4.513440803129932 5.300014192659285 5.131692343408625 4.853753060348327 4.577327723760361 4.257155983503785 3.8497233972974687 3.3920680875677713 2.9182412451224717 2.4834522980900555 2.095840357081897 1.7770695583292075 0.8844093446285328 -0.06286319294001873 0.745679731805397 0.8690547666438709 2.077499989559107 2.4621393031389314 0.5906612528141376 0.4011702017808485 0.6810900480704405 0.9489432747194665 -0.002095493042686643 -1.2212497772992805 -2.8257494248387527 -4.781593215692016 -5.680340098636099 -4.434987457905469 -2.2530058859059077 -3.7688277155788503 -4.277082881978083 -2.4826988937969823 1.6870190136517398 2.3234799188760267 3.044031989563525 5.7016278102395255 4.379828185185578 4.429227295373614 4.798950377167151 4.751595685751525 4.591143737906609 4.402909470402235 4.142132461301475 3.763298988997334 3.3170155871401 2.850998143206924 2.4223763980723465 2.042321273413816 1.7309243130998753 0.8606243197164308 -0.028744304781132293 0.7271061616533894 0.9074905900249653 0.931431821211367 0.7668155594144139 1.7239683331670166 3.0212149883747434 1.3505866784012197 0.6465079437466873 -0.6159619285786969 -0.29506406081067243 -2.6707313754571205 -3.5390489951028745 -3.8566757012378305 -3.532908835037808 -2.1289948467257798 -3.417182603294226 -3.9373187764377855 -1.651667274643654 -0.23175505612242597 1.3461450507816466 0.12291435433332593 3.275144572714997 4.035277266981604 3.788990524770338 4.398672540823817 4.462119521825975 4.350385936038151 4.217493407821072 4.002288667756071 3.6425679348869022 3.2019630384808426 2.74143440148178 2.319615326539171 1.950931578886612 1.6519251732224745 0.820561691649039 0.02301345656555187 0.5897114268780485 0.6538428256011408 1.4166022240087344 1.1289832942055664 1.4991043119990333 1.177355498359316 -1.076706249819228 -1.3832486178005332 1.744940504954464 -1.6035677688063608 -3.4677586424243843 -3.3366504927445892 -4.114254383641175 -3.719675092265577 -2.7313691531833193 -2.8472964513992984 -2.676352769651256 -0.7892479438232973 -1.1140562137562475 0.6010141905201981 -0.8167585063847704 0.15414735734134202 1.2656887251499838 3.944350004864766 4.327837352531526 4.261941157858889 4.127601974144642 4.014653840404733 3.830824879761684 3.4831772786097983 3.046180035935421 2.592166566800539 2.179999691530524 1.826965945751071 1.544891738487612 0.7666555519570644 0.05001657661176836 0.4803621688301715 0.3355070782972983 0.4297750903162778 1.5583225926091144 3.387880040808396 1.248020668715746 -1.4169386238124442 -3.2704281312401142 -4.57610160496283 -4.644717328841593 -3.8546137503963163 -3.85415006300122 -3.813945831806061 -3.480315975520088 -2.917648073917094 -2.3971443393483867 -3.0911718806714794 -3.2335007614002222 -1.4660790080846107 -0.22076923466404183 -0.12051083904861462 0.2259458725188966 1.8463812287733148 4.069480109440786 4.039025995558447 4.071155139554191 3.8791347182394267 3.7604311063647016 3.594246886132312 3.2597146552664102 2.8357694001205163 2.3990901480530145 2.0061715127911572 1.6755689192194823 1.4150275064772906 0.7015903929805586 0.042295926252178456 0.43998301428422687 0.26426703381767563 -0.7416216309854007 0.7983291797862669 3.2439730111434697 0.2286300777166972 -1.778769210540167 -2.760817440370249 -3.8772602840575647 -3.9937548092335176 -3.766428758130431 -3.7022562443224136 -3.528230461687646 -3.176638971232286 -2.7826179421947153 -2.4209480825561744 -2.1274885441450193 -0.9741064955204003 -0.4476502157173541 -1.4319637745434692 1.004367705049903 3.439559472156413 4.041001649749069 3.2204261918336146 3.876174334810412 3.8522936159768073 3.607881688982334 3.4706932717170234 3.3087660984528227 2.989968786844956 2.589807144085816 2.1814079531934003 1.8167600000456279 1.51360415114688 1.2769108642887115 0.6326279796733654 0.007150908472421344 0.4024858746331964 0.3441940916079119 -0.03497708737197092 0.861028742419875 1.2794158195584502 -0.6950608522260119 -2.022229924872735 -2.328971757221829 -2.988772472598501 -3.427049180006253 -3.509366813147756 -3.439095511184977 -3.23568742938517 -2.9163949516334364 -2.5470293471366268 -2.1588165885301525 -1.6045093029296351 -0.6728904892515876 0.11881045162025289 0.2901123992307773 -0.14857303694641 2.0045102718152035 4.4578096365708655 4.309880686051147 3.8366536874743074 3.502798866276749 3.2919460923037343 3.1500867833509636 2.9786008303827627 2.678627165415249 2.3136363299230176 1.9448540221153974 1.617491300019771 1.3462131650542408 1.1349797034646094 0.561981956793353 -0.02987330424834122 0.3952723670288099 0.49673404339738936 0.592315349295531 0.7862903612247173 0.6746251146271596 -0.1661064673924205 -1.1562020879863806 -2.0437925471283336 -2.7374507918523663 -3.136821500102241 -3.291878412322348 -3.260922598683207 -3.069611153872608 -2.743618759897778 -2.338583527800633 -1.898198466613872 -1.3911668846762384 -0.7791363598528935 -0.10340428690651628 0.4007027772291926 0.6521777151543097 2.0821489103539164 3.4364976527193236 3.574185234444189 3.32513214587978 3.185124959994308 3.0751071017402736 2.944626367816033 2.7543425676810296 2.4648484841637357 2.126605073169478 1.7880199089435531 1.4884694930535682 1.2391993010228597 1.0445647573391985 0.5170324519219085 -0.133292410503923 0.12204373707319909 0.23116939991727004 0.27523433827033283 0.14738593732157543 -0.13625335403887814 -0.5730322726305985 -1.0553133172636158 -1.4764898931204686 -1.8284280546084157 -2.1029904248769187 -2.2728862736289766 -2.310829585495788 -2.221363819750487 -2.009044016884908 -1.7157219587096244 -1.3830894936188949 -1.030208176512401 -0.6759734922035049 -0.31420096020618715 0.05784085975009155 0.4831548254840987 1.0165859734795346 1.5257207363463132 1.887548139093505 2.1020003070449125 2.1675524716793055 2.120926551253741 1.9992997235195256 1.8246026333018637 1.6186567103352048 1.399188514238024 1.1825848898560016 0.9909877590337755 0.8277269683250238 0.6981243169094853 0.3454837842184139)
(UseCyclicTransform "false")
(UseDirectionCosines "true")
