(BSplineTransformSplineOrder 3)
(CompressResultImage "false")
(DefaultPixelValue 0)
(Direction 1 0 0 1)
(FinalBSplineInterpolationOrder 3)
(FixedImageDimension 2)
(FixedInternalImagePixelType "float")
(GridDirection 1 0 0 1)
(GridIndex 0 0)
(GridOrigin -110.53222893189799 -98.25970437300901)
(GridSize 32 26)
(GridSpacing 80.04834892220656 80.07530780316442)
(HowToCombineTransforms "Compose")
(Index 0 0)
(InitialTransformParameterFileName "")
(MovingImageDimension 2)
(MovingInternalImagePixelType "float")
(NumberOfParameters 1664)
(Origin 0 0)
(ResampleInterpolator "FinalBSplineInterpolator")
(Resampler "DefaultResampler")
(ResultImageFormat "tif")
(ResultImagePixelType "unsigned short")
(Size 2261 1812)
(Spacing 1 1)
(Transform "RecursiveBSplineTransform")
(TransformParameters -1.0566644621680255 -2.056376177954363 -2.356227528356033 -2.6588806828540563 -2.7621849164830756 -2.6717652112544177 -2.4265335689209624 -2.1946131973398533 -2.054378598376631 -2.048696045607746 -2.147855150381299 -2.21153292860971 -2.2096265028660915 -2.2091461319377976 -2.216504450116165 -2.202005887512013 -2.138595259375853 -1.9814409878945831 -1.7278046997865077 -1.4156282739763688 -1.0699338429026224 -0.7134574404201118 -0.3694131046343409 -0.06398084793561541 0.18759048361476696 0.3783331150233669 0.5082527246550023 0.5857532127335384 0.6216504182529478 0.623054523120948 0.6185361389200159 0.47550056586078016 -1.1664499809800561 -2.6368648654441977 -3.127948925055835 -3.5672277219012676 -3.659190864484228 -3.48497333759868 -3.1439350871991802 -2.9324840565564347 -2.974938227489619 -3.0837762564929205 -3.033959216091932 -3.2859235440983525 -3.452163768197718 -3.453656164553499 -3.33173752461315 -3.1262887617677015 -2.8496042753481645 -2.406839660584261 -1.8249423063866614 -1.2472057180419938 -0.7348619795641759 -0.2997912156392611 0.057831084094003234 0.36703100677490214 0.6382428671476285 0.8730227942138459 1.0654712040434682 1.1933881884342783 1.2585211338819986 1.2653978504982573 1.2619950448851307 0.985148244375013 -1.1038325858815512 -2.7377308624078958 -3.3174289569654483 -3.8175566106733236 -3.921917894367939 -3.7877539301806693 -3.5430841256769394 -3.4441400409048932 -4.110080634591535 -4.955182073110621 -3.818448930319236 -5.112225571480145 -4.9510846952207235 -4.200690464279679 -4.072468112299965 -3.7399838515622115 -3.2851634790254542 -2.6081017298602744 -1.7772620949700115 -1.0249789983369395 -0.43909973111584166 -0.004552598431655059 0.304469994024241 0.5603927745661859 0.7961645211910684 1.0227157400422584 1.2321554310117828 1.3822868309179905 1.4668319678745065 1.4873869903766401 1.494069850131257 1.1842461078397077 -0.99110222729533 -2.81147751354172 -3.4888282260687675 -4.019919641088072 -4.062210863798626 -3.8705200468489314 -3.469369958055267 -3.6894151639044885 -4.988603742683477 -4.866635514362296 -1.8694969377985855 -4.0775423182880255 -5.220183620060258 -4.057612065692061 -4.299143856426223 -4.140204925995881 -3.6784741558435132 -2.7835373936650707 -1.5889758731656305 -0.5943663528200156 0.0767342141221038 0.504315087769665 0.7479772892029026 0.9243553755604729 1.0918634998200378 1.274351271396663 1.4674724389022396 1.6177922516223835 1.7139429364978729 1.755540026566659 1.78711235716895 1.4629563816901465 -0.8019129672065121 -2.7143656581341693 -3.448503137939076 -3.9540258292523625 -3.871919902842232 -3.4871424428318454 -2.479140032886796 -3.141657521522554 -3.671180205123438 -1.1355724164659624 -2.727890534646007 -1.3574291622172159 -1.5282611834465538 -2.615343463602897 -3.4073255993729545 -3.8776517783609576 -3.6139923389673627 -2.6584169575050325 -1.282436969567088 0.00944584601648138 0.7561342842896206 1.174362647709865 1.3562090148739099 1.4391455849176058 1.4996370667476386 1.5757056860263312 1.6780563994017577 1.7735032432843019 1.856379345359851 1.9254567484368852 2.0027855815214117 1.727107007876247 -0.5242805222094833 -2.38516306726978 -3.1226530079460235 -3.594947067598529 -3.429748077839221 -2.858526627749666 -1.5852360181147758 -1.7958114147926134 -2.753582878555929 -2.2678270033430454 -1.7389535058247447 -1.1806746503997083 -3.5901657018724507 -1.565584265192812 -3.2271227645941285 -3.1034712795120307 -2.9529510975699904 -1.9371096479013228 -0.5581858825313145 0.7755644940299711 1.610736710636403 2.0588120325905517 2.2082133340040837 2.206611665864675 2.130331564694283 2.0092819977713177 1.8868381174578406 1.8217696185511794 1.840410803252478 1.9391157180085166 2.0907623625613354 1.9587862335833393 -0.1582444825061479 -1.7925443359224036 -2.4663006559421876 -2.886189529853938 -2.6876025831137267 -2.0459331075371385 -0.9898483870627741 -0.33305437799661913 -1.6740927477682508 -1.6308177569200486 -1.935940703054054 -3.639463430161324 -3.5339941656918765 -2.5990279059612407 -2.4474091723897167 -3.231476725313346 -2.2277507042592797 -1.0531955347740163 0.4148569288716418 1.7153486891661431 2.4343955036474303 2.921393909920814 3.14222183933725 3.1067277364270893 2.838331722359751 2.431722135771633 2.0121668743458896 1.7297027933059452 1.663650177203199 1.8069874437195086 2.0622146581972514 2.160746778809571 0.2768934430583514 -0.9701919344196875 -1.5119425519705094 -1.8062250868997038 -1.550244710362923 -1.0370875481680188 -1.2724754106145495 -0.3850094577773272 1.3340873305717913 -0.4102993050743326 0.25151179848369115 -0.2869550721316467 0.026775250533303676 -3.4460550446659073 -0.5456009566928168 -2.735792145027091 -1.712935206451787 -0.06938437336688869 1.3539089259411472 2.068217063071235 2.1031549564684417 3.1128119974697808 3.731135190859917 3.687767174391421 3.1964707554772347 2.4878453481902643 1.856780199849028 1.475271358606127 1.4112521328784435 1.6510408628264295 2.0322158271802007 2.3891352912340635 0.7658930813613437 0.06148741962619662 -0.277927492501416 -0.33561574795572785 0.04994492447126078 0.659920327237054 0.9580348733744993 0.7289455951763113 4.847384228827314 1.7408242048825013 0.5138221681250238 -0.7248055281605532 -0.7502941608868344 0.5531452916113903 -0.693547643486558 -1.0781768057177912 -0.41079944205562985 0.7150617327450522 1.2895625346800108 0.05347110775660784 -0.34566960524564017 2.57684289161261 3.8414322226268984 3.9927509000162518 3.7457536036662122 2.45554308620914 1.5096270133133165 1.148917262421416 1.1883322289103466 1.569121217362145 2.0864264965191617 2.6850637984343306 1.2984299837368374 1.2997106803909817 1.244759993346228 1.6081284560527966 2.2746617064886756 3.487624996599416 4.548200148630214 1.1623396667484553 5.371165982274258 0.33035469546112095 2.6513101431656447 2.225582653826249 -0.7581744546906045 0.5315144048651819 -1.2125298095878267 -2.5987400916718695 1.2698206895176127 1.311977607249124 1.1821512734191024 0.8625433988125053 0.22547165798940277 2.441285700433081 3.5283868817031903 3.1725698353291065 7.213931339615519 3.522241453655945 1.192531718331555 0.9173689958344218 1.10538983557417 1.6692925075985088 2.3285598982552904 3.096268395939718 1.8410718095693783 2.657945295585392 2.935857773087242 3.8075580640098843 4.787123492395434 6.728543028116313 4.309319339257201 1.592516294827587 2.5752495521675893 -1.056536371623073 0.9204935687397549 1.3761152028808636 0.15204252332598966 -1.5372405614665425 2.6744807969908377 1.3429835967991313 0.7019391020637813 0.5574074606483524 -0.5400417895099486 0.9966068044562689 -1.3648157738668394 2.5656077566793987 2.804347675594141 3.2202700984764245 2.741096081958033 1.4740272916549826 1.0403069806666172 0.7860479961299454 1.1600914006293006 1.9459948088949157 2.774359435024121 3.6438495154162505 2.336015620493856 3.9614464580603794 4.528295339225885 5.667863155491996 6.620354290950354 7.554866236795822 2.250751292376071 0.5491547269767016 0.9521640736723839 0.70246279198812 0.12565566233798747 0.9579768345015928 0.7816784808176447 1.1447044243989073 -0.5447060002982989 -0.08625323253944092 1.2141490867634954 1.1592635047311464 1.778316990337114 2.194754375021098 1.2940635174976185 3.2385769196372967 0.3841797806721957 3.518205031976911 4.470847364420914 1.937550449678468 0.9913579861480262 1.1091759969325055 1.5599632723236705 2.4513880481725243 3.382265734092126 4.322155667787097 2.7340413686018237 5.064881037850494 5.839233631117455 6.955886265985397 7.519464539050694 7.093207774661446 4.198479243988263 1.427045701439995 3.7330839435870966 5.106292908389119 3.442837995825157 3.9634407291871505 3.0846638600459073 0.14537898963540732 1.273607659460784 -0.21434238757105756 0.26967742820510054 -0.2215387809884692 -1.779949038477301 0.8047717413460896 1.1603279289598005 0.23335687332687027 0.9865963660269713 0.12875796560754976 4.964447343035349 2.7888884701921475 0.7780007530264463 1.8518959694812698 2.0803728628404494 2.9667847946736665 4.0762359183411405 5.135037771745392 2.9754093271770947 5.795676875906559 6.696277830101585 7.689397530364929 7.816757222368505 5.9291425008995 3.312601417107773 1.699048236006923 3.498203870159141 3.572801031889161 1.7903606536954961 2.029148865218901 2.1840262112000155 2.782460397597668 2.3543150938436836 -0.5219490905075631 0.377680746607721 -0.13896490591666466 0.6220369494509524 0.020548089376152507 0.4031299751924076 0.54228809860469 1.8854922388425281 1.7243809525944296 -0.07101368190329688 0.7924911218539588 3.6965576037251 2.5990555022721535 2.28242809027937 3.209493652293129 4.725750559754034 6.117997228862324 3.04828308074064 6.108456184165094 7.062926576670574 7.928880311640703 7.752450363992065 5.881448616858692 3.7602821599978786 0.7713105439853892 0.6182953747413308 4.195196375874261 4.147472863714382 1.0412972608018443 3.2558160142447616 4.978080459023152 -0.5569991134595205 -1.1301749425171996 0.27421771057515726 -0.6602825285119552 1.2466069465823368 -2.2532284612753855 -2.1742263524044265 -1.8274008912533748 -0.21887113943179992 0.3011935777352413 0.8062158424702072 3.2992579123107424 2.0989523791471676 1.7084047736915284 2.199982199948953 3.3054692445890597 5.345274533981122 7.19692944962369 2.9888949848736943 6.084317123754753 7.052728758675722 7.873484262798136 7.7155712345553535 5.960106785891701 3.730492785640451 3.3458518489390094 0.8085034062607646 5.104056095850212 3.491284184706198 2.4961740412142244 0.721020842156231 3.3849177719715473 -2.359039255774543 -3.168667419994064 -2.1116266700295445 -0.44125913581328474 -0.2198048818061945 -2.3449679850367193 -3.0571651613798347 -1.5049097941408316 1.5667612386358771 -0.7449648501382771 -0.14448805881683088 4.859089649521274 2.370926025841336 1.5142849343472682 2.4417036220396153 3.815084044860592 6.167195510277651 8.202122220150745 2.8221161998796025 5.777556282688877 6.723512653879494 7.564804882292154 7.670347467511546 7.038741997401542 6.254088498853338 5.536653641256206 1.8046093349241163 2.526869312081399 2.162018162828778 2.830797032978371 2.37707801496596 1.3425303523864252 0.9958361517840492 -0.29643883561625717 -2.4456861307391398 -1.253466907992952 -3.2945823874035134 -0.7349092193708163 -0.9401291382202608 -2.7583401200092816 -1.837088060264262 0.22985805863343325 0.01809234537929117 4.175422337181274 6.538361554362998 1.6333545583103402 2.404424796979463 4.915153604421008 7.027787251103661 8.93836806875967 2.5744510262995086 5.247604008004621 6.104999551815858 6.874742325245822 7.0658940579910485 6.9941286950564105 6.51537455270426 5.817641178393337 3.548852744783394 1.4807555209650702 0.6887274482198563 2.072422997545595 2.5037873541114615 1.2620710052435598 3.0813524540438855 1.4311384818578627 -0.8056834528949849 0.7635899514241165 -2.749788454400305 -2.2385864419643635 -0.33062545400186194 -0.9101098337675139 -2.169513232052314 -1.9304048212804843 -2.6445104123856242 1.7957060755129273 3.3085850029495223 -0.3318191182132104 5.07758451723915 6.0484140689081975 7.338085672809638 9.086665814443746 2.2711237744945456 4.55996110732693 5.270571232911085 5.8618224037543 5.899458187516866 5.645637482392611 5.0375488784582005 3.8532446296108773 2.3815226870559796 1.6916236125795963 -0.2004223756294047 0.1620307643422254 2.103043825077458 0.5173562326310659 0.16888675219722357 -1.089679004992499 -1.1210683752305832 -4.952855186899227 -4.211258541342588 -2.767813154720204 -3.764965617570646 -1.578495729712302 -1.4878739954712736 -3.334028190321314 -7.2756620614574 -6.7352229517104565 -2.764670429863408 -1.1236061647971451 2.0342854421037466 5.477849389794915 6.996849359837839 8.603295366779495 1.937262684909015 3.789121733417586 4.336395434213149 4.754233230668853 4.661769313355288 4.193947135190724 3.356926868265933 2.163406991094982 0.8750522367632741 0.24697803959292852 -0.658800639971376 -1.5125166082553232 -0.9283412682394797 -1.0886742186793121 -0.6565948482406587 -1.5336725441776549 -1.4481568613665616 -2.4280956136644667 -0.8206843976733479 -4.400994788914611 -3.304571935087253 -2.0940363850809947 -2.041576485138784 0.6838964591438446 -4.128320479101563 -4.811048995845842 -4.641346708286073 -4.159423628274886 0.09670211643053427 4.09121595782808 5.874955159838127 7.696449491991206 1.5957000542528297 3.00551025346354 3.3967040174457055 3.6812794907055366 3.5484517880948503 3.037548854487553 2.1636606728562504 1.0305618867879667 -0.2530047916169088 -1.3752909422462387 -1.333186168614512 -2.127947436604037 -3.0462867556228077 -2.1171610997957053 -1.2969301468365872 -3.5772879912825872 -3.8527316707797565 -3.783926248172446 -5.100106936203645 -5.316063318107299 -2.0942295553389454 -3.8157851289276876 -2.9131666501115006 -2.6426395123501316 -1.4642628058253526 1.4043931478383023 -0.35180061212747404 -3.9905637946021835 -0.5838760480354208 2.0964427162959383 4.2845367436247095 6.538192828995491 1.2667104000866722 2.2850800317128654 2.544171633788175 2.721543949811989 2.5771325535030045 2.094589403620759 1.2720946472178607 0.1975732496150845 -1.0463911475187648 -2.375027988276594 -3.197042491907875 -3.8850305334230346 -4.159930274576012 -3.4077177289290685 -2.6008063528886796 -3.950584941058368 -5.04356444362225 -3.3322801992564104 -2.930240603183551 -6.369553458992072 -2.3414394464729336 -4.772503450513125 -5.257650218240688 -2.8447686213257612 -3.7141563395135804 -2.2802469251548705 -0.9124242597860006 -0.978584488433236 -0.28116484032688577 1.203841289686592 3.1356762773831424 5.3512884460675005 0.9704047645179193 1.6749093211885966 1.8336324537488702 1.9278329407937866 1.7813874375526053 1.3633743776840543 0.6416581424716484 -0.38085117662366147 -1.6504320158732562 -3.092042341200293 -4.424629159007019 -5.109500046239615 -4.895242271423726 -4.218047987365203 -3.980098095283335 -4.396350081501053 -5.615483799373982 -5.240591052753221 -3.225546767325198 -7.2822491503998625 -5.541490999339276 -5.293901425220055 -5.7262919736400635 -5.5049824264279446 -6.954612327396152 -5.061112242939034 -2.493109673742831 -1.0423322535292632 -0.1268174811235614 1.1450420848618794 2.6148254807276925 4.276894352080475 0.7033945669569444 1.1540662497237666 1.2358674714335032 1.2638761767506752 1.1165209863121004 0.7613736379759021 0.14883682247023763 -0.7799017942021387 -1.9957573267463167 -3.4199788932008666 -4.820427751629414 -5.685913435225522 -5.914733199118995 -5.574267441543716 -5.513126563401575 -5.702855974039853 -6.524408634340683 -6.917197064403498 -6.285656812716157 -8.3934016086279 -8.994889988693082 -7.7874069958363545 -7.146877490011357 -7.49979512473867 -7.020676021932636 -5.317513778208045 -2.964557695260315 -1.114581649822122 0.07952884900969963 1.2418471261143438 2.2703646032977294 3.2967623376643354 0.5256396844855441 0.817656791985715 0.8527740524266665 0.8383614573794843 0.6873185255820746 0.36729338917352217 -0.17347246436261263 -1.0094247800865943 -2.129223535041851 -3.469924194333041 -4.857910030673329 -5.924081281301265 -6.566456683277472 -6.876523731786948 -7.018360730880327 -7.284646488019474 -7.71613444378722 -8.175367543572179 -8.60089489282362 -9.006527760529966 -9.281043014425432 -9.057307351656087 -8.569303507511256 -8.019864463875988 -6.937710593470007 -5.173777313674067 -2.947859388914114 -1.0501548711936841 0.2936323924193953 1.355578184629789 2.09311988269545 2.650891068124162 0.16034711601721988 0.18421065602981418 0.15063078410318273 0.07170459977548395 -0.07819219887679046 -0.3212394137287332 -0.6916021107937552 -1.2478972845792506 -1.9968523519867905 -2.9108042050822482 -3.919779510112024 -4.885992744592919 -5.732558849901625 -6.4077258503002446 -6.927292159129374 -7.406511561000819 -7.864424251652861 -8.244266309230936 -8.512746965491539 -8.646937909109925 -8.59690528222562 -8.272795903968754 -7.6378867256610405 -6.689553519944853 -5.4577260211143415 -3.991372923243834 -2.4282355116543304 -1.0322362184488543 0.05351519912432748 0.7521977135224595 1.0703001702315105 1.197586378593886 1.1211818413840902 2.41746405419079 3.091725094257668 4.131747745070768 5.285743367442987 6.479087584438886 7.51534723485203 8.094540508069116 8.102111012720366 7.583121635791296 6.578725477630023 5.156149115682266 3.4288310191398192 1.5536282287911827 -0.27163642374320773 -1.7540795498414998 -2.759167822672206 -3.260891526710369 -3.3263130365079134 -3.170348061825958 -2.909125622668605 -2.60525065928215 -2.3004265878691403 -1.9999736335498526 -1.7162388837931795 -1.4613845287671883 -1.237385372836782 -1.031535596703823 -0.8464078606165744 -0.6794949176737001 -0.5725106650460497 -0.2912455892949107 1.9476985743190387 4.284804010937492 5.33974038387141 6.710107509655292 7.86628434640661 8.662567873952176 8.895750206971208 8.324952855919896 7.118359459840675 6.261501420112049 5.6055048998314385 4.221292781018284 2.467148107644874 0.9205471503710035 -0.6435525251440751 -1.9875842613467438 -2.969771883794415 -3.5240886761559294 -3.66873697661682 -3.537279812690588 -3.2174937794580676 -2.781936968397132 -2.3059659883276327 -1.8744260019388996 -1.533361785696826 -1.3012892895306674 -1.1628082605935157 -1.0488725213555194 -0.9364242569089339 -0.8131247179071779 -0.7248568608337548 -0.40443233925065347 2.202804237477519 4.797955992356375 5.871789526107622 7.095752179401865 7.833005256577446 7.894255833596778 7.173162829217447 5.553081575419667 3.509023539329506 3.1781134165680602 3.2292799874245373 1.3274236460604252 0.3512393004288406 -0.21720209348643832 -1.0933976578973759 -1.9575094102590442 -2.6598500607495104 -3.113632904936192 -3.279012806327782 -3.1826525409225574 -2.86404685754509 -2.388203319432873 -1.8447195798292024 -1.3722447094285237 -1.037793200900183 -0.862051251776648 -0.8184842974023467 -0.805033753266874 -0.7810509560093529 -0.727857829733941 -0.6811594495654267 -0.41036962378322195 2.51486019652166 5.346813720650575 6.414281911686123 7.445840679128133 7.717121890522865 6.992935855696357 5.974762908381071 4.227073946417994 1.125207748541029 -0.8996511649159488 -0.4490844389510653 -2.172679404483833 -2.3389904729642623 -1.5893632470311336 -1.7891576904362343 -2.1507250397320945 -2.5285922227088875 -2.837898590655033 -2.979940186941099 -2.842489052375558 -2.5058782073362598 -1.9970814257150984 -1.4049382746642838 -0.9012862064604213 -0.5666921707583137 -0.42500227826921705 -0.44517783559627494 -0.509102362968994 -0.5642873405603532 -0.5871606765575736 -0.5947756820960929 -0.40495113168500346 2.7072316519205004 5.4942818094150185 6.454166453341237 7.246215119457627 7.153616371585535 5.910915978758243 4.092310196844283 1.274177678290301 1.3725752637632518 0.2292774329428214 -0.9381246874076112 -0.5986404694795266 -4.3216647519262406 -2.759711342025692 -1.956423638995384 -2.534631343220918 -2.7132441749989487 -2.9189745635149458 -3.0599522903040026 -2.614750667283809 -2.2285182623906414 -1.730148521434978 -1.1564277307777113 -0.6649953859364021 -0.3289799237121425 -0.16736800959676604 -0.15790421320692022 -0.21366570320574857 -0.290390574951012 -0.366907835497853 -0.43162103981076383 -0.3615152864900589 2.7188989014610536 5.0401357034060545 5.770768443887749 6.373417712699453 6.258258455693862 5.260447126560179 3.7690316023580945 0.912384643982271 2.6807079743764777 1.5849212208497143 -2.440411933373043 -0.6629217289365946 -3.66663266112951 -2.217675956257397 -0.2926428679472702 -3.0251274038421525 -3.283307230770183 -3.174727339617884 -2.995034924788002 -2.5663002494649505 -2.184641538864249 -1.756817253155838 -1.3114478658735023 -0.9130159839858721 -0.5890217594829613 -0.31885954065004163 -0.10708835848788571 0.007469446004688528 0.021568479648682724 -0.056759870249783385 -0.1738314245218987 -0.26913518003853626 2.554852011599759 4.038032331918564 4.436139506361631 4.894877683346019 5.05721758881438 4.773760518817796 5.132468387078861 2.6384354031403765 1.5013862210223394 1.4814175518708756 0.670365754254616 -1.2824495483579397 -0.24626031407090718 -4.816148474485794 -5.612399215458054 -4.001663248832536 -3.875750528296563 -3.65626259304548 -3.296162810364779 -2.933566957313511 -2.5067182680745583 -2.150396563244264 -1.8182333271966449 -1.5007270362462528 -1.1639590365955133 -0.7093788126959407 -0.20629084437357742 0.17054385263898 0.3585669604526215 0.3232512683481991 0.16355662106825392 -0.12502180884928912 2.3403338153324973 2.9215662237748403 2.9646090734195516 3.2189454377970277 3.5899078214351388 4.091728602366919 6.323900774246115 5.222104010763431 0.707025402730479 -0.02662177933475404 1.8305710212333288 0.24464890412774895 -1.5583296987068918 -1.7892435644563707 -2.4562407078966566 -4.07495922770261 -4.263154400297466 -4.197549407298406 -4.005023458209355 -3.9413292846949357 -3.6811479518926866 -3.0370484692415114 -2.3121373747626124 -1.6998847655290188 -1.1595687376253159 -0.6031877117360298 -0.0558970732492879 0.4079590721830395 0.7170235484197549 0.7150875602260806 0.5207372359831223 0.057057890927312976 2.1657344369482296 2.010613422209752 1.75529294199713 1.7697273856863451 2.188287654171045 3.0408154269159877 4.564413674645019 5.876634510020028 4.214822759515274 4.258220137365476 2.2800841833566476 0.4366049591457881 0.8079753770771845 -2.586665344934508 -3.036626650523614 -5.519903829749448 -3.5729037625673725 -4.082559718111767 -4.286721729827589 -4.825737898312898 -5.202855943164971 -4.066623266156164 -2.679383923180181 -1.2711018676900894 0.16430399382583835 0.19166600550761276 0.3362715542961085 0.6567049347669459 1.0019040569391835 1.0619996961287395 0.8529653375271156 0.2705722428582679 2.147646979489477 1.7122167156600596 1.3364893968613512 1.2312758322165294 1.633284050927955 2.7882490772627486 5.849470385284179 6.670105931678809 0.8429986996194186 2.9687602803008764 4.069093341853335 -1.2631465213363153 0.8166869501071277 -2.5952410289344297 -0.33732020930870915 -0.7412529756975507 -3.009530255111206 -4.452136442231672 -3.537878219804677 -3.7551574687169875 -4.474247547142885 -5.573275350271766 -3.147031796174026 0.32589217620397853 4.501127972702601 2.0793766269739136 0.6402005623118304 0.9078473898443116 1.2028132471494115 1.2810686141224619 1.0957980673684098 0.49559720727315376 2.295362585161248 2.059826867614545 1.7576097851354269 1.7060021511258194 2.104204953259712 1.8872421364736052 -3.3422863663496276 4.037629372338029 5.634320153578476 2.0576980031072565 0.24730922819460532 1.951349267414735 0.05274062362342875 1.3551807725976976 -3.2040274394477444 -3.6032658635260786 -2.8260512254110686 -3.027880247455807 -1.077970142420525 -2.3426157253183177 -2.6343089518179554 -2.8422773466297766 -3.3520194180053977 -4.931871254165013 -0.6918133119277527 0.835448486868022 0.6276900597130868 1.230335469409079 1.4540529828922242 1.4138598191558926 1.272814751998386 0.7734047558882454 2.5115907791378946 2.7124442447638946 2.5943972093676773 2.77603423497699 3.30413203255001 4.794335485732303 6.637128752956379 6.227004479967826 5.326790300629047 2.806524355931682 1.2259089671027519 0.388266174491891 -0.22312477110340193 1.6459965609256468 0.6686929681226813 -0.933907457250714 -0.6280719884349529 -1.5027052657258197 -3.1812489652479092 -1.7833821461548014 -0.46596497002388737 -2.1134170883404435 -1.3934056885422283 -2.442417507933098 -2.8517554729870485 -1.0347841193698208 0.3416664584975444 1.1096319843591484 1.4046046731702742 1.4849781666995814 1.4841274497643402 1.2115393080161938 2.7234120114855855 3.421621968478633 3.5251963157259993 4.028332962077254 4.777999678324878 5.527624911538518 5.916333369819796 4.085117477227425 2.5485038887287934 2.628232283200229 1.6141728319902877 0.8285637801410384 1.5586056201005745 -3.186263095986533 -1.0627762387710111 0.4326488076124303 -1.1717682694889553 -0.015682546038866353 -0.766767094509008 -2.2296204316590895 -1.9767036694932787 -2.025361664309554 0.14310489326684145 0.7473203950149595 -1.2580918927810467 -0.24359964585517632 -0.35424918461649757 0.5789014654761082 1.1601224477968353 1.5367974536067521 1.8225742880714337 1.887085816057241 2.837204672502212 3.876664985237414 4.130835489362581 4.802516449514804 5.649150713194159 6.3611776803358095 6.0222945972319195 4.442019449174423 2.4401023622703333 1.325530173693981 1.503802619518644 0.47615339566681114 0.3914623131030471 0.5499832973774167 -2.013625039367043 -2.476527579847437 1.2943027605079236 -2.2027342125257214 -1.4866137322361235 -1.7130674736744456 -3.928667566444899 -0.4577237728236527 -0.4971285171068834 0.6387407414420747 2.6911694485261717 -0.7391126379641304 -1.190795070158332 0.7065066967515605 1.170334387269767 1.7632077911843778 2.4166871007612203 2.9054803504534426 2.8230204341752603 3.9774244136302053 4.2772582262105745 4.909145891359461 5.680549787806456 6.759083297948322 7.437422598056018 6.43111292545065 5.632422891750684 1.7285014684747615 1.310929256868198 -0.5082302712099218 -0.31975418284335844 -1.0092284861479477 0.3857100836071844 0.4529354328141217 1.984120535084786 -1.5157287815277003 -0.7048759221578798 0.3358080784112502 -1.9188691005924057 -1.8366736106666215 -0.7533275707063183 -0.09578353525669465 -0.2538945065955813 -0.6424030550377319 1.8778092822075003 1.486942301403663 1.6537520104309897 2.3361222553323304 3.3217375725085065 4.21565529267453 2.7120531388688214 3.8278266054399683 4.102808374704736 4.589920836792257 5.14059875043556 6.195759576062829 6.458481446929431 5.777127394859053 7.024226861175601 4.060785468754947 -0.39803409330430517 -0.2783387316561014 -0.8735101460686094 -1.7653998240442763 3.0277948446149408 1.0681013103076737 -1.649891469897456 -0.8153742930999075 1.6830973654014667 1.0243236995732763 -1.5125634354671773 -0.15464398890516332 -0.7274089675438175 -0.7487252872577335 1.686899324073864 -0.5631109133813894 1.0719898455844143 2.377301575330605 2.121490663370209 3.375343717331149 4.548561475421407 5.593804184029144 2.5227198588394053 3.4874932074713865 3.6909574352702026 3.9952353061108514 4.257084303819131 4.598558784676257 4.952223561994187 4.828850791012729 5.218360062636819 2.585333798348511 -0.8224037530073108 1.3705917254120115 -0.7675676762260303 -4.287559944463786 -2.2427005291107154 -1.9434215301672224 -3.8573505906904577 0.45219142435690496 0.8986102833827861 0.23070914537692236 -1.9173689723331064 1.0275824655609127 2.166287932571031 1.5367694697762238 -0.3445384290776071 -1.6848078894886218 0.11827344227604 4.218963723225905 1.8202322008231857 4.461045686864951 6.024788828834703 6.906618713143027 2.2771337999433126 3.029254276008818 3.148927335731517 3.3184275217648693 3.4139775695680177 3.3960770365116506 3.3847651805311676 4.179787188903872 4.520600165712127 2.916648975358329 2.7531020960527104 1.8198848198479878 2.089137905082303 -0.6209149472380924 -2.8226862156857866 -2.263767136235166 -2.4114305528141684 0.22296242811186334 -1.8108439114127541 -1.0116265482275713 -0.11841193182753218 0.5253688504462657 -1.0398975990814896 -0.0072890497945017245 -0.9756439770415106 0.04845645266766161 0.18298438130217856 2.972184253548563 5.178066836409105 6.19929761376761 7.623068047762287 8.06776667872029 1.9962217131720013 2.5128805471099587 2.552703243667944 2.6499903784290835 2.72487124945041 2.721257339769304 2.702115809247169 2.994385734482914 2.534782579601558 2.7342760030332416 5.264625494919724 3.990066026059472 3.060730227777515 1.3863001417192689 1.2131135181043822 2.2921581217081557 -0.24468754965963305 -0.7485700493255897 0.7855258308307504 2.878955325506643 1.262859367576658 0.12416802708533367 1.7240660880806509 1.8041398512913058 0.7726745567090283 1.1052100072653133 2.7414450045085585 4.593901915635995 7.5893151463808595 7.316795609928361 9.18494605051706 8.98234106329398 1.701329573681353 1.9904511698464815 1.9533999499193677 1.9754157083964772 2.02607773189307 2.057278692521093 2.0950518820104995 2.2585717042189306 2.387058446655541 2.863995184258089 4.102087481226806 3.9203460447860823 2.859631265397591 1.6525769102323677 1.9699657933783001 0.963696131889754 -0.10490426128190958 -1.121614240094373 -0.5423631784152988 2.1642921040487066 -0.836267288211052 1.1295568886087917 -1.32365657092666 4.900559928804159 3.1362423309387575 4.075272887455906 4.914775746429071 5.335045555474964 7.452304616584163 8.426114814537906 10.32590661910374 9.557418243259379 1.412388418620353 1.5109270637867436 1.4090373229228526 1.346191329468373 1.33486932203424 1.3540455705218692 1.4137162239253502 1.5606797367923153 1.7962126734924635 2.064493061594981 2.401376353904098 2.5892235430140507 1.826161140908654 1.09602512285194 1.2636642535049876 -0.17849796203111307 0.43557413434883424 -0.084678053187474 0.302531839139995 0.03156285771055444 0.40120449088828164 0.5540836309313208 0.3475285686357324 2.5598463091837647 4.902381606461427 5.223119596495682 6.1322882613742875 4.280855770553239 7.836274448396535 9.607228039340038 10.901036455652909 9.70073252062851 1.1493157130542806 1.1275401560098843 0.9924475292810726 0.8761153651168232 0.8147818984221971 0.8067928484202739 0.8527894012965217 0.9553132406823579 1.0810383392853784 1.1727135962333743 1.2228796643932236 1.1095601688741872 0.6312730615389497 -0.6663108075904427 -0.6603188441571647 0.4044130648253805 1.2120559699436186 0.5049106559765704 3.7955918113724003 2.7484158409183896 5.564593376468539 0.6675780148794921 1.8662979103573745 6.277778504409501 4.903711146765735 2.121395253137725 4.472149495897287 4.814837961071312 7.723674507866093 9.791331384703472 10.907813082003019 9.249187125507435 0.9261256822270104 0.856864359282106 0.7214230790886349 0.5902900074544069 0.5030271900231958 0.46185394299700394 0.46559205324022823 0.5036144693514802 0.5486210015970918 0.5649474706133761 0.4754242295468032 0.1760419930107661 -0.34704541229958286 0.032059342243222336 2.443715216263073 1.5297694630775902 1.3050203438470607 0.5317019480737322 1.2356682255394065 3.0786930452133547 3.607166257816717 1.002499121253534 3.5409927653542237 4.972574932503612 6.180208552836459 7.629975550952146 6.154740700206528 6.746319901305991 8.646798795698398 9.892601219176933 10.445409645676607 8.304996512372123 0.7305525194229201 0.6581433555337474 0.5422411465425677 0.420896606280876 0.3268423640355373 0.2622283927698619 0.22673881107324065 0.2096459063497678 0.19765486613763367 0.17986389189848231 0.1099788898476856 -0.17862915557641681 -0.5147064066345343 0.27799140969630726 1.560290134342174 1.0806284610698291 1.218166102941744 1.704327888090103 1.9533150765333993 1.166665084934178 2.2707487654033747 3.733691686464422 4.80588782411225 4.496374579589741 7.324872748097674 8.556877050653815 8.324951069446561 8.538656272210554 9.255770397203943 9.531039433283198 9.514360415312865 7.101472769039685 0.6069329296074543 0.5526858393710097 0.4596223233892549 0.35631307428715364 0.26646994984737093 0.19166236417633056 0.13272308027524166 0.08349365426627044 0.038519174904502795 -0.006740817039163402 -0.06802529999672177 -0.21707281299165404 -0.34454222236850723 -0.03301838146165016 0.5520899357565464 0.5952299291058616 0.15480395177424233 0.16947549205005896 0.8173486452506845 1.3185533800850089 2.4290329901760375 4.398454213330368 6.260025774479421 8.101464705708274 9.8748129952226 10.594148745824405 10.348477078461466 9.937007775792793 9.613810630770294 9.08302775797678 8.681680235016438 6.168776816395134 0.2879087703821642 0.24520270478313752 0.1936973262005894 0.12652420682438634 0.05561145555551715 -0.018017584231139635 -0.09082919557730841 -0.16041086786150266 -0.22330040256303088 -0.2770943825903089 -0.31249613991112885 -0.308466822761473 -0.2626620973569761 -0.1773082623963696 -0.09844828923240766 -0.15984680087911948 -0.33519210278915607 -0.47764547999512225 -0.3748073271120277 0.3645823891390549 1.8245209980102766 3.874506012993786 6.2105805209573255 8.234069692846813 9.589187003447234 9.994788804525626 9.506079666772315 8.569106650131454 7.491155476318512 6.4615532213168505 5.854445230637044 3.896311062888556)
(UseCyclicTransform "false")
(UseDirectionCosines "true")
