(BSplineTransformSplineOrder 3)
(CompressResultImage "false")
(DefaultPixelValue 0)
(Direction 1 0 0 1)
(FinalBSplineInterpolationOrder 3)
(FixedImageDimension 2)
(FixedInternalImagePixelType "float")
(GridDirection 1 0 0 1)
(GridIndex 0 0)
(GridOrigin -86.28643634739 -85.13699551496042)
(GridSize 38 28)
(GridSpacing 80.0367033357202 80.07143035337526)
(HowToCombineTransforms "Compose")
(Index 0 0)
(InitialTransformParameterFileName "")
(MovingImageDimension 2)
(MovingInternalImagePixelType "float")
(NumberOfParameters 2128)
(Origin 0 0)
(ResampleInterpolator "FinalBSplineInterpolator")
(Resampler "DefaultResampler")
(ResultImageFormat "tif")
(ResultImagePixelType "unsigned short")
(Size 2788 1999)
(Spacing 1 1)
(Transform "RecursiveBSplineTransform")
(TransformParameters -1.2466337426190033 -1.5872767859852506 -1.6501109591259238 -1.736665211689204 -1.7904024144623296 -1.8059802178856246 -1.7892583936729847 -1.7798021857492876 -1.806894987092829 -1.9011832388178758 -2.084723489981739 -2.3711798768257 -2.774998543471316 -3.309518940927758 -3.98684416602721 -4.819426304278198 -5.81314161791528 -6.979013162252285 -8.284061936480827 -9.644909916084158 -11.00667830942408 -12.332664687940087 -13.575931531837535 -14.679381766457789 -15.602970379375027 -16.3197418513121 -16.80625272770757 -17.044963967925252 -17.020917860996537 -16.707011594279546 -16.136931442705844 -15.419670671075094 -14.600203432173524 -13.649792061338914 -12.639710703384331 -11.527389957238208 -10.79299776509176 -7.640345811347974 -2.164368867447213 -2.95548624438469 -3.1454657317532715 -3.38725626726689 -3.5302394040193588 -3.5376451316487354 -3.419672807581061 -3.285213487817426 -3.2141768779643596 -3.2989528959987067 -3.576393849655422 -4.0282227456478505 -4.648084277977692 -5.421492368496704 -6.353354809591313 -7.460874067331356 -8.780337646272896 -10.382976458579526 -12.296069586093449 -14.571244212318799 -17.029551719820393 -19.163160107003453 -20.863204457843747 -22.39058302718143 -23.78594156359547 -24.943433992122973 -25.85167447996007 -26.62167414983547 -27.07476436313271 -26.5999955962305 -25.16863407961548 -23.61501435821688 -22.128139036147388 -20.865025982202454 -19.862001525412065 -18.502072525824484 -17.44227522629395 -12.298328548935396 -2.5161327805542197 -3.4961627107567312 -3.7246983987136875 -4.017792590571078 -4.1874785592214785 -4.186102031410405 -4.021918294326672 -3.825142626909889 -3.695314937537275 -3.746581914026782 -4.0257546779886635 -4.517472162725336 -5.198895525920566 -6.002945379933586 -6.9367348488715885 -8.073869362901963 -9.476561553012504 -11.21999843714998 -13.362808126701783 -16.063086142782435 -19.035452813142868 -21.337224202742096 -22.796935212398754 -24.35189209046778 -25.954298265714023 -26.98736988197984 -27.89628953816941 -29.04015133492179 -29.9234762317268 -29.547128461237108 -25.372593247021648 -24.873789796809476 -23.271139841223377 -21.961410524581076 -21.497449828433393 -20.374833786837286 -19.243298601726522 -13.496155762507579 -3.0382884587552637 -4.209484309725712 -4.424070686357344 -4.713309963888035 -4.848580613533564 -4.81740108517781 -4.694789610900799 -4.431788484356637 -4.130596385254087 -4.046272044836525 -4.2641545330596635 -4.800267722245291 -5.5738942844173875 -6.331272943688746 -7.125773267235232 -8.335193832406647 -10.057311767921702 -12.198238367119078 -14.720773230101022 -17.6802730571576 -20.687224440730844 -23.087275545992956 -24.057933386845775 -25.560786705791543 -27.345905659348517 -27.88496252734353 -27.757464319084626 -29.494221921135725 -32.180104989467544 -33.30886342417968 -28.627603534503194 -27.11651528613655 -25.118605745730665 -23.642963965473218 -23.890209605469114 -23.740685829068884 -22.04763481219114 -15.0266377219894 -3.551189369067999 -4.8001560477265555 -4.855188632519991 -5.11295301334839 -5.238299318024656 -5.031561162389413 -5.05069826186907 -4.695590102628665 -4.054587004537864 -3.792382336492531 -3.9337118825657473 -4.522976532924142 -5.455096729567509 -6.061462296293068 -6.476669121578848 -7.719173264705211 -9.939682925143165 -12.672911825297042 -15.649911130601133 -18.558776003263933 -21.06679699266337 -23.488809596908272 -25.961509968115823 -25.756565497699135 -24.66795774741388 -26.359874874668595 -25.789056187451237 -27.42006906308007 -30.992568278453025 -32.53352495633668 -31.85831941218185 -30.735642663740553 -29.34782336839701 -28.582790634699823 -30.42152773808591 -27.619390673199298 -24.521747053617204 -16.03908858765652 -4.003976395493997 -5.2541103955291675 -5.393519998794763 -5.569537214658042 -5.585036267506687 -5.097915816385787 -5.158518423845152 -4.656984461583516 -3.2991145409337372 -2.8067507077785008 -3.031880563994652 -3.810609728086628 -5.298780721187583 -5.7176844783075955 -5.54128049946017 -6.5195564355833655 -9.062973709284385 -12.559682956959083 -16.0629333783012 -18.668686067702822 -19.315856200677104 -20.616147035266046 -24.594306635217464 -23.996366500590007 -23.48845673228268 -25.290217507751994 -24.01896685924632 -25.577917195315845 -28.013393617482503 -29.147644268711403 -29.939294915345947 -31.192827976711214 -30.51981144167046 -32.01736804301286 -34.179487771522226 -31.05420002805579 -26.709854101991976 -16.54451668352577 -4.280988370137557 -5.39587455846408 -5.541906137815788 -5.687937966643941 -6.731964252724982 -6.357207996431765 -4.798960491652192 -4.277104854083399 -2.9489406633796102 -1.7048220576092492 -1.0678006244136633 -3.5963582186916385 -5.4063713820743 -5.240215864972411 -4.556501197209855 -4.6378643022679205 -7.504844119230942 -12.03310641188521 -16.14310408362987 -18.305167911842762 -17.441801252295434 -18.20211294590882 -18.84126082395235 -19.60664638532959 -22.628025290893717 -23.023788225860056 -22.697766043545048 -23.803730612228453 -25.920195307124022 -25.643103330391554 -27.000448600707436 -28.199408562651225 -27.477529429000764 -26.520890350283494 -27.87176130268668 -32.151185809777886 -28.234265200514237 -16.36286549007693 -4.195364179011427 -4.787547213578807 -4.106077439473754 -4.512115083851069 -3.1049639879861344 -5.365790191379534 -3.688697380241463 -2.702008506444551 -2.7167624983627143 -4.204678978240558 2.294504112573117 -2.777482117533064 -6.042328286847001 -3.9850333295719786 -2.6147388354095975 -2.3671374328122177 -6.556736027973246 -12.218581796632561 -16.99692668004344 -19.19424454924121 -18.685347746525725 -20.049441016162838 -19.15952967000931 -20.214920364352214 -19.569602826869794 -18.710899196626656 -20.907434538024887 -22.020039402898796 -22.238481781266543 -22.09541777627114 -24.973493451530217 -26.462837475014936 -25.355031429065264 -21.46284364070592 -27.16462163952306 -29.196935192101275 -25.006061645163037 -15.289553807863932 -3.7765993327409273 -3.697785927151339 -4.968806295722207 -4.371392296005481 -0.8301066033940582 -2.7258266058363514 -4.3659109524921735 -2.1528603536688347 -0.49317101188305296 -2.93477313079346 -4.496055110138587 -0.29917305455162063 0.3308467683912066 -3.333503840398102 -2.1891587727669117 -5.547802221636694 -7.4022219849721065 -12.782507447852955 -18.019866055054443 -20.70052473904558 -20.67212998034171 -20.179212304779977 -19.032858340039265 -19.77609498525652 -17.303391798817643 -16.33659926394165 -17.289044285931553 -20.604674926569057 -21.77291901280803 -19.467368301394444 -21.620629138937367 -22.87028803961692 -21.23372663466483 -22.510494654038425 -24.77734395568692 -23.093668832039707 -20.644332236353307 -13.619660467518521 -3.320190903697548 -2.5713371894355737 -0.48512413117398656 -0.25209354025813324 -3.4608172055307582 3.732202258750736 -1.0013396831313572 -7.545016476934848 1.698368965459888 2.502593106351641 -3.039615673577616 0.4215869990424197 -1.4042458978550612 -4.6244454438753 2.091917661375627 -4.332465052387171 -7.002797565760348 -11.65827975055039 -15.267019242035653 -21.892594295635845 -21.97475066518569 -16.82777208663576 -15.207461450553888 -16.12493551087763 -15.284142018646815 -16.22430676170145 -16.466291418057754 -17.760038390619435 -18.106715111857415 -17.731369127160594 -18.728609326021036 -20.32948239154043 -19.31743484873976 -18.10194148368143 -20.282849417245842 -16.046425403055327 -16.425967741748096 -11.779556993789287 -2.888240751062949 -2.7769380192394415 -0.474689472989332 -0.015694227110047167 2.3517834875680688 0.6983926687449119 -2.6426466472979007 -0.964679148382179 3.341488343072813 -4.372851609068314 -0.23400598400443676 4.1858767957696426 6.179395397247012 1.0884113477909818 2.4972465983061474 -1.939237952901589 -3.2497204751915434 -8.95773831918165 -10.691309068504525 -20.575901507550178 -19.240232242535544 -15.783246042081672 -16.71571049894878 -14.11904160630032 -13.195241318418898 -15.330150591205745 -15.335353586949978 -14.864180673714419 -14.26388895672904 -14.535130025925922 -14.780643330061162 -16.50609503586102 -15.506858354569447 -14.608254666165724 -15.984482909822844 -10.05120832098117 -12.291987823001891 -10.056444944843472 -2.3116767010489028 -2.29254463870276 -0.5650263228397119 -1.4407820928520123 0.9221012225601528 8.58221852063625 7.9423106563473445 -1.2910998111702365 -0.946581193181356 -1.8981146909546363 6.741668342642594 -0.44306593300571645 -1.0040835463277828 0.7273557824762952 -1.884865120854598 -0.686753263453263 -1.2825076880893174 -4.746567663497277 -7.917834406812292 -17.75574252776894 -12.665848723871957 -12.31895197691562 -13.133234406060783 -12.773386584154888 -12.529966807228673 -12.673442032899791 -12.728400241350602 -10.29512018219128 -11.658770955957612 -12.854271219240706 -11.949726391492051 -13.426487836537099 -13.37503359659013 -13.038560864644605 -10.14035107632845 -11.343683038271035 -9.824383774772665 -8.79545048932333 -1.5194817769848428 -1.0817871788006077 -0.7458310613693029 0.40932692763002476 6.258875785889214 1.1876114914661524 1.6043671854826635 -1.8742539501823838 -1.0552380438689515 -0.1758692090936555 -0.6833497372624368 0.3126888400238499 1.3281766511946536 -1.7156121706571295 -1.3774402658000757 -2.494928095222026 -1.3630255449922861 -0.8850022837639138 -4.842444244603447 -9.79665510357758 -8.069487189485125 -9.601172158323905 -10.96638203770718 -11.86079532960843 -10.819392197433958 -10.474537055990384 -11.292519286335182 -11.32538580314349 -12.364031024862934 -13.567682397585363 -12.369644328052146 -12.07710231515338 -12.150428586940025 -8.588050485721148 -8.236486468279544 -11.84757702839288 -8.386780246209806 -8.018805059626605 -0.7065328833420701 -0.1816470802077595 1.409176979717915 2.0386478022979215 0.6274427466797733 -4.388017334170615 -4.758686517520782 0.16821259563605473 1.2411887292202306 -3.073362485282977 1.3036951638783343 0.17499261781278597 1.838155037300145 2.300750836367365 -1.3240519521531637 -3.164408507622088 -0.7430679162372809 -1.864034080014669 -5.122294777028058 -5.099588446067383 -5.608486110797778 -7.367625854742765 -7.944855814767429 -8.499036980643561 -9.290992178953537 -9.447447542629869 -7.72663597566309 -7.965419849431206 -9.776297689619673 -9.720644381687388 -10.029995497672378 -10.886897561561042 -10.721517483969668 -10.195443678520386 -9.572716913196686 -5.549914597349249 -7.939532323164372 -7.342030614326741 -0.04931236970312732 0.6969939360608235 1.306027969121057 -2.376560176357229 -4.617864777824672 3.7919362532201055 3.707324283806943 -4.088320012001522 -1.008497252538697 -0.851781672804396 -0.62274665736418 0.7028042586125951 0.2339730444166446 0.06018751661423571 -0.38051810870512254 1.881670899461849 1.4609587667014605 -4.1310897536396105 -4.313888322124069 -5.576503445994424 -5.684246858658566 -7.2521386398457715 -6.511906551975939 -8.402944758726239 -6.999852063860196 -6.0042349607203755 -8.006113398533381 -6.472695740426353 -7.121071393984827 -6.782506254095489 -5.3478356387852415 -8.258435263111803 -7.011328631126598 -7.266814383517612 -10.68059066330713 -5.655891956288181 -6.5925086581270955 -6.751294872076658 0.0018289863434712342 0.7250120629192698 1.6793788678390775 -1.2122197677346414 3.760739042739306 -3.2591932352674013 -5.531952979067394 2.1008992429612143 -2.094939346510044 0.9468588253636172 1.5722151542960465 -1.5725730413159797 4.0659952830698165 -2.197635706816817 -0.7476925189358319 0.5707593375706216 -0.34835970213009454 -3.0398181651012837 -3.3669371313151126 -5.014887051548589 -3.0137712578275 -5.703525488345566 -5.588844113560356 -8.13480348705909 -7.41281684185585 -5.497015670729395 -6.381427842812651 -8.747723409185316 -7.811673243554123 -7.960839581393205 -6.521596032620454 -5.589115773144506 -6.07652516074943 -6.759236365306822 -7.457809703713621 -5.463269141372636 -5.52784187550955 -6.657890213046801 -0.3285339314878479 -0.12911751038156571 0.20348213276298982 -2.1340812384522496 3.3637234717689743 -0.4098474980131509 -0.04794256354572552 0.1801092522350425 -0.8956437268105649 2.1471733417926244 -0.2889101248998203 -0.6176215492559934 -0.04815174579545582 -2.997738624200429 -0.40398802129299066 -1.5267428705842787 -0.637975497247299 -1.3161873266690176 -3.5870462594475625 -5.148618471686117 -3.795433678306974 -5.489681226744055 -4.115370317968991 -5.8369174167061555 -6.085714498084216 -5.8051564352258564 -6.967116485059909 -11.17265151039269 -3.0415353547434734 -5.5765665160942115 -6.2163041716298695 -0.5257906931816999 -3.1511575073424027 -5.138400369668808 -4.1581990217991525 -5.545405444911482 -6.415106033217615 -6.914192735429031 0.08187720043422288 0.07264306515593347 -2.038772548030554 -0.7006933248609145 3.0971897722336177 0.006315859912985108 -2.3903051002751217 2.639578500935856 5.42099768757191 0.9522815129298179 1.7797495977350757 3.0387257882563623 1.8085700005677903 -0.20097921794727933 2.6751855903462527 -2.837639259776641 -1.4998795987566027 -5.610759588968763 -4.013220753017299 -5.77868094815776 -0.44007320391241794 -3.1619256300413134 -3.1946715446433833 -3.078798021281783 -4.565917562866865 -5.434350885420237 -6.424128665386768 -7.1326064486120035 -5.391756657637315 -3.1226240844618687 0.349165564361685 -1.5469350738132182 -0.8302264005195631 -0.7257876881366919 -3.603228723701154 -5.4834268684466885 -6.533028608034198 -6.725584416389187 1.2403049648243707 0.5425322632872568 -3.3022339563292262 0.34083888522039657 -0.015305224425363407 0.33047875393639636 0.40996937046680565 -2.862316632869851 -1.0449991498972793 4.278829193333643 3.0048567024978867 2.189250412282796 1.563305964135352 1.1857873710649405 -1.3368189795552103 -2.0254843528466746 1.3821655101165116 -2.8077590766002345 -4.796832356182894 -4.076291160093774 -2.3012438016706627 -2.740652837943071 -1.9480914745905642 -0.6041516135270563 -4.872914540027619 -5.545946074344661 -5.856617993032685 -2.6553463497052854 -6.850584357360613 -3.6394526161859724 0.31326988705480285 -2.8660051141352265 -3.9233732058898863 -2.2915644843923286 -4.585289962152643 -5.721126672620293 -6.29852526171634 -5.963106098624863 2.1024325186117965 1.5497488532642356 0.33139043738017393 1.483357781865852 0.6818290813175579 -0.5359885460806079 -1.9478332184335603 -2.770226199645216 9.402867305782694 1.6138689048004813 1.945378746655785 5.080050281563309 2.60674068094805 6.958485270763138 2.6318757498974827 1.4158528366888097 -0.07146381971595919 -1.348404899049638 -1.8642532825036653 -1.3280744229469388 -2.2367443197999006 -2.937839479389009 -3.6290500644712083 -0.0642844060233697 -2.3189929358229766 -1.253174081025405 -2.686102103633432 -2.8843349208719236 -2.011440602955858 -4.131827072056817 -5.561933747585852 -4.074192069582119 -4.210519562764972 -4.576350415246129 -5.645072112321301 -5.655746319589733 -5.755821828803782 -5.02419112726045 2.3137915583823663 2.335127909004746 1.202102642708387 1.2155941752607886 5.904695456570884 -3.4514741909400954 4.142878941824904 0.2280847794967594 -2.6890904064977086 5.3848521494163215 4.282068055338485 4.554333358581041 2.237863506986038 1.81267955314761 -0.24222075630592346 0.8450515843720418 1.292336695296806 -0.629339327252011 -0.6682294688629029 -0.4988829687834675 1.7165401022734776 -1.259036044701515 -2.2065235856421705 -3.8315273465654305 -2.982765550770828 -3.02300991166468 -3.6481704708882643 -1.4075962913042466 -0.12312394062691802 -3.276413824865285 -3.555415847900698 0.15678946954695902 -3.590141167697111 -5.349295306104402 -5.184855735806467 -5.083944504422165 -4.950023818091013 -4.091979669056594 1.8942728610207482 2.0896739663471386 1.095812473041775 0.296237320567594 0.28686361866631577 -1.042501706400296 -1.7631744727347574 -2.813366882742507 -1.2434360899329138 -2.9244223302538965 4.410384717284602 -1.3522158012275696 2.5487921254165644 -1.733476494254644 4.182632072411968 0.7233526353956826 2.780745388066415 1.3403565753213265 2.5528075256607337 0.10238623829734228 0.9650337101754924 -1.3758849765547265 -0.45655498014283263 -0.4991672062958816 -2.284764037201259 -1.6449388907448095 -0.17552241711985084 -2.5137285954187396 -1.4658409900709124 -1.830553114007635 3.345737898543726 -2.969510119499994 -4.183210885603146 -4.55283905023266 -4.588025991586849 -4.328209536705034 -4.1195593368251515 -3.294463145809772 1.012914432435658 0.8827333341199723 -0.1460780214006714 -1.1181755719208424 -1.8186218955101385 -3.2161092692495474 -6.2821004940748155 -2.3568954428881157 3.190030467122079 -0.2648906145855423 -1.618713039012677 0.11394178864886294 4.435427025990588 4.83104385728226 1.9198864494167422 3.691334227346333 3.116228441687526 1.1947692062440456 3.141498496846942 2.68789598805096 5.195844928704477 2.261155268343689 -0.44687839055236006 -4.008720799649164 -1.9073534141371886 -1.184484814608889 -1.4906673444570977 -1.79163420507594 -0.18192783247506517 -0.08993029976712946 2.96627230898394 -2.308073336125209 -3.270596232081898 -4.110868249575917 -3.9084075770855793 -3.482265211850415 -3.3344002298963233 -2.6684687644901843 0.15836641365682444 -0.2792746821126575 -1.098215951207955 -1.953942616116374 -3.120076295108023 -4.562667371117479 -5.8303070821008705 -5.616356816596745 -3.8755829602839333 -3.3707519936475765 -3.493239058214389 0.24107633104190088 1.8722109818232824 3.5165152305282836 1.5073750648370425 1.8966523771163448 2.8333761985260675 3.335187514648842 3.1594775656630874 3.3079343885533277 3.942290910743948 2.611111694983497 -0.2685290688914836 -2.3123443257906304 -2.1032479453867174 -1.7756353415607073 -1.8517644773169106 -1.2070020227477598 -0.38764460313173377 0.12527774355999777 0.3123466497210146 -0.8135596415745114 -2.599627063114602 -3.4153576790405475 -3.1146009621136366 -2.7454766041601726 -2.664986349458602 -2.1328009238904406 -0.4648510970627133 -1.0477590419800298 -1.6883245154535722 -2.5199249502020913 -3.3926790466557066 -4.300611302176264 -5.017947408383624 -4.989930847331271 -4.236791508646244 -3.4727632901930487 -2.649401105592484 -0.949762019448798 1.2200192424186254 2.5100208145231493 2.8239789705227367 3.3883297529196437 4.321988337378086 4.780380596584809 4.631026504788638 4.36037870621931 3.8935043399550384 2.504590925550794 0.41458235647823477 -1.1475148716117152 -1.8137443290244644 -1.8397054983931262 -1.3916567515908442 -0.6953253312588153 -0.0011834860069204127 0.3441681092604926 0.1748384138565811 -0.6118633911894437 -1.7397780240080731 -2.3561010015249044 -2.332828336899844 -2.1861403852693657 -2.135669675108253 -1.6735037110441686 -0.830525940399139 -1.421941131499744 -1.8914334718148915 -2.4986318337923406 -3.0721808609598553 -3.5395681848490836 -3.8130955603072403 -3.807009292144264 -3.498168571049665 -2.9475182351530953 -2.1386143015072028 -0.9240881532240904 0.5477495342866339 1.7477029869935374 2.606892216314472 3.5395176839797804 4.500845459143711 5.020620743780667 4.9724201855026635 4.491069459734601 3.6011783880483494 2.2008599990970197 0.5128448667901802 -0.8584573555508059 -1.6401207470415764 -1.7400602832571384 -1.260587856152424 -0.568058177932345 0.05893073617206173 0.29203400472021546 0.05895059964741334 -0.47244157819507354 -1.1195190068374847 -1.5542246317229338 -1.7019846816377728 -1.7011970145662765 -1.6683253553737796 -1.286694097980427 -0.9747133210995996 -1.4940093609253293 -1.831865847783612 -2.2658023267326945 -2.653394258071261 -2.9286125349413936 -3.0384840320951563 -2.9743109015395213 -2.7129759046953033 -2.2212614526638963 -1.4950180811719926 -0.5355165041982244 0.5749960443262794 1.6389781573340143 2.5858596643991993 3.482240600754652 4.235937198485513 4.5806147370564485 4.44388322251404 3.908679282937559 3.0296341818197576 1.8377893074865723 0.5018989815362039 -0.6416554584809099 -1.3864440662826303 -1.5487403386734602 -1.1845947135195403 -0.6181065495006564 -0.08982664262146285 0.10940023468517467 -0.07315031078666158 -0.4529921093828968 -0.8940304229445879 -1.2095635852327402 -1.3475981376795811 -1.365116877354216 -1.3413233305952081 -1.0379826442994007 -0.8301096746898634 -1.070381436338915 -1.1490254697155793 -1.2399002915901702 -1.2862783676911274 -1.2698293358223776 -1.1714498378012437 -0.9850560250539657 -0.7055914954274098 -0.32611048760466826 0.13549711127851644 0.6329473092630762 1.1355686446149944 1.628200959504877 2.067321289137021 2.3768614442317326 2.5106628035937235 2.4321385462657457 2.1491434688521562 1.71955845959466 1.189351872427679 0.6029695766175104 0.015439623247421843 -0.5082391235231114 -0.8998923876954188 -1.0562445037849397 -0.9846381782696544 -0.8006523585498646 -0.5949127812733771 -0.4855767440015178 -0.5006598934741231 -0.5807785993449124 -0.6848943005741864 -0.7560485612218574 -0.7787079730430039 -0.7661211566902592 -0.7504687849368338 -0.5834983315831591 1.4600522643080427 1.4433038829734435 1.3332468002366311 1.2180161001959473 1.1391088806760088 1.14291544761048 1.244140719824354 1.4265431086457856 1.678570203016109 1.9868136044775233 2.3318255477650527 2.68650525630768 3.026641316204247 3.321591497531516 3.568396622933822 3.792506695599746 4.010436619831593 4.243218644862464 4.489552741521253 4.726102686418185 4.932648028527135 5.081555168792433 5.1632554654510665 5.183534127510445 5.1509036622952875 5.0806397384108175 4.988112091690725 4.900741972000519 4.807890065803297 4.662682175488767 4.420875340437039 3.995693403797612 3.4383292898318394 2.967542829786188 2.6419451397029765 2.33218090713474 2.126561585671352 1.3005012423328848 2.1697899414287503 1.8529988041201784 1.5566712491513626 1.22870118435071 1.0104303472300693 1.0156264758909195 1.2771851698444758 1.7297149840428605 2.332975554715566 3.0507222195631574 3.827713910332527 4.586843747181446 5.262689976219016 5.775722684584161 6.122967854041576 6.378772904803517 6.601593691440446 6.874676134194873 7.205005613326507 7.526477963360887 7.785870345002394 7.903287717903543 7.872959966039082 7.788608089139687 7.644030259558243 7.306908130010494 6.836502864021439 6.505423862007531 6.307867420256543 6.061516748989478 5.647938906767512 4.733550683243274 3.711288813119265 3.1249116072220953 2.9023369656662474 2.625025655185075 2.3519837840018756 1.3456409931642819 2.2235684330676397 1.773713344112233 1.4326996260524096 1.040336464247459 0.774047450999385 0.7860170699781691 1.115409309802267 1.6735560336938633 2.4071430992697054 3.28081518089539 4.222679335158652 5.1216512189453285 5.894993664204061 6.449538345324203 6.795592058830637 7.057503775214954 7.3052941120156225 7.6046855063388605 7.951947621060421 8.26666710803308 8.519471249825237 8.656788388012016 8.474167252788234 8.215505017733218 8.07215942326485 7.448097467782534 6.861606084994735 6.9395143318970485 6.443957810188776 6.3587066167137225 8.289261619414653 4.944893130921661 2.229473855455052 2.7403844057198326 2.762009482282456 2.510284457298079 2.2120037034616065 1.2171280485224354 2.248626471665135 1.6669089915007689 1.33710263377864 0.9423854009640136 0.6205107610933644 0.6533199567100995 1.0542840806274805 1.7257308236352287 2.5534001115875262 3.6393940608851096 4.778591305487318 5.774347071870394 6.546486371293087 7.0115635664685385 7.250251311247919 7.564930076675483 8.013298997771232 8.48572417428286 8.901669055242168 9.204487169699105 9.988758212159293 10.0493087674034 8.715048828810561 8.589765016477305 8.563344434694434 7.3414605469138605 6.710207793715317 7.532010223371945 5.516876830302201 2.680906654653879 4.250981111734588 2.3943115467598552 1.9627800157424482 3.3426702242428896 2.7141805568234787 2.0173489289164923 1.6118365729752977 0.9747456488077587 2.1334734457348064 1.5281406130611437 1.3365411142930859 1.208579077822059 0.8688489178498517 0.8010449408706666 1.299103144019062 1.9278210625499494 2.5417641588916413 3.8224990071310194 5.210713560896517 6.302710521149649 7.014771040331261 7.2201323223860845 7.150372941975136 7.496472668802479 8.294755725607065 9.051665449314125 9.573318562565913 9.867207916096309 10.495096621158376 9.853254578899136 9.20057510515377 9.757752931328774 9.853925556936277 9.190428889526734 6.853019930604703 7.764292722399143 5.546846279220719 1.800979994317507 0.44566384424878047 0.0380460822624148 0.33880240203901313 0.3235702842542589 -0.843983987922736 -0.31805615119818986 0.2773279456173072 0.6226597763409326 1.9244629064567464 1.7171754611881083 1.873860458014286 1.7068978961787633 1.4350569052821018 1.4555422039460117 1.4668148966590693 1.6716054572683379 2.0445863470731758 3.4670116608242045 5.471384965379989 7.214774179089905 8.28808226798159 7.981782032163951 7.261391268519615 7.2290709131435165 8.25168866398409 9.3263847642389 9.976466843057356 10.36990916069184 10.219254575268423 9.007126697646548 9.507238941126595 9.12664900076538 7.615930755781091 8.558873141752104 7.696173998295519 5.456816376871634 4.00810308208777 2.6383730468867164 1.309146909268312 -1.0853063859738046 -1.4850533488892173 -1.8617675331135768 -4.188721434937225 -2.260422194156216 -1.0241554047629855 0.2118606784586502 1.6278759621528476 2.0867553361104827 3.1421957562337375 4.281731855823645 4.209901210042599 2.9821053018976778 1.1828763520253323 1.1808495040160367 1.444035600459645 3.4808693657885033 7.584591967968258 9.469121968768206 10.780284066025496 9.484495437399389 8.017272191554454 7.458405291276283 7.977668992458294 9.33681586911093 10.200297625543204 10.56841962743043 9.246624129715512 9.832503536980152 11.746848756874984 9.255616925869584 7.848409335991864 7.0619408478972225 7.7528384526060545 6.572144958006145 5.10463691977551 3.864052247925255 1.3559167709347277 -0.6436098070201897 0.1192372924064458 -1.4079579887164768 -2.4867366175718333 -1.9935039796843592 -1.5855367394434028 -0.1760665570298984 1.261958808388214 1.7698460708488453 3.1039426927571263 2.0733063100482876 -0.09264615074066665 -1.3329072844547618 0.7204025791066656 0.8291180664628779 1.3479739186811557 0.5598553331156444 5.206985626065444 5.3144805783920175 6.646799095209599 9.1963172245254 7.583024262093865 6.991807410507331 7.8169019971587925 9.354558103589824 10.62523294628539 10.783028864944914 8.852445915821496 8.200784722471758 7.01606106354223 5.873843229812127 7.718054403748664 7.556399943024565 7.196290324893394 4.6805270037047535 4.043695333207927 3.230537178204622 1.6682127645251905 0.05548194956658211 -0.5009922732932607 -3.6437606561528457 -4.236787802321464 -3.748128816997987 -2.308831200453891 -0.4377571470271459 0.8663007523606028 0.9563434905037417 2.042029972934473 0.73036853333901 0.8973680019866269 0.704089723134786 2.9477468493423777 1.1192730797922033 2.074981596491665 -0.2668168686722576 -0.30217029212997243 -1.0798774664352455 7.671590571936373 12.814785741767968 7.471400913881941 6.357122520702586 7.885988063156241 9.597681697971264 11.423046770760925 11.441649644382508 8.769467715026979 7.454715610272065 6.060141201646922 5.14622696211068 6.592597002035483 7.807050254531511 5.594061897278961 4.231213483914866 2.186735743203318 2.5473017149953985 3.273168060540368 -0.17973094639399032 -1.2933452767901197 -2.1963780407756603 -6.567751497270395 -4.516687605336592 -2.5072547871369566 -0.5760689561134871 0.5348509016488907 0.2260458945097773 0.3722778924802637 0.8310484947488976 0.8149697287052425 -0.6353956718549414 0.9538812910666025 -1.2726725441585685 -0.4466947000035008 1.779003075378816 1.6005726277668046 0.933332775586668 4.655443382016471 7.5618046550424385 7.903327847251379 5.742191008760878 8.169126934479257 9.671682316609408 12.39733165891706 12.472526181455116 5.869706939903237 6.32587558238112 8.014528467181016 5.896541203902417 7.187991554793592 8.554854168707987 7.471160993507024 5.456802191753453 3.345884595262026 4.191378377524163 2.1698862547495916 -1.7943740620455986 -2.796891556281025 -2.114126322570285 -3.791424376801817 -2.862933420784729 -1.937904563011746 -0.6195117978343473 0.18808573233690895 -0.19886475456597202 1.6214402274246156 -0.7900408879781204 1.3473069025310886 2.360893751108821 -0.5178506688725606 -1.7212972112340414 2.9601898773901345 -0.7450034340603671 0.022735484997191427 -1.9729901857768204 -3.072892879122497 5.292459761328449 8.29803244974127 4.717433480033208 9.507764790692745 9.634040253565052 12.46748976204455 10.703365795067514 4.246226823362993 5.193192823160512 3.5841912971146677 3.079455902266137 7.861416637932231 4.242971973828191 3.500364604028412 3.2896892328091254 2.1818971337558932 4.312698854153848 1.0547680058583029 -2.640067513615048 -2.4745025394402482 -3.669284200837056 -4.077242432030834 -1.429891654824612 -1.0647962939831572 -0.7232806560995722 -0.4542225108872546 -2.04756617744857 -1.6489916366425978 -0.3500233954639299 2.215419094095681 1.7442927482372161 0.37716133285635045 -0.37767571205347616 -3.1023846055369844 0.5704484202289156 5.703030795550495 3.219141154880874 5.035045182580805 8.023848346974749 3.736123464448427 7.005945134882364 7.396434315607559 9.153765656115187 9.250310644043164 8.202352509265316 6.669653909493296 6.076194791351307 3.1506716035211806 1.5372276092285253 5.998146769536006 1.9513764608984963 3.812420560265055 3.7037625397912888 3.743798260618549 5.913739147403043 0.8856964249254101 -3.129316403778136 -2.870739648575513 -1.1143413534041084 -1.993444982053159 0.12299039399957858 -1.0385081144001334 -1.339857126642195 -1.3007419115408785 -2.3408795322697613 -2.462980727541972 0.7380728087951142 2.940060597285437 2.878045006632135 -8.088254548401698 -5.687401046450484 -0.34159537456356687 -1.9904126406558473 -0.19391965618239929 0.5363438199228125 2.9328415145081843 2.157083775541199 6.831288337267853 7.33113494240345 5.290311410210577 7.955849914001705 9.485043216204144 6.233033661809226 5.564477600412448 4.588541067987397 6.016259448232229 3.1389254052222584 2.201002589417583 4.686591847542548 2.5602678131855763 2.1480683162206717 5.696260637041925 4.069771363972349 0.7356715297754212 -1.239684828881612 -5.727723977528774 -2.5749635161554014 -3.043329526383802 -1.8189334988886185 -2.0845001927685964 -2.3356760975420174 -2.127834131217995 -3.174526103229349 -0.6894846709850859 0.10948518574683015 -3.4414720039146887 -1.3207393599439914 -4.122137727175171 0.2228708921800798 -3.6439126355897002 -1.7328851523147033 -0.9506431740477351 2.0595562580586044 2.7638205712370736 4.17919212409157 5.830349737373771 5.498578081505511 5.1286182073836715 6.911618067072819 12.158028714372039 7.087129483765239 6.769841907775369 3.527825136278578 3.1164885451248225 2.5487900119887814 1.1418287439500616 2.697841719768833 0.5083288370363138 3.247223255851104 7.2438338991505855 1.4246791022981455 -1.79147986976788 -1.9374025835063513 -5.889319585634928 -1.3737908760104 -2.4200719274329043 -6.637461157975327 -3.842866803362211 -2.880296884395292 -2.846933882676971 -4.951764091225103 -5.02988757116348 -3.7130532809327237 1.0607708057160121 2.252207126453461 -1.0575838711701782 -3.56207010267972 -1.9871514280687403 1.5133804083059488 -3.0872291008350876 -1.2307850605240118 2.2409910236321653 4.922479888571143 2.7402833144364838 5.109157549462462 4.219623578834584 4.1679229299139 5.698933823790069 3.7959250635496176 5.850632597852168 4.483386706723797 3.133220635767361 2.0486236422075894 -0.3201432023795575 -0.6134451929088828 0.7828898671783747 2.954175162458834 6.307609984923945 0.11813308071654666 -0.3263340748802415 -1.1309748504535124 -3.498193515593353 -8.249802473326172 -4.5537118490183115 -3.1524928234686866 -4.0524716278817605 -2.832267473979583 -3.585423341938648 -5.500184215980872 -4.533929161530658 -4.926530370357695 -4.268610267284806 -3.124104466289434 -2.26382978378414 -2.4404052219409564 -1.42578624674855 -0.8577450444640384 -1.13935534304872 4.1374881519058695 3.3443431260415375 1.641159337166569 2.589549272107149 3.570865434215516 2.9257076798455106 5.449385459972384 5.974862809180974 5.540328680977689 6.5216829452213805 4.1175766367048166 2.834233398913468 2.247402106097735 1.182396495345247 -0.4650083508521822 3.2042084689855614 1.297314836674179 2.995446755436823 -0.46407658326117396 1.0373028151922061 -1.4644048262173792 -1.0948363136777222 -4.05826602543087 -1.7946433843583631 -3.245573457117064 -3.7524935536589545 -2.658723712940705 -4.161371710641197 -6.312231793782781 -5.033286442944181 -3.526529363058559 -2.7143835998577797 -1.4932034801966212 0.101549732041407 1.1502358230497634 -1.5183141329423722 1.6251333100606604 2.2071247502375084 2.1904967030937366 2.561007004915361 4.840607294535669 4.75906667416082 3.7719978473447293 4.228750660011586 6.157856725281844 5.411138373405471 5.627973096954961 4.2416080610649995 3.8442837748501346 2.274939837765851 0.8395042029495019 1.5560767122243693 -1.205901907336621 1.8173542115204624 -1.9533162971267037 2.2845023118059427 -1.460013154514765 0.13022617012163784 -2.215412603094108 -4.086186142497995 -7.221811386948703 -4.480184577138066 -3.6279751708512182 -3.0837365513274397 -2.434212789297923 -3.965909525099453 -5.600057214361361 -5.444284010365028 -2.232724765495067 -1.8705536615014673 -1.847643385349679 -1.5816272812020729 -1.7218227276655598 0.11659810556877864 -0.17064266415446971 2.600107286825699 3.536763733427772 3.041282548003528 0.5517055136125567 2.9667548416283154 2.393301299167201 5.062643238388038 5.307345014173133 7.13063917708552 6.872927018709595 7.532904661894555 2.081526719780928 0.53215021313463 0.800764033495587 -0.7857719825804222 4.7545519716778974 4.559612899188304 2.405205334130769 -2.033122070500282 -4.129597507399917 -2.970962893607994 -1.899790510137608 -5.630403273446994 -7.128057333538127 -3.6491283006670883 -2.647321481345447 -2.293331106822227 -2.0269527707667376 -2.994899248964958 -4.176202469475452 -3.34798961809907 2.0765394953765823 -1.5392025425950615 -1.8668897393712527 0.9865580054595456 4.173173682653884 -0.1942782837319322 7.7842712621271595 7.032186471173036 4.640889825879928 5.399987233003541 0.19874596285197554 6.397591737038553 4.6282773122919405 3.879863008822494 2.7579725567848223 8.977100717595686 4.583646995357669 3.4968590144207568 6.2709890742118 1.8794319522194927 2.2742498957607284 2.253087423883452 3.758654364044275 0.12991603978520294 -1.046090661914761 -2.8121496661301153 -2.3199535160795945 -2.5969304788731216 -6.919212848369034 1.3195583631011922 -0.4317020291292947 -1.5631015050980583 -1.2250118451701266 -1.217653527790561 -1.4509488681742688 -1.7052920714905346 -2.381492655909196 -2.1402894934677046 -4.231386821454937 0.9584648792853089 1.983250756285091 1.0540711668805354 -0.8863527559341183 -3.7953650898139073 6.512113652450266 1.8610893150797605 2.693683613566045 -0.9147794860556416 3.952294403619467 5.221358998690924 3.9760420229376376 4.990944289163927 6.820470540890268 3.729402242535473 3.5705143751754163 2.9185134635594467 3.9278534365707523 0.6026666284291055 2.600249143550204 1.1258479110175619 0.4534265229841415 -0.7907969532946862 -1.7520940467548647 -1.6314427147166772 -2.829579641634513 -1.187785218179478 -5.426844986354335 -1.9512277992821705 -0.7024243133718406 0.007578970298077363 -0.19637572069591624 -0.3482426435249915 -0.8610693983255177 -0.4432031349888886 -1.0720096526876488 -1.2349971829234894 -1.5095378587240957 -2.4381959345154116 -3.2066388409757467 4.050408726418882 -0.9136394121988168 -2.5029643964590083 0.3512760199917386 2.6593204375935473 3.185420366365981 3.8462067275439464 5.550666545859679 2.0144864184640774 4.733572288451799 4.174761751302646 4.89639445695721 1.6961267752617886 5.124382492051425 1.4910234721777949 0.3255403120190429 -2.160168128598274 1.4527448111397891 0.20740737266638454 -2.5184059368919733 -0.6653502957818618 -2.6030086200715723 -0.7254184406454433 -4.100146064011051 -3.5254999673413123 -0.7665172274482651 -0.5462252302230942 -1.0576383613370528 0.11046774695582562 0.11986131691121603 0.10418910207713891 -0.3719258465306671 0.29290853512330844 -0.12560284998351956 -0.6471568083935133 -1.0033299674899319 -0.8480736675459675 1.704736005165493 -3.299231489086428 0.15152092077734228 4.598450162318098 -2.7023090153788774 1.4811026459608805 2.8557387780552266 5.37615468642693 4.206380044943155 4.454743534819907 5.834935809259624 5.705436519941585 7.80599027979646 4.319530364727244 4.18030463844762 2.334777824569257 2.904112446444593 2.293091560142032 -0.3667334739997047 -0.0902282281459865 -1.527439444176092 1.0321098612474955 -1.159965678365055 0.45327905176848576 -2.008940310360292 -1.127429995833124 -2.635252960551503 -1.8858335574099576 -0.8009881400678032 -0.37120368687757116 0.02641865434812116 0.18635043308121482 -0.1298667358797376 0.4410941663707015 0.4083702342017578 0.08811871268035854 -0.23682190418656318 -0.05431116741565128 0.9017575488751177 0.4944609968926611 0.6914075696624502 2.3788998155517818 -1.8675473181575943 -0.24417886907224257 -1.557559791657189 3.0438523520559078 1.2891358564916733 4.090094692463482 6.110885493941933 5.16996258482942 5.511218677861529 4.829913720095476 4.767052088466261 -0.9226157730925815 -2.3913375782184993 0.473742981734639 -0.6578189225103555 -3.1375179824577755 -2.864933159704254 -5.278126160725962 -3.8455894998214193 -0.9084115911292243 -3.436449627223479 -2.1922897967361847 -3.8687160554656543 -3.15506955796917 -1.8027696708501386 -0.9511922959967926 -0.3200088017316079 -0.04722883448210239 -0.12950604369594998 0.40030104577905806 0.5769129259967707 0.6552056240445487 0.5384298846271044 0.22547996792161848 0.77388169773069 1.8561099484845467 2.635538011716694 2.8137309624768148 1.8043005823172085 2.2964074384564936 -0.42049125320198116 -1.247006781865817 1.0006677376378081 2.8048733066986364 4.763742287359552 4.774717434031971 4.2753477837715925 3.6369419730778785 1.0985107172550876 -1.818618251334118 -1.7765791310083796 -1.3451007777314095 -2.0042102309734933 -3.1516257814274837 -3.4937979484869186 -3.4768014401947207 -2.581355117327199 -1.5303664329365811 -1.8650712264961595 -2.5677712645744606 -3.0358644452587935 -2.7907693082000176 -2.112716388025124 -1.2735421381835441 -0.6283303071996403 -0.3155887977868424 -0.1904451741047034 0.321904389949961 0.4594560677820402 0.44838861587584483 0.27994249290915807 -0.02081719343908841 -0.09411555937743475 0.027452555161932277 0.028429469380729856 -0.23854437625516486 -0.8719339900319465 -1.5070036956797972 -1.462084056060736 -0.47074631462886574 0.9601818556846153 2.320757193341176 3.2866913439236294 3.6421283022079627 3.243001334032475 2.13053596618624 0.46690173310584165 -1.3165135027052464 -2.2438757071193183 -2.2865764382718385 -2.4459709693949665 -2.8554091104169568 -2.9330258007998427 -2.566951732729465 -1.8944796397259993 -1.1907030210450862 -1.1027047478560423 -1.6074124821183846 -1.9865306926116602 -2.004146953127014 -1.7184984519510262 -1.2297601661279502 -0.7765483288257912 -0.49316689498786437 -0.2376082424409631 0.2119673490960592 0.26652718485715426 0.22195277928838625 0.06748155137983604 -0.22139168510718568 -0.6212455867917724 -1.0909281767925973 -1.5629791601460576 -1.9519102335475922 -2.1330558215446898 -2.0305413101501646 -1.5902091194655752 -0.8322660218998127 0.1636482391768447 1.2148442537019006 1.9945670113938985 2.2931732839255754 1.9147624709664108 0.9142710553297334 -0.401824243417522 -1.7113222292769845 -2.49737318843541 -2.686518309787873 -2.6685673938599717 -2.5573741037332365 -2.2903003059477314 -1.893249115695652 -1.4212796191786725 -0.9918936053518644 -0.8579233123460489 -1.0179000823374071 -1.2172880135892743 -1.3306395744953912 -1.2702713572549933 -1.044399932183329 -0.7616953579303749 -0.5331256883713151 -0.24110044491656032 0.1298912976260984 0.13677308676287528 0.09409209176066753 -0.029907126817667367 -0.2629930812367216 -0.6372583294165604 -1.1106016919505992 -1.562717206668882 -1.8914498114062104 -1.9653436458652582 -1.7540521262067812 -1.3266916293294715 -0.7261326039048513 0.03155765107035541 0.8279653170697134 1.4285843288039077 1.6710725179400596 1.3754176365752546 0.5847170084931149 -0.42930364426186735 -1.4313640219887729 -2.0968199952942896 -2.3494295450948646 -2.364071724235772 -2.2146199269587714 -1.9350003585952247 -1.5782133792143471 -1.2020694907617286 -0.8840818683797725 -0.7575655380573824 -0.8229512602679664 -0.9504755215485352 -1.0546745477483186 -1.0354386308280321 -0.8842174481015609 -0.6702426489088936 -0.4849240430107074 -0.21585809599410324 -0.08113871909899742 -0.21912488150548307 -0.26587646281440996 -0.3453182397755306 -0.4425901041398649 -0.571974511411668 -0.7207737782267252 -0.8582556620518529 -0.9578279276441002 -0.9859240093356593 -0.9331338282356133 -0.811634011461641 -0.6355349141197331 -0.4223686970357266 -0.20557541547777944 -0.03644806047262831 0.03585166926119924 -0.06252228637620459 -0.3221728014366655 -0.6507718006522327 -0.9790204248841524 -1.2257382920307374 -1.358605988299668 -1.3916563808374545 -1.3350152519302563 -1.2045332153905708 -1.0262363848416618 -0.8404601762051391 -0.6788103128893093 -0.5771016315208124 -0.5367944672298384 -0.5237740556434214 -0.5124509073276613 -0.4677677378650622 -0.3865442117904556 -0.2889834402279149 -0.21033419288592198 -0.08176863422593503)
(UseCyclicTransform "false")
(UseDirectionCosines "true")
