(BSplineTransformSplineOrder 3)
(CompressResultImage "false")
(DefaultPixelValue 0)
(Direction 1 0 0 1)
(FinalBSplineInterpolationOrder 3)
(FixedImageDimension 2)
(FixedInternalImagePixelType "float")
(GridDirection 1 0 0 1)
(GridIndex 0 0)
(GridOrigin -94.8132432899033 -115.25350279752409)
(GridSize 35 27)
(GridSpacing 80.05897115830393 80.10975495793366)
(HowToCombineTransforms "Compose")
(Index 0 0)
(InitialTransformParameterFileName "")
(MovingImageDimension 2)
(MovingInternalImagePixelType "float")
(NumberOfParameters 1890)
(Origin 0 0)
(ResampleInterpolator "FinalBSplineInterpolator")
(Resampler "DefaultResampler")
(ResultImageFormat "tif")
(ResultImagePixelType "unsigned short")
(Size 2534 1858)
(Spacing 1 1)
(Transform "RecursiveBSplineTransform")
(TransformParameters 0.014446516049365702 0.7580585030977054 1.183861927450565 1.747164227475086 2.3678397565062084 3.0305520931228074 3.6815272820197364 4.332838009497237 4.993788624696157 5.669001620699569 6.362908120686042 6.985715964691222 7.4476199509176055 7.654202722022578 7.511063194754003 7.101786862595312 6.509983117831459 5.75474291159593 4.8551188287338505 3.8798361305083544 2.8976305395766766 1.9884828906439254 1.232377751754456 0.5904557512901829 0.023846428446454123 -0.4234018912935293 -0.7072433328785678 -0.8782289816706936 -0.9868322178315823 -1.0489679480840843 -1.0795227841342367 -1.0836642865168649 -1.0523382589066481 -0.9989133809071374 -0.7386211182237047 -0.7458513949082042 -0.1355652474686802 0.32888340134266714 0.9786374804635417 1.7184056037026045 2.5163995391350387 3.310332708920498 4.11284161792546 4.934327456481933 5.78136510099723 6.660376948384414 7.462323698070839 8.078179074246622 8.505559975005301 8.741816724887483 8.498016301179106 7.485547533089151 6.118647984702659 4.811827441979424 3.679579654376703 2.8359766379370224 1.9782808075178258 0.8038659312638791 -0.2946414344829495 -0.9242787714578695 -1.2200115736777164 -1.3176175907817234 -1.393407155696229 -1.6236583136667497 -1.871422877786839 -1.997526909648804 -2.0453304921206694 -2.0326045871389034 -1.967898443284836 -1.5007013968475227 -1.1616390044356557 -0.7083752141370313 -0.2722089687507164 0.3598952523287405 1.094832606251019 1.8948306851241723 2.7003054331477485 3.5114703362692032 4.327092001321277 5.141515831171123 5.949000821556783 6.672226589837812 7.234227044593737 7.846687435554525 8.679103475324213 8.877873147206474 7.429345605972335 5.3345664425830135 3.761590507900763 2.874092554474572 2.647894567894826 2.2000199007010015 0.5360472881274754 -1.0261914436306525 -1.5002277304681615 -1.3552214860693452 -1.1341369043667788 -1.1162390064980532 -1.5706792745596385 -2.1100305620662376 -2.3544126618410606 -2.4299174094076044 -2.4332823268047585 -2.3697358537320095 -1.8224230347338044 -1.6732125564052744 -1.4457001467286237 -1.0740264518655294 -0.5017278789741737 0.1924791327258807 0.9709889473197605 1.78643702006398 2.6114377171519267 3.417651519629914 4.169624243401608 4.833981090970454 5.367481503063957 5.745039899589916 6.451355937784229 7.102400864840976 7.999829009257952 7.754571126179471 4.736026765077057 2.603482869067978 3.423546609800346 2.5565118285205313 1.3689821049794355 -0.4331194750827673 -1.2516822947558 -2.4234404487655374 -1.4895582600974573 -0.6866997895407337 -1.109134289793664 -1.8361570072990374 -2.6088459574786236 -2.8871296671874425 -2.9177995784490243 -2.916431403244373 -2.856651030533121 -2.2135239261132007 -2.171215692327098 -2.196320939323542 -1.9283249847979682 -1.465059229525047 -0.8533370255025278 -0.11604631868336944 0.7272552096455729 1.6013362545695136 2.4307540176106675 3.1262693936428367 3.608855610797952 3.8297971680054332 3.7937488901752743 4.102738406464556 4.694995911144032 5.959357857976029 7.555071904169051 1.1382778331556702 0.45991484577936903 2.7075599698534365 1.6777957735926445 1.9747373949945772 -1.1648186686564974 -1.2140114648614606 -1.7377920092915162 -1.040673796503122 -0.022414951609224718 -2.02347881304067 -2.8766142755251467 -3.5726634890773403 -3.649742434181624 -3.477872547726594 -3.4204168739945304 -3.3660363153369133 -2.622169697924658 -2.609766218813406 -2.8909813870307453 -2.7719631606723087 -2.476854089435295 -1.994881584616856 -1.3089717522482274 -0.38478131592559617 0.6215406615362576 1.5511089567498761 2.2753298345881516 2.6748238586341153 2.666080692090857 2.110347885271416 1.3042987146548242 2.602745597948243 1.2061439309275919 2.956026766342179 1.078572869205512 2.0559994245665716 0.6956550481107591 1.437787179091562 1.463971992633529 -2.891043936311066 -4.074408984126405 -1.011708290101963 -1.3845862487938667 -1.847239089950654 -2.7118968617127233 -3.38216941773545 -4.158651993255204 -4.26009904857859 -4.015677397795559 -3.9496278632219894 -3.904602400639831 -3.052790607243236 -2.9035226271747954 -3.4144016616212602 -3.496533591120849 -3.4424338316110505 -3.1526904332823964 -2.5277684178574384 -1.4419569729532546 -0.182899540448239 0.9598563642162237 1.8679485931766964 2.3989520374701745 2.3820363147732917 1.6657162675087553 1.0983868522047922 3.012103195696688 0.5038300149530492 3.3400369625420914 1.5265212618870339 3.680684821877876 3.710381143047707 2.563084584632839 -0.8316694659807709 -0.39000329995862315 0.5808539515054748 -1.9470092525489604 -0.5174481290060402 -3.5088955746437542 -2.1701712962344835 -3.7646653241377117 -4.143396834525944 -4.2905118426417905 -4.386907136450998 -4.456801120727346 -4.427755104961342 -3.4694976095024335 -3.094001405411636 -3.752926209275517 -3.9765685539759597 -4.152008636360643 -4.17243069753626 -3.7081020564436455 -2.498299972919155 -0.9630974423905557 0.5351066469324032 1.7775681568354624 2.432497133304561 1.9407489154010888 0.9049279111892377 0.3890958711600565 -1.0909199447321507 -1.6475456620771265 2.633624863909184 0.35163140170842266 -1.2850182053621015 0.14163791913510365 3.2054920772059052 -0.06603705911047524 -1.764656198455162 -1.124483759018696 -1.9867172074253443 -1.136506464007965 -1.6867817970359151 0.2703277424563979 -2.6303962517099024 -3.506238898235026 -4.199030759251612 -4.680415924073474 -4.898554350660433 -4.879655059501825 -3.8256680027126526 -3.2198953461370423 -3.892124694536167 -4.09301177958116 -4.438950948108686 -5.261025647555303 -5.147681090450401 -3.5785269806357567 -1.6665134556772812 0.09269773482009361 1.7928850265565457 2.317476318876165 2.0918351342948074 0.6780152484847086 0.008447804442307312 1.244941365033355 -0.44770071634503544 0.06722006697040155 1.62487346545511 1.4710849911008146 -0.2604347059396437 2.7032371318379482 0.5929132661174239 -0.6123161001318723 -1.7844871702300809 -3.026406742765439 -4.865449902166972 -0.8636764115891085 -0.6448900787171927 -1.5427912135222637 -4.571055242607722 -4.461809639111492 -4.98097600210672 -5.227856753155437 -5.200782964555659 -4.071775506805544 -3.3558997946165396 -4.042900377274748 -4.140111072312288 -4.326073959494597 -5.334295759943793 -6.46034751658267 -5.812940743804299 -2.1502787147565585 -0.7438501760497436 -1.7163597203617065 -1.061002993522255 2.580475642244104 -1.826063687355192 -2.6147668117086296 0.9035484700512583 0.3149682048405779 1.4880849843068535 2.7985852626595342 1.716930475075513 -0.34343281271171716 -0.6198937447423734 -1.3628530960173413 0.6396781143231924 -0.5587888636463014 -0.5588590515031 -0.17991605882183026 -0.6708455657236589 -0.3813841491670518 -2.8275662205242247 -5.018152848782191 -4.562126928906259 -5.0954855249305275 -5.338778400180124 -5.310084421220432 -4.155973713543114 -3.576486856712075 -4.3998413940936505 -4.579982100274821 -4.607239919960159 -4.424303751798068 -6.699969575655889 -8.976310352245983 -5.102232781315733 -2.586845878938268 -2.480921766583202 -2.141509984434455 -1.1601857078131292 -1.6753572439491473 -1.0008166334781536 0.13902775121179348 -4.712163293195256 1.0149343818995247 0.22267081174714956 -0.19219516456923527 -0.10858369233915145 0.3317803366935112 -0.25634255414679935 -1.6992585727948022 -3.123663647629195 0.8119309837705625 -1.9258592312611176 -2.7837179598024506 -1.20243984294987 -5.096119186514616 -2.635469402181979 -4.146537735477909 -4.833053023054543 -5.125219625659576 -5.126175920040303 -4.026237089977264 -3.83098049040792 -4.797273659126822 -5.006339905804569 -4.836391664280198 -4.7095212419471535 -5.8490680356558835 -8.738843998674747 -6.561412675980832 -4.663224815331425 -0.09325702536556592 -1.479835248019047 -2.0070974653012916 -1.4983399734652285 -3.3264842873060267 -2.422651079485542 -0.280364575772145 1.39206081980481 -2.061949872674528 0.05898163667342856 0.5941596520727526 0.8197733754926771 1.8161597294045184 -0.8271167455203302 -3.315195874870329 1.070220831490553 0.3358728762316192 -1.1169473245350734 -0.8070075986669961 -2.9525081749298256 -0.9992644735602874 -3.483343366734078 -4.280094265903344 -4.649348252736363 -4.701399006925922 -3.7235115017428315 -4.068663531823747 -5.050969575610814 -5.4707918495125245 -5.36498563115058 -3.950895701656425 -5.54953286500459 -4.981595323919616 -5.106032959106137 -4.962312507577767 -2.056366068888918 -6.958440176268345 -1.991175057389705 -0.21659510663305861 -2.045932970547736 -1.7569525259901 0.7155080818588084 -1.413208535686886 -0.8258380826279206 1.5790184912088194 1.0741062329360958 0.3865420822059816 1.8775986318961888 -0.4391466297857284 -1.075629753296035 1.2734363003010805 -2.1985506096395024 -0.675929402078898 -1.8400092297166613 -2.3121658223179726 -1.0869724745601979 -2.6334542943408827 -3.5216449650288935 -3.9746731311328127 -4.088171993955509 -3.2886999315939502 -4.349784506801063 -5.197547141584675 -5.202297751218831 -4.244250052934845 -4.462381387547188 -5.595744202057055 -3.7716092489457855 -4.0482998181248755 -2.5613749580046603 -3.8646205003834035 -7.960656045834768 0.7633635100250578 -4.264544541179463 -1.115860400363494 -1.2594973304140682 0.07332729633177962 0.3958900398657988 0.614749805273027 1.8033073907056316 1.714303967868019 0.8361005405344778 0.7765780703874768 1.8594856831939537 -2.8784562854022577 -1.8071535127392784 -2.127017852881492 -2.2613202933565595 -4.439484932932529 -3.480451989252509 -0.4655640079293656 -1.6006368678436296 -2.593218646935876 -3.1401262658938975 -3.331533532174102 -2.7641296413775573 -4.734577015840955 -5.284221988453984 -5.303502563946986 -3.8944442726087645 -3.4122882184410446 -2.4905786499204554 -4.9834897483648 -2.4918006668403234 -3.464397247271177 -0.6583322113182856 -6.852713460425803 2.48284557507197 -0.029729535359202055 -2.0241572040530946 -0.79480633536927 0.3725524851145667 -0.5560098012086024 1.4607101653910897 -0.22407268087469112 1.2837205516803663 0.33121683386779477 1.394112498259208 2.8277746738619087 1.591638215475187 -2.7210478641642943 -3.6716544931812978 -3.9624066205131547 -4.813981052714631 -2.004876166927293 0.12012227526218713 -0.48318143008226005 -1.5326237690494913 -2.184632466177605 -2.476820602131947 -2.192058254883754 -5.0323192815271645 -5.364734946685218 -5.075108721193927 -3.9271366060952775 -3.502276552022675 -3.497070579364122 -4.298925160011442 -0.7960472482349717 -1.9524153772748452 -1.6150238203616296 -5.177519053757084 0.19191746654352526 -0.6859096644016197 -2.4371078857239183 0.7040208641361405 1.4357742177374138 1.5536991448967594 0.9452969189705676 0.25414828069910533 2.492093303292766 4.054679938620332 0.7482021961756465 -0.8664093125986255 -1.203971133727661 -5.223543172010121 -3.367088761165989 -2.6489448307210006 -1.4699772354957152 0.11658697109248871 1.2404649260798597 0.7762054328019561 -0.4264950641474223 -1.2140683295369217 -1.61190719137074 -1.616486478736311 -5.0523267519658255 -5.274255824892046 -3.5211356636078857 -2.6342286341989616 -2.8021309646233923 -5.234510780325361 -2.6873908227326364 -1.5510775316087362 0.6994916911864602 2.6460162175196884 0.21230142019736414 0.13680089140215823 -0.7343821393994191 1.1772797838015314 1.6485803550184255 1.793581584786031 0.346765870727409 1.3987606623001756 -0.7986142766430028 -1.029624764835597 -1.8775545746439846 -3.1442131040561465 -3.2742838159355303 -3.374933185499287 -0.7848933842624831 1.4504110524084413 1.6189978466581734 2.941432729757844 4.493639979591308 3.716620331633387 2.1802053900802205 0.6365216857123304 -0.3348426908566678 -0.8243696885960957 -1.0813776637451802 -4.433476746215279 -4.80618972503742 -4.508382798550173 -3.6122769676339987 -1.9722138297448573 -3.356040791472549 0.17425452600628197 -1.3174301651850013 1.5343971476092813 0.30501217289637034 -0.36365174944556167 0.8421894068395124 1.100370405697396 -0.24934127803085296 -3.1533627158994118 0.9314933641305089 3.0459872178978125 -1.7526182794425396 -0.2310603503755086 -1.9966313121589465 -1.0262927124311523 -1.2259370108061487 -0.03620905980528495 0.25570993153823024 1.3924602695828665 2.774924636069574 4.530284685846977 5.749131609121698 6.592600243995942 5.418092688250365 3.095007043537228 1.371417736368871 0.3196195540595988 -0.20875125364394648 -0.6287510889966225 -2.814607446791713 -1.923806894606035 -1.5971851920489932 -3.7734004219833115 -1.750755099002036 -0.4262766108427602 0.10196179432768483 -1.7074677274948402 0.8063812875420722 3.849037763630718 1.3860890652147637 -0.36130591718939453 1.5691722727732407 -2.074846122013724 -1.0614616944233792 0.9818503215126635 2.6840386089934305 -0.6644131315007333 -2.2705686163592147 -2.0096836046528317 -2.7066054832102786 -2.1943272087812047 -1.004249472694015 0.21262234478715722 1.3354164336376246 2.85104047628675 4.375513924426628 5.346550294154327 6.392638020360191 5.165915056202041 2.8688731067893025 1.4974107460068014 0.6170658787270483 0.14023710373694043 -0.3006661164027146 -0.7063457068820912 0.9878460394166673 1.756859493664498 -1.251045818715861 0.8433660979617731 2.287780015472239 2.629699283533673 1.305147352585781 5.032600287503274 4.747030621313225 -0.3098707306708366 2.5963461912386725 1.877554282083291 5.25949238506919 0.5111008241481174 -1.6667349412657693 -3.3485901357899444 -0.8634543383555914 -1.6351118256689214 -2.5108711266837345 -3.1428200477589825 -1.605287975778231 -0.6162132290296264 -0.22835802082333007 0.510447913831569 2.112058471376513 3.116936650357661 3.951733548295587 3.725941676324408 3.0683849944160233 2.0873099868904266 1.2689234232770044 0.6658502733261855 0.2942505835106938 -0.07160406584225526 1.3801800710563996 3.7236006341358854 6.8317901579342 -0.2756114830438631 1.0799011914352075 5.454477029630612 3.8328162783781816 4.014728907655807 4.4722512759090725 0.3724594049114223 -0.8771009669346578 2.3715477228577524 2.080340671155559 0.9537444991034392 -0.45365981406919625 0.05636030129424888 0.6851788210850293 0.20783360020556518 -0.596042168755471 -0.075144785713924 1.13836080518674 -0.29065057855550963 -0.6961914146995598 -0.7809403028577316 -0.15880383725970168 1.0706798383268583 1.6767135590869626 2.208300558152896 2.0524477146897127 1.7835443075190864 1.3861653195746857 0.94405488433689 0.5739832502326785 0.3244504042833629 0.08390965308104546 3.224649912757859 5.473067629505138 6.373704886785085 3.28898277024368 3.280608086928364 5.011714768414907 -0.5997675924303008 1.189953847205818 7.97328712591307 3.473872547443095 -1.092647204196844 3.506734471400568 1.419764981023182 0.26063701147563323 2.7682809070885646 1.5743849082831363 1.2238009247588357 0.7856091279627648 -0.22442342625101463 -0.06096955803002338 0.48201997145873304 -0.8982692545747285 -1.257261524949794 -1.2487560896831462 -0.8631504665127425 -0.20177169494130348 0.40380094489787266 0.8001730982576668 0.9407243021598761 0.9313777648886236 0.8020237389278383 0.6080885462687212 0.4257324477765796 0.2958422525625771 0.19250295269463125 4.604296201994502 7.1791456092487325 7.15864696307573 6.539875063071106 6.465183063442037 5.829993881104085 3.209536658064667 2.972017297400952 7.195134946983915 6.262615627591381 -0.9890626452852574 -0.2393963101202486 2.9504534207403252 2.992040563542884 1.6335646485802324 0.08136040009100533 -0.33440698986568534 -0.5145983357769915 -1.139540703384161 -1.532233707482241 -1.1657577016438971 -2.0277160035625585 -2.0747970236657625 -1.76942293960586 -1.3864413285215949 -1.0193622474632846 -0.2830915780891976 0.2637949592416512 0.2641848182040379 0.3356715257143841 0.36600835604996823 0.3444215527120036 0.3057064303330216 0.2735519290500032 0.2806352150644788 5.623924851143802 8.403298556204156 9.029328837254715 8.820987577968857 9.272409800491301 8.527832893256033 5.727649722901699 6.986890694611793 4.910358270037281 4.859114733729945 8.949485126202134 5.446898020234121 2.9172705564950374 2.9468522944334423 1.4358311924521916 -0.21823065722680962 -1.2157456567313476 -1.8821980308543629 -2.5386690447077496 -3.025018824312586 -3.1280725258828084 -3.3246384588757802 -3.175598363619609 -2.82697714130517 -2.2799953991978947 -1.6288330378894251 -0.6683383676790929 -0.0055492300422402 -0.2393962253416073 -0.10019665589139137 0.043182784922632694 0.14291965391312514 0.21226559664437025 0.25670863080065215 0.3487313089636127 6.344953127880382 9.127644820297437 9.913166537163113 10.211322751858779 10.186720691934905 9.833915349132731 9.21395776236058 8.483382367679694 7.109516862482187 6.076061936120905 5.761208151114883 3.919632994024728 2.867789093611551 2.1047530735237316 0.7373859354778433 -0.7550755029693272 -1.87013086469367 -2.701517366097415 -3.345105778945045 -3.782769941659007 -3.994683140739208 -3.9834390956766192 -3.7549055157664193 -3.327599041549629 -2.7606378829218623 -2.1386374236751644 -1.5202716159845695 -1.0132837828001842 -0.7242010075054086 -0.4422003169070216 -0.19999884985984148 -0.006961929612267726 0.14328994455807506 0.24387864722586955 0.39501321201808604 6.687368603945458 9.347863272085819 9.961595539357804 10.338593198561204 10.272124238408164 9.940955329857704 9.376903430695068 8.567519797850476 7.511709500147472 6.3023816734326426 5.014116567567995 3.729031988362106 2.538364346998586 1.3421103600713415 0.03519997064844883 -1.218710262832497 -2.2550958439740807 -3.0759108985206933 -3.683225870352881 -4.073832147678367 -4.2445362967566895 -4.197220937527618 -3.9336651440884594 -3.511060309198689 -2.9864375191338923 -2.425650244867327 -1.8946366365762752 -1.4127058496599472 -0.9989595967113072 -0.6450154915065949 -0.3417727439519705 -0.09391773922372185 0.1030545768130777 0.23540152330438205 0.4168045818128426 5.971003605464683 8.058322865150002 8.418914856283402 8.615466779951603 8.614214018428124 8.440676666877987 8.005736904933743 7.337225314078235 6.454677412422364 5.417979129008026 4.286361046511961 3.0721015611806997 1.787391008889711 0.5359827778082094 -0.5782542642439598 -1.5540614707237794 -2.390216284783443 -3.043437440704337 -3.4704423935526014 -3.6942055119341983 -3.7377128891275517 -3.6229193282057595 -3.371829036256386 -3.0237625872584846 -2.618038465240217 -2.188104418816762 -1.767371415368476 -1.3652458070984281 -0.9910713747422032 -0.6522316749613218 -0.3555489783443827 -0.10832821552815103 0.08997980554418863 0.22221184310566724 0.3805957778914703 0.057050279611147364 -0.8006935298768794 -1.2836547328745451 -1.920128897840847 -2.619882077269452 -3.3666616041224056 -4.099811308520451 -4.750040700201884 -5.244855754309392 -5.506001720516755 -5.455003612220373 -5.198729327342345 -4.844029354725486 -4.487539339590716 -4.225904867957308 -4.055772959326223 -3.9737784293894025 -3.960515039639382 -3.9965788144354213 -3.9861983251479893 -3.833591843655374 -3.4458720949701824 -2.7301581910133352 -1.8849122503215214 -1.1085890243318337 -0.5717009394219401 -0.4447732026023816 -0.5687695239624792 -0.7845706016635295 -1.0574251840599054 -1.3514914728635412 -1.6365007650336865 -1.866879545045811 -1.9884956432830456 -1.7340639586009288 0.38942610479987366 -0.5305617787203655 -1.085235320791783 -1.828229869677045 -2.653986171534488 -3.539467531151748 -4.414466734885399 -5.193702669700977 -5.7884449089965475 -6.105230303491193 -6.050343173700954 -5.735506246229007 -5.27234125269878 -4.773472983470934 -4.351646242395881 -4.179118129693997 -4.427900340334111 -4.831872739858455 -5.1250019701473954 -5.18556454132111 -4.891920731654454 -4.211099061123506 -3.110156852721284 -1.8141838060022824 -0.5487506998116192 0.32552382953086667 0.4482358585740705 0.1677142984976235 -0.167684858329491 -0.5450037313297924 -0.950638891586222 -1.3420034153216385 -1.666470317353458 -1.8567616147109682 -1.7060586140221472 0.5737108959048726 -0.2545782647767397 -0.7789271135034148 -1.488566567796927 -2.2822984344164503 -3.1354693842347876 -3.9812166582046236 -4.745822099694186 -5.352565750232971 -5.722777186398494 -5.7773376700662755 -5.559939897221741 -5.114876207155293 -4.531013883555838 -3.872618130700147 -3.577935140152247 -4.258249888944504 -5.113742045247929 -5.626859850269977 -5.681065654229803 -5.145981185582274 -4.2724462109189485 -3.3180971995155257 -2.048111495753607 -0.38769896664273545 0.6085595084807598 0.6219599140685308 0.4274519484122286 0.13616226524537017 -0.23276156144684468 -0.6468482030395939 -1.0487602678715642 -1.374788395776611 -1.5675583417468764 -1.4787127335592622 0.8416052507996743 0.17947541146688975 -0.28456406220824326 -0.925028893969374 -1.6510148588420117 -2.435438267681293 -3.2180607367001306 -3.9448821410023345 -4.559476015760687 -5.011164921636685 -5.249459209320042 -5.209314116850695 -4.859978074520543 -4.3406501425530974 -3.5034733325619767 -2.652862279980569 -3.655709626044267 -5.369321943233681 -6.920006571647799 -6.492304982748515 -5.61238936841183 -3.936894985977859 -4.038650580087651 -2.271557687430234 1.014957946324145 1.5144068855112889 0.6774118024457259 0.9088191319485591 0.714429471362155 0.323930854609476 -0.15811775659373203 -0.6204696888482647 -0.9547758603824757 -1.1405828095960753 -1.1260464805437789 1.1848057640294312 0.7428965363120418 0.3565321164582597 -0.1967203356042392 -0.8391590705710407 -1.5403444346472541 -2.249050586064677 -2.9328528135745677 -3.5583773814576016 -4.107320731660499 -4.570890584842968 -4.750776347923377 -4.543833656835325 -4.518704904977649 -4.731235453255661 -2.228211774606322 -2.336218116082227 -4.881356580975251 -6.94777464611481 -3.302026439096022 -3.9904920938409334 -3.495960244701128 -2.249320309900435 -2.4343304587931063 0.3752300364301801 -0.5911170391721787 0.7394514717570492 1.634582062603127 1.7288829610612937 1.2158357480709248 0.5178169915791885 -0.11881188233742805 -0.49373742989793606 -0.6664507593470378 -0.7185749861286715 1.6232645937963879 1.441364848379435 1.137177238869165 0.6685700987118937 0.09916128867621554 -0.5395914476760172 -1.2073015465093406 -1.8734781711262034 -2.507200548130719 -3.104886665328188 -3.683113739397014 -4.07683396577918 -3.9790085696586255 -3.9351885920311194 -4.751184272636734 -4.108808739230671 -10.240655051816775 -2.9126112473343886 -3.848068185606307 -4.111652719053584 -2.61918729266858 -2.168192910294963 3.036806842896796 0.7522913241098566 1.921677587938696 1.3461811267727584 2.749601626132836 1.3569574623794627 4.039930276404476 2.307600292383175 1.189159655763704 0.35537940157043285 -0.05922064531291257 -0.2085416906716448 -0.3041263853771326 2.1596961031814965 2.267696935331991 2.043674856739481 1.644601058751458 1.1161871950753086 0.49131311906021524 -0.20375129786861895 -0.9003271534276724 -1.5267786448146305 -2.0523253399233212 -2.4319008176877324 -2.9844909285459726 -4.796255096764726 -5.729446080041735 -3.6875001152039317 -4.854008161873433 -3.1182546004316714 -3.000855265292545 -3.684028313721565 -2.843876434784723 -0.8171459345778728 -2.0130910267527264 1.8054880219585234 3.350403043666082 0.541444869545236 1.370626732080136 4.420860600854111 -0.3066039235553432 5.614251983360523 3.0461172179315494 1.6273733941323 0.6864154696166189 0.2725362793324215 0.1646791428786142 0.06972272498536694 2.7674446980990726 3.149955327521306 2.9666121080427152 2.5969716683082162 2.0528277434171867 1.396035320004585 0.6688422182421684 -0.04386144011786113 -0.674079441356061 -1.1501410871939524 -1.0928870518021654 -1.8001622708003593 -4.467850915971794 -4.671453482427334 -4.038689427169892 -8.451079485779461 -2.0876783189555406 -1.170217905803655 -3.154295166142218 0.06098134388588322 0.8857866638375077 1.5796620886526458 1.4910928553282523 2.507556908801223 3.4564446414564016 1.712369988391845 2.087159348378842 2.695471216526158 2.6500194259372005 0.9309911063835051 1.6546918322452937 0.8727101606645488 0.5448797401627549 0.48288448080848245 0.40539098510895444 3.4186256852392662 4.014183929126028 3.798251538394679 3.425123859914521 2.7761798687343684 1.87780060791486 1.2599586151190334 0.5970231144605432 0.05765182885531418 -0.14688598704199154 0.13356123935578837 -0.42118845220679896 -1.467286733256856 -3.463829640807753 -6.739793508159597 0.06939360178599581 -4.379199248400596 -0.7795378686914375 -1.881462586397914 -1.6976283271835189 0.16934824551419927 0.3238080763456185 0.879472530325723 2.6186051314462095 2.176091246195335 2.272341144442917 3.0609235255787404 3.3737347249147427 3.421001705903648 0.7624363214638606 1.2095322102462804 0.9166442421803643 0.8007122284585891 0.7755493037262311 0.7053212339182506 4.068900434630153 4.747121342979898 4.48001676205771 4.059075555013961 3.25095045823176 1.8733746623444465 2.067049001993383 0.9910297528765588 0.3353220828776949 1.842183553123936 2.2458940274034243 -0.7573219127941272 -2.8761729253163835 -2.945163255471735 -0.5991303497340351 0.9734150433800184 -0.0010965345462005084 0.9502516639350576 0.14513068034725474 0.21995155938140953 1.7907876498289395 0.80487347067905 0.8364079766852079 0.8762186808413119 3.6087625303145865 4.025071476132778 3.897001071444678 1.7565726746912556 3.3475058382105063 0.8377630861789264 0.8594366840432816 1.0538480847067906 1.1079645043465258 1.0796488053835942 0.9718273057272662 4.67386724754329 5.217454932544607 4.777347991604608 4.443029497708501 3.288478562497732 1.9798590945129257 2.84557867543991 1.9181544527162973 0.46183308040714505 0.9727803370512236 1.0013437213363905 -3.0309658007843083 -0.04181846325573295 -1.766431036745383 -2.86125318046589 -2.2746518024271145 0.09216775950439762 0.15449730023786332 -0.5802595740110064 2.420864196033328 1.1080747773059085 1.2451230144152767 2.0938817156217504 1.2742660307009739 5.368391011066466 6.660291846404261 4.967107619535671 4.459465326151058 0.6598960056685654 1.2695732063231058 1.2681829194591958 1.5164827671881793 1.5350686171197683 1.432076073388853 1.207224463974797 5.22027307865078 5.4684110188025 4.6832507928043 4.239440435313157 3.58357064610529 1.4654838963008139 3.669652816483997 1.7876718223914199 -1.3215342471782445 -1.9661101207721434 -2.563702628136724 -2.764427771348908 -1.1781380107944792 -1.8631631795310977 -5.151679516993078 -0.2635814028741031 0.50501894782351 -1.8659118121558957 2.8278484155151133 -0.5157872966712099 0.17310274557052058 0.20705302536044407 1.5648406687346488 0.45274947087217976 -0.4715293297463419 0.8084960329614119 3.8874575561311686 2.8838402746157077 1.7932928778644153 2.3260075299433423 1.967976205374729 2.05321959017691 1.9320101717345015 1.7394555732573347 1.3902988288915659 5.694851691464594 5.544336910012416 4.3629650818679 4.139814201066221 4.902269675875266 1.4082520005823207 -0.3994642411737066 0.021578898304966822 -3.2308328243902507 -0.9690526740585765 -0.9782615258848777 -0.5158391711951308 -0.049601428272594186 -2.6221338947407897 -5.292989677749827 -0.38353409952941064 -0.8093177975040338 0.40201334927840926 -0.5489017212865397 -1.7594651179148577 2.6758624750816877 0.9367288286011686 -0.7338893146184706 3.9690416875364147 4.594956080523213 4.562742336250359 0.065285701126451 3.4403449402274524 3.163704443775676 1.2316335900954258 2.55218322546461 2.407542449260609 2.1480454849396975 1.9085584423337267 1.49981923256372 6.140768434946425 5.670125180993445 4.538471262595265 3.616395584010173 3.3971714349150837 4.9078146789970765 1.554461996192828 -1.8765345150567407 -2.4388003652430004 -0.46773334069191763 -2.183147166982023 1.838832937591904 1.4998599077475585 -1.8190738806996025 -1.38562783708794 0.42320785430835006 -2.304528141301535 -0.8624467760989324 -3.7819492603192923 1.3036615166499774 0.207677150136893 0.2918293930891414 -2.1633086065957556 2.112068212051799 -1.7943294853025067 -2.5796874436016224 3.0099895338178837 4.603823997866751 0.6997237820267058 0.7676538779444043 2.4887858597256995 2.2803459140641626 2.035764651302723 1.8468852163491847 1.514387562357117 6.601138260664116 6.0413092148184875 5.004514554856173 3.1193787601471294 1.1441493591585976 3.0885623399143736 1.935549847524272 0.3551098001382497 -2.3655601034897207 -3.5782144582803967 -1.0471856042897998 5.576286848474138 -0.6162577690055167 -0.8625703082921122 0.04167974666187877 -3.655667850433617 -1.9780533514784076 0.16510178087882557 1.7802893754348659 1.5289234098609497 -1.812382567242064 -0.1360295533466989 -1.2831279429259173 -1.927015800269025 0.5490069662375471 -0.7995806517071563 -0.3245357677006197 1.23290981432982 0.39937534239101447 0.7279878602919192 1.1897905346063307 1.3750215881533676 1.4501113089486646 1.4624950658060083 1.4126078563547766 7.106718327967401 6.557750677279882 5.007727789793999 4.055535902399878 4.409740730539151 3.2690698616163343 -1.728979761338675 1.0193582139219877 -1.693341024501581 -0.9953108856234603 0.27669244539898014 -2.8883423482897297 -4.402404956068102 -0.2590514878039022 -1.3784138752048296 -2.678109502599024 -3.733278030581596 -1.5036101970221296 0.5064547489447009 -4.711843815923257 -2.2526436485033865 -0.9310320948335213 -1.5339050314075182 -1.7243576224450987 -1.0215481859465678 0.11394071400773159 -0.4236600508134548 -0.2732933192104089 -1.084395429208646 -1.3504600842860703 -0.7733178096909495 0.06567339155079166 0.6031348668952412 0.8954287929280883 1.2344034904065186 7.68832094934325 7.212110736284538 5.2911368238191905 5.930780581350333 6.921774226781757 7.321607213532222 3.652332645238453 -0.7596350586837946 -0.7178220023559223 -2.105861892526522 -5.221715157102742 -4.008456652482788 -4.5239116359741045 -2.5653289363277314 -2.322391243168408 -2.649107041012249 -2.6187858701695848 -1.5753829978210887 0.7542168218742713 -3.3519159452482192 0.0012661815398079495 -2.3336405153392663 -0.30612400620344155 1.2551096326002062 -1.4458249632851061 0.33745087119636547 0.3714054977035161 -1.2585086417500388 -5.021219653074764 -4.352852740655412 -2.6810881795205628 -1.2667768560513442 -0.29190971640291474 0.2851073388722932 1.0196476632926763 8.375698953987314 7.967478013211781 5.026361174327512 4.618819541176158 3.4273831971572686 2.929742310741807 1.0871414966587993 0.6409034372119254 -1.5370023956815093 -3.303437203582529 -2.86016773897908 0.2553770148314985 -5.151697922804969 -8.130701722044943 -5.05611553921713 -5.149659419742368 -5.570563146308702 -1.9781165933830862 -1.5983851138473912 -1.6785960282118992 -1.02236403028398 -1.3996388099256825 0.8982174822178776 0.4088539957552752 -1.012451216483959 -1.0534858786161416 -0.7758634590503369 -1.640462088665635 -5.664826457530557 -5.963157264250333 -3.987337178132776 -2.2639101860805075 -1.010591241186151 -0.225713995192945 0.8074325579006723 9.198488470228781 9.621336918790506 9.852252515395731 7.437437261804443 4.2020761689910415 4.573038338545037 1.2348573371836642 1.4819533180669149 0.47620796000354537 0.347912859918266 -1.9363873039234702 0.6139258459444183 -2.6261616033848405 -5.3390228295942315 -2.3823774715970725 -0.33523766399490296 -0.2852216069207458 -1.3878278125020254 -1.6461702062081962 -3.324539692167335 -3.2041487497617616 -1.7405951259121586 0.012449707991143638 0.10987078914779216 -1.1400988553913196 -2.086998603464775 -2.4282513462566597 -2.692068997101007 -4.004198483046563 -5.519507672445772 -4.148795414285421 -2.574757181841956 -1.3302357471121133 -0.49434260601861546 0.6368552644520599 9.96377139833556 11.084394222455494 10.864077504746003 6.908048306718381 6.965996941866377 4.327240397360494 2.226019798570408 3.0324721808715553 0.687942979703747 0.7786311777391405 -4.420365486033899 -0.4434107426060687 1.455031289900337 -0.38534267919468707 1.5973925346234157 1.1755436456000785 1.604149430360573 -3.4914508770367876 -2.2455201392941357 -0.8261937322438355 -3.9026526147432223 -3.4047041311081596 -2.4641511069215074 -2.187082294287004 -2.542741620988025 -3.228936871941662 -3.7749679430998193 -4.504445237791888 -4.386164062108812 -4.447279725725804 -3.6595730523879744 -2.449875277608593 -1.371543743296026 -0.5898889637547743 0.4976272970254817 10.478322074453756 11.501314616754653 8.685927314213746 6.404516722733086 6.314148562185166 4.388899486265972 5.299336458756434 3.8911659336208024 1.3437842285254642 3.0875991088865313 -0.3387696263558951 -0.4178416510154681 -0.7221410343865623 -0.38916032755896895 -1.77634792099205 -2.4798001128373337 -2.7506355253327652 -2.6971537398302776 -2.5479535621928 -1.8590234820417588 -2.329575553297484 -2.9226219461454055 -3.4812687032169216 -3.5842865496002156 -3.3578826962848507 -3.23952663799508 -3.75289652309559 -4.354815504727721 -4.071566239459616 -3.7327441616197743 -3.0600706227706933 -2.14218178058736 -1.2557148031082965 -0.5810250211063823 0.37945854039643306 10.723564003288137 11.8468579933152 10.273086694470654 8.756750746508265 5.1318444962143435 4.031068412324281 5.458286381579118 -3.17971775928429 -2.0086097238563614 1.1158290580588028 0.389796947290175 1.9247646085405083 -1.0306786069552127 -0.18921679124656768 -0.8327274518339998 -0.16510707603432923 -1.1889792869805205 -3.168448838478053 -3.3191823859689786 -3.3892217155878313 -3.814562074517572 -3.489647213375727 -3.514117925764453 -3.6439040330668013 -3.5546936056407272 -3.3626475846875654 -3.3379038599985593 -3.3716765589419797 -3.3808800826857603 -3.0574718018233447 -2.475860630279905 -1.780400233487034 -1.0781348485845992 -0.529481815191915 0.2698566688247326 10.67078687849835 11.778103290452107 10.80119938247379 8.682087602554478 5.503913899144823 3.237569338582652 3.6020828866159973 0.09307537948452084 3.0459429741966093 -1.8888724371182737 -3.2208092009505993 -0.5849687155402172 -1.2418194605667945 -3.344267268022271 -1.6593211048767766 -1.453629870817284 -2.023983723702734 -2.6120492696974447 -2.718674576526218 -2.905929611131297 -3.531035870815262 -3.673966664185465 -3.264533069286019 -3.3807929405179986 -3.1692575193489225 -3.2537655008358293 -3.3885614608740733 -3.434118263366753 -2.9762405342719407 -2.546946856098369 -2.0386924425469495 -1.4892519429040336 -0.9331454980169946 -0.4966872409549852 0.15602036744600942 10.391674713130769 11.360845311571648 10.25224765884289 7.985428767857564 5.3760439098378505 6.849486948084743 3.8986110198516957 4.002317791513948 2.660278824163514 0.12874207595775758 0.43102927333259783 2.302004827195601 0.18475675430386737 -1.0594933461256102 -0.9818993069906645 -0.7979953772407986 -0.9583911899344194 -1.2853951877123742 -1.6556604318493569 -2.0749508492895594 -2.556045604413221 -2.877179415057726 -2.7092411307820945 -2.844381193304057 -2.800300846459276 -2.8588705912717423 -3.2574390738050085 -3.367578688300915 -2.6136574181566328 -2.1469601677333956 -1.7000609076234845 -1.2555650616093847 -0.8177369402807557 -0.4774606965048838 0.04807559043784714 9.82303570624734 10.551715447315672 9.47276944465468 7.824681009080282 5.677467060970458 5.232758227590288 0.47380596407586967 0.19047861850344766 1.706546609557309 1.8291988871106322 1.721908679800097 0.5328677787706837 -0.6201991890197129 -1.2816720749076302 -1.2841083866067167 -1.034420515765712 -0.9116090652340192 -0.9459185904783698 -1.1738244891836334 -1.50138843325928 -1.8330612798683084 -2.0899062878400034 -2.1807292890760968 -2.21936791111582 -2.2481779883278783 -2.2898866178767503 -2.374278582182729 -2.3401239365024726 -2.0546830571326256 -1.7244119750054583 -1.3820960421168231 -1.0461350602292823 -0.7176853122231756 -0.4619398637605157 -0.048104114400886695 9.142801682901204 9.657021372091473 8.771066239068018 7.340510299859556 5.719258760979802 4.17856817913967 2.8270086470242393 1.9800408058312549 1.7800862679261409 1.483950575521917 0.6854061930756784 -0.3142382071042101 -1.1960180022374833 -1.754837376010845 -1.7855240289378944 -1.5318560925676186 -1.2372803840106434 -1.0201551429541131 -0.9988161840889885 -1.1064236305371085 -1.2762331949234982 -1.44718029570712 -1.5581462680072837 -1.6347754379059865 -1.7025357865467983 -1.75280807628713 -1.776946218709723 -1.7348944743278418 -1.5865927990761233 -1.3717106072707075 -1.12872747122805 -0.8817948947791843 -0.6380993607664422 -0.44588228169227156 -0.11700184654165341 6.651138690246353 7.003044386970197 6.499015043991709 5.636866857958192 4.5819870232543725 3.4967193432984227 2.519525304408859 1.752818294534513 1.2972247744507976 0.8674203785872318 0.17797536721855156 -0.5423307635253468 -1.064471816143969 -1.3382733548264423 -1.3136805348889835 -1.094279087113862 -0.7836318730869885 -0.48841054507371495 -0.3152948498710548 -0.241981502339568 -0.24617609244640343 -0.30496727356137243 -0.39544113920646196 -0.5007368859809752 -0.6040018367478512 -0.6873169090564256 -0.7327464070913796 -0.7416757003921561 -0.7154412388087162 -0.6624597155412861 -0.5905597082442678 -0.5113941445486392 -0.4284108699022964 -0.35797828702856727 -0.202173057417227)
(UseCyclicTransform "false")
(UseDirectionCosines "true")
