(BSplineTransformSplineOrder 3)
(CompressResultImage "false")
(DefaultPixelValue 0)
(Direction 1 0 0 1)
(FinalBSplineInterpolationOrder 3)
(FixedImageDimension 2)
(FixedInternalImagePixelType "float")
(GridDirection 1 0 0 1)
(GridIndex 0 0)
(GridOrigin -83.97226575758191 -118.61426016592297)
(GridSize 28 30)
(GridSpacing 80.01718537070798 80.01562703913281)
(HowToCombineTransforms "Compose")
(Index 0 0)
(InitialTransformParameterFileName "")
(MovingImageDimension 2)
(MovingInternalImagePixelType "float")
(NumberOfParameters 1680)
(Origin 0 0)
(ResampleInterpolator "FinalBSplineInterpolator")
(Resampler "DefaultResampler")
(ResultImageFormat "tif")
(ResultImagePixelType "unsigned short")
(Size 1994 2091)
(Spacing 1 1)
(Transform "RecursiveBSplineTransform")
(TransformParameters -1.4595090933422539 -1.8145498755180394 -1.8135135680211665 -1.7968501940589743 -1.725882476368225 -1.6388589152237225 -1.583556407153797 -1.6622927050867278 -1.911271766912316 -2.3317019231597986 -2.862845541254577 -3.357387222666028 -3.726351544413374 -3.9089019546984116 -3.870326174941053 -3.605526530775447 -3.121146857056205 -2.425610188643326 -1.5975419649343667 -0.8090451500077551 -0.14684020492652733 0.35396572174582014 0.6920776190500788 0.9186344148420658 1.0642968178846557 1.1455849194810517 1.1964154438014913 1.0426762892564994 -1.6158330100216403 -2.255642543884932 -2.366722241237019 -2.345964692218694 -2.0499759571787113 -1.4746652763725099 -0.8015988312070258 -0.5440571763104679 -0.8483083299887717 -1.5953549901583632 -2.612488580331489 -3.5294257298462877 -4.249793246527272 -5.005010529106282 -5.616270235117412 -5.418685021876772 -4.379626610136358 -3.0428516111511597 -1.6741180413750139 -0.4239517854126728 0.6026043850839216 1.3636325436890868 1.8583732605893715 2.147471195783342 2.2858159644744886 2.3198197812588597 2.338250229912163 1.9223295518915213 -1.6556390619643442 -2.565181489805782 -2.806984875680401 -2.8317827744910646 -2.3619100938832247 -1.4492629301825957 -0.29051093948969126 0.24434157522533836 -0.18376452852109276 -0.9895259811966859 -2.4702290196832344 -3.506177683064666 -4.023028141660498 -5.162148617918847 -6.288108041850518 -6.358448371063302 -4.926000093839819 -3.2577772475137614 -1.6635704910112932 -0.21958125453019045 0.9687695530692394 1.9409016180322964 2.458354390564088 2.7088737286403233 2.771055926954194 2.720574615783943 2.7176949312725256 2.207828915993062 -1.6779504984443099 -2.900626374734409 -3.3233451529542823 -3.1810452335134194 -1.7830804572991592 -1.2539321213110333 0.49953657915146804 1.1723116321965446 -0.839974508496221 0.2824030855783603 -3.84584604994 -4.474099427202048 -1.1400257464163628 -2.856099579930007 -4.953382932436934 -7.532804068323394 -5.149012173247262 -3.6417284031931945 -1.8911082193943238 -0.03820975128243965 1.5589424208830016 3.526992847271649 4.359842958118419 4.312378619384396 4.297235520561233 3.2927443175295856 3.169677584646009 2.6176113839400657 -1.6391122482771725 -3.0594860934566523 -3.646031216158262 -3.848952218807857 -3.8877728936319143 -1.5142176492152204 3.4625114212692387 2.8771709075166996 -0.4938915528355628 2.3869061528045843 0.22287077512519113 -4.429630987742389 -3.37509530929292 -1.156987631457512 -4.517254991955224 -6.762723320670985 -4.837442802553782 -3.9059014258343048 -2.1666102605447977 -0.21388185351609612 2.8257553048889994 5.575942890609372 5.799563044567206 6.859409552859665 5.673829230928341 3.747273771626607 3.542539221241274 3.0206228659260965 -1.52076792617091 -2.815348131635791 -3.4212301133899574 -3.9669600885421685 -4.292408651020221 -2.279289315913446 -0.7528698856761895 -0.2920012991002691 -0.7899175803419497 1.0071661557883245 -0.56146426074495 1.5701849500337646 1.9846300221330988 0.38589845054320543 -1.8632747218945418 -3.7501824667316197 -4.738262811225268 -4.649422756746718 -1.9013501103575745 -0.22691423012302328 3.661589762521515 10.219632735074047 11.64056947727763 8.524203958013077 3.2063417347999157 3.6522039291840107 4.033513749960786 3.46157637359786 -1.3295572186339364 -2.1634237649790014 -2.6184444781442133 -3.2292630176404877 -3.8248195693278544 -3.390042421806252 -3.5355975828737978 -0.018269633646647625 -0.07991732316274178 4.099594090774711 -4.438314934533668 -3.0447218914049237 4.088238959177261 2.4105630695711913 0.2634657820362892 -1.3369439178146245 -1.8455126596203066 -0.13564569071279384 0.4493082594503682 2.4837118382230026 5.389700417543401 9.917526467093204 11.816844979239002 7.185724982062593 2.723765352096301 4.232119993442366 4.7531583932785315 3.9231494921312784 -1.1054998962296652 -1.3535276745164742 -1.5681324039686981 -2.0985943089982353 -3.4948818647397495 -3.746918189119392 0.634864394737247 -1.7425423803406712 -5.142029990679064 4.306828976591387 0.5905571352080617 2.4586136167636696 4.147808839932153 2.9018243422897383 1.9377780521856878 0.5661234628426911 -0.06478544331361712 1.5859538661204864 2.343658967566092 4.641295734858592 8.689422492703985 11.14288913403845 9.289095086059703 8.94314255820298 8.086664763031953 8.88942594845515 6.098843555357761 4.408875465943207 -0.8918851163989004 -0.5092123866069004 -0.41037989909094996 -0.6131235688695708 -2.163154575511104 -2.1519990050139985 3.5265428086148782 -0.18180262568823607 -0.44040968625684146 1.59328300198408 2.7283513946500726 2.7121052201225 0.18656324670488592 1.0905798450065372 2.1421576281169052 1.8937413330433637 1.6111326534340535 2.186381232659112 3.6683765939806574 6.447196426074829 10.593920065341045 19.22848404373855 16.277789840066127 11.813666169611544 10.61189998928918 10.84896403829045 7.305815338558194 4.839827827554514 -0.7572617563431662 0.31696964955619805 0.8562180114847606 1.1810165293726627 -0.5927911858347884 -2.032275693919804 5.142528472497241 4.843473996601185 4.84400758582007 3.3581911756058487 3.720254095978412 -0.4131676954254074 -3.215714005621504 -1.3189132653513924 1.9036033905690717 2.712110211045556 2.9619990372905596 3.667686363780897 4.9223228175757034 6.925894520917793 9.511665629122794 10.218687125532337 13.76214217636191 11.726811920654267 9.926782698756192 8.16123995461237 7.439620931939593 5.013858173293457 -0.7210588259412448 1.0268363705236891 2.0295995073495945 2.902494476790506 3.1669924257872166 3.7976698011335603 4.900841461449244 6.114964515196035 4.574945773007145 -1.6983064337875813 -2.048528590065183 -0.05501328300843632 -1.40741187058156 -1.0251242575810218 5.200741060484029 2.9527993976022833 3.2736927777968323 4.213810299184422 5.176812116819187 6.016377914121918 7.499104089922678 8.409157629107183 8.503514587032996 10.377912681656166 10.493435808269432 8.418823932418373 7.39458387202946 4.907103912244163 -0.7552893929928789 1.5019483585146767 2.590966612065071 3.4865965002481683 5.6438216778091626 6.12339563148943 2.568898434396521 0.6556500338228795 4.508650527327739 1.3080915723170656 1.1162627574184936 3.2867740642948475 -2.299238898868813 -2.4051609822704125 6.289675381362606 2.9711383776793294 3.387045981999691 4.2824834727989165 5.133128823874603 5.763893309038115 6.435425782391408 5.420944589556917 2.838363686431455 6.732618009873778 10.25831465922648 8.754868063454053 7.100938640169065 4.66311279557432 -0.8510795771449188 1.5979418183447407 2.9280698946928276 4.1523168821590435 6.156130659060205 2.0064016447155955 -0.574621029764515 2.520102335012162 2.119101821038933 0.5767648917275556 -1.4862914762147144 0.6042805984153609 3.6090538100832723 -0.8362491154994615 1.8497073266802093 2.34179847800858 3.163435858729315 2.5546072548206182 3.9501089574909027 6.286745134987626 7.020165660164437 5.835810878881356 4.744239271195519 6.013334233220063 7.670911432135839 7.456553604038905 6.569230620196858 4.340563289077471 -1.0124322379601705 1.0320249141324218 2.1157729546686537 0.292149562860982 0.11561124178819265 0.33353910629226924 2.1845091269631305 3.6182354486289428 0.2020682042292711 1.0211704009555458 0.0059545842922724326 -1.3739601222310323 2.779841640027664 1.718741760580178 1.616808338579527 2.8932029277700297 3.161517116103416 2.4139777115274685 4.010043978690208 7.26734605108329 8.367469715723786 6.739744011508909 6.233609694996319 6.126536708825688 6.410090206647441 6.310662697074945 5.803262955578243 3.955561772623571 -1.2215814287606828 -0.06489218520690629 0.4559856437370187 -0.7704701904665934 -2.3481724421935253 -3.490868524000298 -3.091807425153017 -1.4315209045970787 -2.2839642774506803 -0.9825082596506342 -0.09365208475832616 4.830256029538939 3.247640594809694 3.7046917754040027 3.209369450340741 3.885674590022741 3.8386408689877483 4.101117287196981 5.172611456887135 6.383022374964171 6.796160854894472 6.19449766602016 5.739979916440042 6.2975455638625695 6.558458740088057 5.241271863548815 4.897348414888688 3.5315107141793365 -1.4513634520174197 -1.0721917381806798 -0.9294311835168978 -2.4633557120113974 -2.618327763419677 1.0686494839680794 -3.4527215912058717 -5.8029185896087165 -2.2827858514335375 -0.6047342023748072 -1.4694255996516281 2.1345287792791745 2.0205211361927216 3.7207074207572584 4.490009105574912 4.505784262861827 4.430901404102361 4.229081545298891 4.653660675361447 6.693136751909682 5.979661667146541 5.568720545913111 5.275588516785828 4.988713116997677 4.072913857745453 4.041164379767285 4.069314357388472 3.0889614285942137 -1.635667593851753 -1.773133985061545 -1.7782236092135186 -3.9514491273646866 -2.1777460523983025 1.600410271190837 -4.056636518627126 -1.8744190416032034 0.05217849377270542 -0.4202213225906735 -2.571488641854564 -0.7936756192235124 1.7814198044258638 4.421494585305961 5.037448163095138 5.037749306450173 4.916946343540387 4.602562148827485 4.530383181474197 5.416753936466744 4.898488445696689 4.349465734525662 4.523648107312263 3.7531153777338853 2.93064249733573 3.2491932716490055 3.364994719549024 2.645692781386611 -1.6421216224393473 -2.2634511488914026 -2.4887654021714014 -1.5865593862736225 0.23418002313090525 0.1285537694645359 -5.494681522919949 -1.8770176279222335 0.18216779034856329 -3.1870740962714215 -1.78277584867029 0.3654965624662038 4.1951189442961665 5.816309475627698 4.52909753173429 4.772400151256414 5.062906963346405 4.6536772994742694 4.327246554620987 4.181655629268878 2.8691299173070366 -0.14485484491855052 2.538730489357703 3.1097188026998865 2.271484827411294 2.5622044052939597 2.779213455764491 2.2167383182458784 -1.4375387205682904 -2.3895527047210705 -3.0060999335314165 -5.2912306712763995 -7.958009747074698 -4.915817172119195 1.3566241751115267 0.14766023311873827 -0.8286933785643188 -0.7248707202562507 0.7031589958113608 1.984481637530207 5.745328949993514 5.680161810803358 4.317206600415044 4.67141277018982 4.770330029850708 4.085313155711499 3.126822957072462 2.811403905689796 0.7056063167802763 -3.314495591546109 2.2115954353936056 4.993305403968441 2.3901865116310326 2.209870554672608 2.280192250459185 1.814001966252273 -1.0907314942412614 -1.7193925609360483 -2.188360522841501 -3.709002227025329 -5.825625943960314 -4.545002987242711 -3.7351066371083013 -2.0914415867521425 -3.442568705485533 -0.022846302295842297 1.392169753171897 1.6035560338168353 5.22880834130775 5.115336015036341 4.282425555822217 4.423723584869296 4.049834321772608 3.555616784273512 2.4270970012696984 1.6132619397385646 0.5340585045770506 0.0645245353349206 1.9563244788174279 2.861770725555095 1.9091759678987847 1.7774192213974147 1.7662459181453918 1.4463626695976641 -0.5889419136353868 -0.2593328433281274 -0.501712171043294 -0.09208346894846213 -0.6351940272746589 0.9356160635168405 -0.33620930144367756 -2.6001519175640033 2.3022115313806872 0.8736061971253128 2.5682415514458268 0.9466704025474898 2.5168830097143435 1.8009368080012427 2.9283685192308493 3.39393452531979 3.082999787916427 2.6340620161971313 1.6486674401494792 0.6084619612445306 -0.23171488592171502 0.0027260928211870323 0.6900498985008064 1.004288645520766 1.0502242261801835 1.1761424985394986 1.2526684863666617 1.1190005037330444 0.19079819130649353 1.7509404694975974 2.162050264131718 1.4941402117612888 8.468957512874432 3.246927011338536 3.510471646292938 -0.12094873891015888 4.286382640914019 0.849671861005989 2.10082019039809 -2.6117286151329298 1.6805855131955831 1.2926407185799695 1.0247449618852453 1.9196025269713126 1.6944162231177289 1.1444033652516679 1.5246567943921594 2.37595812185413 2.319345586085071 -0.18650898251157505 -0.02776986011913048 0.24309867143121178 0.47334724746829476 0.6967043193469831 0.8300619142686254 0.8328602320812685 1.159568614768614 4.032334119854856 6.7414892067056424 2.3432816068704607 6.5506195249167565 -1.2090313679974114 -1.2535760475735631 3.816604929453627 0.016020884256403085 -1.306021558479197 -1.4684838719601685 -3.163028174219363 -2.202202412455186 -0.746591295442884 1.478905884729243 0.999417123950733 0.7638159707500065 0.5425115786193083 0.6136103191566659 0.5773392794645309 1.1558520296035617 -0.7698080199930769 -0.5072639842585727 -0.14152370206832754 0.11733458461427755 0.3652759069897559 0.5129969988789528 0.5884010908636536 1.9935285130551867 5.51695016017893 9.309904867482471 5.238700853673733 2.2078667874822235 2.8507536779557943 2.1481358633907144 1.4979839679875862 1.684448162546361 2.0046290265045745 -6.699057343907746 -3.6299852096942526 -0.2784305505959805 -1.57825970542493 0.07128851729984148 -0.9205288499501386 -0.32412423529183737 -0.046641962247488095 -0.33843961114405896 -0.7110090305452637 -0.9396358955396085 -1.5676141318615215 -0.9724724270190007 -0.3961041577517608 -0.12153351715074451 0.1043149463960889 0.26113815181625893 0.3847334123982748 2.564198217193288 6.000735565512514 8.169370447308024 8.59532853750925 3.606275146992231 -1.211620672334661 6.465891472174777 2.5234894246471797 -2.4780738004061664 -4.485352736644712 -6.019790524670506 -3.3634020691830817 1.9407202264246541 -3.6944276495718333 -5.5797201604143405 -3.242734722298793 -1.6277392657112872 -0.5073082339009005 -0.6413198329244119 -0.7481329377463372 -1.1097005358296241 -1.1952306239787756 -0.8645831413164915 -0.5563556077606464 -0.33154008269818264 -0.15626498417801185 0.049446152721837076 0.21959252462405068 2.8645141395324325 5.914939468457654 6.9470786519953585 6.932319469520138 4.411353122784355 -1.541795238170199 2.691180052074139 5.373419609736688 -0.45493186824161214 -3.578027781867093 -3.3674187622326035 -6.102969072592057 -4.742404075968213 -4.390466692911037 -6.809586329224437 -4.515560482393953 -2.892080834478194 -1.6624090287447062 -1.1386559322659477 -0.9329612784486615 -0.9936709212529209 -1.0038642284294814 -0.8902222517903022 -0.6498168507863453 -0.42753437333116606 -0.2413382821768271 -0.08900850149241603 0.08854576648990643 2.9314911223544673 5.358831226586038 6.025061650822725 6.011846603537219 5.082757895204738 4.528939681702712 5.592040150176803 4.828496568372138 1.265896822700622 -1.53241167592896 -3.2542188599089954 -4.962572897168016 -5.202506473801485 -4.647612374684226 -5.237082930417778 -4.511402009591888 -3.0987701061334163 -2.0550240779070816 -1.5933251359198317 -1.3824515677842473 -1.2949880359437271 -1.1773920675278968 -0.9780823530469178 -0.7407469040748285 -0.5054731411930135 -0.3108589315762422 -0.1959695692034055 -0.011270280230830055 2.8593441618286737 4.73507622158403 5.130343271892831 5.2500912287250525 4.878112978807189 4.72268996500286 4.644802704421512 3.667362413100432 1.7318924964550784 -0.407870023241959 -2.357787111136706 -3.8373278633055397 -4.696677014422375 -4.945962574379501 -4.638140221936603 -3.886298931996311 -2.9288889533133156 -2.2414531141989738 -1.9239631316006285 -1.7191128417258486 -1.5279302352313913 -1.3080709074628842 -1.0500355812530904 -0.7937363662753154 -0.5650607001060006 -0.3822062643371195 -0.27735929679550453 -0.08376285707487859 2.7784401119076474 4.3668683948905205 4.659896700531855 4.847222645262734 4.6824243732092405 4.433239048486742 4.020651748016602 3.0838102299126384 1.6338342608967558 0.012225401905131425 -1.5435833003756594 -2.784472943600593 -3.5728297402772897 -3.8458143899877193 -3.661786748059945 -3.2323356954762676 -2.7198590827712037 -2.3217413504930398 -2.078480773431435 -1.8613888396219394 -1.6266064930177762 -1.3664886076428993 -1.0884189327497955 -0.8266055040928127 -0.6032654781725163 -0.42715293906828466 -0.32724130844410654 -0.12677297323618375 2.300169498540379 3.3532768117073233 3.507824771634035 3.676835913116794 3.655702212865291 3.3919202283544045 2.8771115929920654 2.221150476289519 1.4776152442750388 0.6639220500278427 -0.15564053629598623 -0.8617368491568449 -1.4002656877655972 -1.7619216485431648 -1.9600071721693633 -2.050468008314732 -2.0574092097152215 -1.98121809628062 -1.835687167903487 -1.642945926583319 -1.4211234016569163 -1.1864357277031752 -0.9553060577638369 -0.7445501721173814 -0.5680471813517991 -0.42789352463230884 -0.34834920833157756 -0.16607040961216998 0.24159869375141732 -0.042901147228934636 -0.14572813896755174 -0.21582003330766597 -0.20505517121315434 -0.14957346078160258 -0.1552599951943604 -0.4750478059878836 -1.1725712042943286 -2.1782338929866216 -3.3581322044271125 -4.442342422555212 -5.300414065547211 -5.916670524199457 -6.229884354434666 -6.149558510276137 -5.634119532782199 -4.640622173715697 -3.2907480287648956 -1.9109802196775374 -0.6755420755062352 0.32572578607687047 1.053665428638758 1.5411870242539802 1.81967668001594 1.9071959258725704 1.9098334736620397 1.473497899860582 0.6001149339844112 0.042057501569819744 -0.1359111595664024 -0.17667529476644994 -0.030135918053299727 0.0013559082002499426 -0.1372068406523297 -0.2671045336696138 -0.5525515622164868 -1.5797857253142926 -3.413313687937477 -5.738735409906147 -8.11199802921139 -9.73338901482316 -10.291172926565881 -9.838268812130975 -8.477641054571324 -6.450439588788385 -4.041317792920478 -1.6621993551383965 0.44473837427947827 2.1679906898714134 3.4176757565095515 4.129010310206063 4.350190780280888 4.175411470887586 3.9178563857938498 2.647123698004919 0.6698616205253117 -0.06497833695953671 -0.2888789786926734 -0.34463537263563393 -0.028202649836644434 -0.054626187061574155 -0.662616027991745 -0.5853549865910929 -0.10538888475941706 -0.45910954412053917 -2.5578547012677566 -6.032907730848337 -9.376352263443302 -11.308612738368641 -11.25282773333488 -11.145720433137894 -9.430511764990495 -6.792865825706424 -3.9288814932987717 -1.1580756277927633 1.3175760013863076 3.397199160232271 4.922510869900615 5.708393690346043 5.742552920138753 5.288480051240841 4.821271561850328 3.084958075859603 0.845030489871648 -0.12733931558592895 -0.5085271877362917 -0.7033520225557013 1.042340468703194 2.2954974087339903 -1.0276090891890362 -1.207407159908229 0.36726535017886125 1.6660838238316138 -1.824701397037912 -5.91947332136604 -12.828527286627256 -11.46566704599049 -10.465354480474149 -12.363446562309623 -10.4255317345053 -7.02527487220165 -3.601575882653582 -0.29718466126547455 2.8273214750645814 6.39903051478768 7.868580092603951 8.59624963889937 7.833146293358283 6.749536233884869 5.993286835695262 3.6405054667418497 1.1136302025660512 -0.03431584888410521 -0.6337204803171298 -1.4143497842153157 -1.7651793912025193 -1.352972272591905 -3.2691308264640595 -2.906326686092779 -2.414430942181411 -2.5349550270978987 -4.959671017319134 -2.336960830963773 -14.769510347899413 -11.701107996004392 -16.9613777053463 -13.923778543912544 -10.10208638446701 -6.495007195923766 -2.839371005222929 0.878966735907476 4.5174409655374035 11.463970366394792 14.385120846305387 15.928968119630767 11.490330760259537 8.292356134255295 6.983704070739126 4.08238605881883 1.5280063330576479 0.4352341468316107 -0.25071451492044267 -1.4030988683146546 -2.4467582978371594 -2.547853134051693 -2.5260024278687103 -2.657124866933671 -1.8977954635626866 1.249574206688885 -5.000218140390243 -9.644946478719802 -7.422296466953891 -7.84624670760413 -5.911934145853851 -8.409325185622336 -7.615684812569396 -4.303228752617349 -1.8583073272072466 1.7883667740018772 4.504791310977491 10.227063815500426 20.736508823373498 20.55166657030332 11.47538318345325 9.001727624001068 7.642040913833095 4.399565089276779 2.0811437188415383 1.3222058499447726 0.7189608555335332 -0.3872296549275265 -1.6440588391390223 -3.859241292295971 -3.945409027004911 2.4822090066954208 -5.134564568998306 -4.403529052249447 -5.4483214567143765 -6.9995039295745265 -2.6862765341887913 -5.730570274883668 -5.136758502338353 -5.057736680812636 -6.8262941235920875 -6.108143181480753 -1.5930833831578928 3.169367926491262 5.601317713559492 13.072344839868876 18.57313627069824 13.649390621874609 10.763157885606338 10.487815443417697 7.910848155670809 4.552475377580936 2.7293493154003663 2.513048344604751 2.1109343955615256 1.2980732448400665 0.6318065916599531 0.05286098026677237 0.30832949618955824 5.633140780040108 -6.1721422151829035 -6.106998932476689 -1.80512197529086 -3.8103162049924775 -0.9192099332086828 -1.8026711637237982 -1.6642734086200461 -2.7731626207301967 -5.194103952937945 -4.982845738613613 -0.753190240731243 3.6053124633191853 6.987720903436312 13.635428457157607 12.480178930317159 11.142731343155209 9.71767454477899 8.637674815328914 7.464927134852855 4.542223601117419 3.4343599822583095 3.923564931305233 3.8029286949518433 3.329589348924313 3.489205442266017 6.065727324121468 -0.06204469863352123 -0.19643159335663474 -1.0956266193034254 2.344780091626716 1.4752187442744273 -2.5120168586877853 -1.2103815778372835 -0.5971252674573867 -1.460925595978334 -2.0692678229856156 -2.393083536961617 -1.3127270848074395 0.5501283528813222 2.3602156636531135 5.679981298536764 7.492393862018488 8.42040483726464 8.927176866287319 8.59771209867543 7.646586897228414 6.968741217998784 4.40114763866357 4.166608107404363 5.482938016286772 5.687731090936169 5.406037299100645 5.173958012585136 3.1014706403430994 -2.090746912367825 1.1693148159754412 0.3192447957965828 -0.3886427120097102 -0.2899354135200407 -2.1164957318261677 -2.349652805300317 -1.4268790414592845 -1.5451955851857462 -0.8817022006190213 -0.7195314965568389 0.040863807694161425 1.3012046940633801 2.1781201655300193 4.3925617922550995 4.897192266674692 4.120490952791806 5.711668140840292 7.2564294413769 6.918143170329063 6.643084451090861 4.224021835299798 4.848275717439493 7.0264090696028045 7.571030885718149 6.936816473039068 6.198833157749448 3.4542732990479275 0.677551974345197 4.9620406738694465 -0.924892912292331 0.1494415354899416 -2.852012941679702 -5.669681914835632 -5.087101717699057 -4.901337779389719 -1.1223412276506575 0.23047370097168784 0.4368370187598871 0.7718467589003144 1.7240327916803506 2.890638516710973 5.21936106929731 4.680348869342696 0.9182444477951995 4.587899255649933 7.873254689821796 7.569884682922972 6.544980950739112 4.032799838418155 5.345762015594848 8.316578702990446 9.313194610520748 7.934859762754526 8.3352581756363 8.151132203952592 4.145572783804339 4.181189293094961 -2.060726931598159 -0.8322054703185315 -2.099925808388266 -7.603404497476011 -4.750395813889532 0.7786657871018839 3.228806944340616 1.6183910435089548 1.0696059545061576 0.9751217438857833 1.731481777271554 2.7487847891426878 4.020802233805489 3.916176529050389 4.2088076576414215 7.289335921466427 8.676859367542423 7.874580414398897 6.32373738962843 3.785791646359207 5.559236903065782 9.05394236366673 10.604914751607762 11.930731865127672 14.151977277937462 15.595700312865565 4.693941755331184 3.6203808672480986 5.245600210424152 -0.23586447358365978 -1.6737242243934813 0.4550862726961234 1.3696224883012513 1.714507832307254 3.0510597758337856 2.2412838793143655 1.0272292442452156 0.7396875030251612 1.547786374505354 3.453334456828434 4.819146623386153 5.2441789623916515 6.184693229340824 7.727267088342664 7.766980035356648 6.849135410151806 5.858346380578281 3.4694432498328274 5.361920806312209 8.704518734532606 10.135818777547621 10.643980489365227 8.672556228862884 9.22304321511884 8.281600115937792 1.5885444032327944 2.0960225930219045 3.2580727103136105 0.5664451372005803 -1.8048043535867604 2.5390181655030934 1.2321879660987778 1.9992674544862477 2.059110504686144 0.9994510267980811 0.5756633666645273 0.7075628352079486 4.290808301762236 6.0928527960156265 5.290867596617641 5.474660112468608 6.075285738461675 6.349688136563055 5.801393402203513 5.112347822566304 3.0752187143428853 4.802987502861307 7.268060969128877 8.05734842169319 9.944263206605225 6.678818988094135 2.2141823993233745 3.1711927456041455 -0.38657097819416547 -3.9764766010398898 1.334296513980559 2.6991159462145875 -7.689387571040926 -3.0523637513784925 -2.603277697008945 -0.026145577425468525 1.0756586897561145 0.4241978801060807 -0.36814250101725565 -0.9968616999022952 1.5032873842691359 3.7065253846969255 4.386517605510606 4.420779607453782 4.058872591635519 4.145031058137849 4.489299061275425 4.137010460172521 2.618155856830037 4.120586869231816 5.276351789441401 5.5658566344480445 5.914793282261557 3.9399746953421455 5.441185907697911 0.5170782189318786 3.2152930324963322 0.35484065958558003 -2.150440318839765 -0.1625687775802404 -2.306736599951146 -1.6436645581526281 -1.203808363288442 -0.7452547447723646 -0.30106689779515333 -0.27583236970319225 -0.10739822520895034 -0.9085055011339478 -1.728291267898266 1.715671576349163 3.3979893087109576 3.572809243389806 2.8739851464612025 2.8410838045686257 3.302687266189794 3.1793724581793845 2.1387089814912916 3.4797082299546327 3.164832451201916 2.510807088658734 0.6406605680783583 -3.376980571852101 2.197556844227142 -1.5737572931602344 -2.3826874256234034 -2.660153132290441 -5.058779104385524 -4.526952624396547 -3.0680555045283193 -2.030111128170808 -1.7249482613582447 -1.1319443793808874 -0.8768307847974639 -0.8298345332897975 -0.5010441905203398 -0.4117873533396924 -0.6612572360426249 0.8799557682646247 2.9849757840439364 3.221734441946475 2.227692941592474 2.174697981006368 2.443848319297697 2.3677256845652894 1.6745457988021981 3.0641863237820512 1.7520032987729335 0.44086864177105 0.4956760922607589 -7.465102747880049 -8.595312951032458 3.7936173329245086 0.029251715023788986 0.26918650980022557 2.9134399297763647 -4.093307205530853 -3.703478745246501 -2.4956491467529767 -1.9923228725100985 0.6172400420198533 -0.23042863946288208 -1.2552978405351976 -1.1273244069411341 -1.2201331675272582 -1.0906932795995619 0.8077587821172122 2.9986861867131505 2.437034534721682 1.3733907882032164 1.5199561117087728 1.8154075435255188 1.7096350094626669 1.277110802141634 2.895691736274996 1.237466736887131 -0.06740734770854963 0.5289989478702019 3.112536241787039 0.6872182186099105 1.718507139236307 0.7763315885227369 0.0722757522302875 -0.38492588915842707 -5.006480257443289 -3.7286167282761835 -2.340604403475216 -1.4405612317465761 0.12326858623023342 -0.6026566795121354 -1.5314490956798241 -1.6911700972173682 -1.644834685411999 -1.0340127923679296 0.8941995580804345 2.6760028228865465 0.5500071831482417 -1.0067058827394357 1.1154989352918012 1.3918206475141928 1.1946355985731256 0.9610274207257505 2.8133227522071174 1.2273573079445947 0.12325541534993917 -0.23070569845222877 2.3112182058592166 7.4005230163565745 1.8402324300534758 -1.274585125761102 0.2438007108693972 -2.902058744998013 -4.068354535660071 -2.6714609425479523 -1.7688383935764154 -1.9930770741074681 -1.0821513656298556 -1.4416812228636269 -2.1121114202323916 -2.8096287663631454 -2.200530443602747 -1.5456075345101106 -0.3583808050642253 0.5401432920398764 -0.1233184969675092 -0.36275812516281836 0.5401670931117106 0.7570872971270481 0.7969823672426842 0.7058589884192502 2.7563861913837484 1.4899472326604097 0.1728823461815754 -0.846988160932781 -0.10365497481104348 0.47028495854762126 -4.0321196235396615 -2.8861532215636467 -3.914869440894897 -1.5063074500974816 0.1367072131512498 -0.4741770438478648 1.8830220469237646 -0.4432357925820169 -1.2293792651667999 -1.9152284524014578 -2.530838588764721 -3.207876547247245 -3.113452391066286 -1.6918126394843016 -0.8682115059900862 -0.8979411459200111 -0.6752482878969698 -0.10848096353919952 0.21205462022525423 0.38975478792470425 0.48882651376676106 0.49815431388769527 2.7370096695664454 1.867370870031064 0.00846120734097251 -0.877894789995673 1.5041236861662894 1.183968904486035 -10.06863492591793 1.0918194848201668 5.759342650664331 0.8389650824861975 -3.8559097908208804 1.1216739519086758 -0.6020443356677679 -1.055536213896157 -0.8542777288658155 -2.673137360129252 -2.790690896313777 -3.1489581205301524 -4.027622563840736 -1.940124206347794 0.4163265369953684 -1.3343252670878893 -1.261253944098979 -0.5297289100128066 -0.14129446263897671 0.10775115434439343 0.2321236387802435 0.31924205319143123 2.6843507961162554 2.2680962280785284 3.0709479094233156 -0.05523015709065017 -3.7889537785371967 1.024346927536662 -4.567498297986155 -5.8952117875433325 -4.050313465365992 -5.699098666388822 -6.208623578080481 -0.19324280053934134 -2.3450469558112728 -4.817934728438009 -3.4266759945911858 -4.214255791409186 -3.9830169157997517 -3.172394352848545 -3.4009256512558865 -3.685391894992884 -1.5098986239919212 -1.9541176733427452 -1.4651813369543896 -0.762359291615942 -0.3907405807374495 -0.12444023420582828 0.00897594908978479 0.16179627771074054 2.4143580978200996 2.3114761266926123 3.678107691698702 2.1422996358939344 2.821165585973327 -0.9470000664649806 -5.532819615778588 -1.3008942544289643 -4.524801176988805 -2.636760888307289 -1.8925393055220912 -2.645366475937982 -7.9542715487759 -8.219209695467073 -5.903786259675682 -5.257197021859378 -4.572537777299987 -3.2295055850384906 -3.270247363002273 -3.7604469740137936 -2.5126080486985 -1.9929652999004612 -1.4809896123716966 -0.8980911800001211 -0.5918658491569436 -0.34472678175989824 -0.18696814376452928 0.02899545851001578 1.928358253876494 1.8318400301926772 1.721192235896103 -0.44481131806759805 -0.6830145623290158 0.9459856799555637 -5.228058729490933 -0.5689876783303248 -2.8388761754182155 -6.52524625624108 -5.978366042001883 -3.956744402445622 -1.0601749455667042 -3.7849473503809477 -5.684312473519698 -5.935841951805192 -4.767842001630747 -4.217513885517284 -3.80335042839918 -3.1880605925664165 -2.4656027712429234 -1.8801869523023094 -1.4262362647168476 -1.1325623274760872 -0.8379280783439383 -0.594035696520772 -0.35980502437336226 -0.07854305859420177 1.4096045949610656 1.1195115254638597 0.9353252356484228 0.1465729946762211 -0.7482070622440339 -1.5871835019844622 -4.343288818844299 -6.739533494747946 -7.389213465618434 -5.4176960305813155 -7.060468323239719 -6.9156468906784365 -9.145544498881883 -10.494503844454288 -7.174066095635989 -7.765449742141748 -5.948876691504412 -4.849510866279413 -4.419329017092649 -3.3809262068811146 -2.6202721874090797 -2.023981323964667 -1.5031799840055835 -1.2504527292517118 -0.9501489394629168 -0.6472428282637046 -0.45774487923201607 -0.15897117416815115 0.9399361065535833 0.33318659382937327 0.030823103268058556 -0.49548971880127246 -1.3943648852151378 -3.5769223847894738 -7.780976082798847 -12.551394527575617 -8.632337945879156 -7.593445390841457 -8.373235404607925 -9.000899851474799 -10.71796706853053 -10.75843960214505 -8.798620791886382 -7.724495747152644 -6.299145771338109 -5.116703730631239 -4.307707289932891 -3.489504629271758 -2.735716704551885 -2.1194527351426538 -1.6405399646051517 -1.2602923198595966 -0.9418531266169682 -0.6791629436302525 -0.5194798645323052 -0.2141374921877404 0.513610295852793 -0.3310639332458402 -0.7446517965533599 -1.4317622133108399 -2.430530373795691 -4.245988393213526 -6.583014005307028 -8.164768481710318 -8.710437523431041 -8.948333662723453 -9.171195043219031 -9.599020245283706 -10.065190953155717 -9.816831666947456 -8.783687063499587 -7.507241340786806 -6.244629257046164 -5.155027139956437 -4.2798503631604214 -3.4840674041318733 -2.748740192691333 -2.1397767112478125 -1.6617798253395153 -1.272208830660905 -0.9583343762834907 -0.7074681443433686 -0.5549759426183273 -0.24817644920567383 0.22404680937018268 -0.7237505649281403 -1.155079411595625 -1.8822513108299759 -2.8384442062259447 -4.242408785239315 -5.906793317456703 -7.197691728351553 -7.968796692613501 -8.500949546612345 -8.895579642458696 -9.22634231033681 -9.400497954604647 -9.056259290217403 -8.19576303433639 -7.159000302099689 -6.10748920941727 -5.1257545336347645 -4.253820419660294 -3.4571885305691095 -2.742417637098682 -2.146314976192362 -1.67012828717765 -1.2809869483951426 -0.9692778923391638 -0.7220695878773686 -0.5738210333574542 -0.2671122746536622 -0.28230286712442054 -1.1921677799175563 -1.5432436950277355 -2.1298792591349884 -2.8070532686113094 -3.53079231552799 -4.255905921250856 -4.990939936635835 -5.696398150680178 -6.296135133687607 -6.725626189512521 -6.904307433941098 -6.8203647520265065 -6.530306299793386 -6.077040612569078 -5.509641439891811 -4.869733980486912 -4.193095852842291 -3.5176076022161515 -2.8865606290566115 -2.324987095839351 -1.8433022245158635 -1.4433375766246894 -1.1110860711924917 -0.8445606452984931 -0.6349941654205233 -0.5120433064761385 -0.2495300081876687)
(UseCyclicTransform "false")
(UseDirectionCosines "true")
