(BSplineTransformSplineOrder 3)
(CompressResultImage "false")
(DefaultPixelValue 0)
(Direction 1 0 0 1)
(FinalBSplineInterpolationOrder 3)
(FixedImageDimension 2)
(FixedInternalImagePixelType "float")
(GridDirection 1 0 0 1)
(GridIndex 0 0)
(GridOrigin -85.63831620545267 -110.29865035844381)
(GridSize 31 23)
(GridSpacing 80.0397018884386 80.08255220488215)
(HowToCombineTransforms "Compose")
(Index 0 0)
(InitialTransformParameterFileName "")
(MovingImageDimension 2)
(MovingInternalImagePixelType "float")
(NumberOfParameters 1426)
(Origin 0 0)
(ResampleInterpolator "FinalBSplineInterpolator")
(Resampler "DefaultResampler")
(ResultImageFormat "tif")
(ResultImagePixelType "unsigned short")
(Size 2230 1547)
(Spacing 1 1)
(Transform "RecursiveBSplineTransform")
(TransformParameters 2.8723750460722526 4.651088242303147 5.12264046415518 5.538774125721264 5.809186698748346 5.944721227705905 5.859879737699021 5.641441460884095 5.369236798575226 5.139570334071106 5.04827827744293 5.062199502695242 5.148106247641524 5.3026283350455365 5.522392574890406 5.743335508918382 5.901366571172442 5.951286984200268 5.847913942438529 5.565041479472064 5.0764197621005165 4.347002928918569 3.3417669969280963 2.193315582661784 1.0342984781814 0.007815230885415142 -0.742385469387014 -1.2645407003810314 -1.5978714880997626 -1.7530374899682701 -1.6153111375236162 3.6085661511955163 5.9048152563459455 6.358531738047945 6.677498211128068 6.796056329122315 6.782921534919538 6.6189776369997135 6.40267312186791 6.263361922461217 6.178478524879038 6.115145803367356 6.13701118682105 6.3088889584576835 6.556193675893206 6.804402386169778 7.0215370866783235 7.175577591518844 7.32155541373822 7.514085459331133 7.4954812727679005 7.007990981425748 5.977150715165146 4.329272518910079 2.360644564348743 0.367392185923902 -1.4295773021967284 -2.8060248181424723 -3.7670897113782758 -4.266024779647245 -4.383407267921456 -3.4711566093743014 3.6143164820066933 5.805597380800211 6.144590605133136 6.5483186011269545 6.439388921509479 6.015992005623981 6.456976299946582 5.976619516433826 6.024767566479612 6.22807134311205 6.050009509246731 6.080824044267793 6.532300935496908 6.711408087263164 6.866441801325529 6.871246295142129 6.727679790416475 6.716076097139062 7.122803181963275 7.3951910067489415 6.967341482184233 5.796903201302869 3.9130342329186405 1.682227226556066 -0.5243866012697893 -2.5583486229382117 -4.274956337759678 -5.527141178098889 -6.075282538859072 -6.088794242317435 -4.462456468070375 3.4508499947390403 5.62954262956928 6.342286153244455 5.916836539586848 4.993067603676434 5.392954669984471 5.997244794062148 5.065313809389237 5.033516399332339 6.901579099732035 7.323929892657946 5.058076720298396 6.18281594797776 5.993259124146016 6.758913938031716 7.042341327688167 6.024059547407978 5.1763329278156665 5.798985931431193 5.851116467995632 6.863457872461048 5.352070200948518 3.2503986823918427 0.9945997798444298 -1.3797998938518126 -3.3605694207697914 -5.567062669171242 -7.1675653495752805 -7.923907542864404 -7.774015134205678 -5.464110257423778 3.110638429220007 5.761896886357396 6.7209537358156455 5.005605789696901 4.636649665244047 5.078086026415331 3.546083323945635 4.080337347605397 4.523936696461442 4.805786881170203 5.283612398168339 4.409624445631441 5.292682764432578 4.889876760403398 5.3943609808120705 5.0180260637756815 3.96483900877951 4.779371726858468 6.344915321272989 3.842591834096655 5.947655848020456 4.280426751285587 2.454116884579393 0.15158409394270908 -2.018581037923512 -3.4186826924176845 -5.9199462382168635 -8.025179858211873 -10.275424263917284 -8.971647865499534 -6.036874925518212 2.649359814648866 4.551735837930489 3.1385355448854617 3.7848397508509146 4.460351634846434 4.463206570310528 5.404406052740253 6.157740079336863 5.381505040373474 3.0011826418458827 2.0538238626119454 3.47286481035672 3.1539721113633123 3.6715582396731854 3.122842618684627 3.702968960667516 4.07480729428123 4.063411192434363 3.12468448390241 5.355778134981362 3.791131463245271 3.504583573124639 2.8027462644865833 1.2580961437309353 -1.2626751459262076 -4.280580246556447 -4.5752138417184565 -5.833467509541952 -8.73916447105441 -8.450999169189565 -6.082174890201666 2.1129964388622096 3.229319717009009 1.5137343589731038 3.1336333906051026 3.3526692887992895 -0.23310417996724403 0.9828999814850872 1.9956578899176027 1.6007125929194093 1.2764469427620482 3.972573483849563 4.492019872387074 4.332011819761352 3.89853170705996 4.490834314613378 4.1775049940983875 1.5708703421677892 1.3862298319724529 1.856495686544726 1.5981249504109258 1.575223106890113 3.401831859132379 3.0685000153847173 0.8627351728495782 -2.7499065596611643 -2.157152395178747 -4.813458661971301 -6.3448031173081905 -7.2757892088917435 -7.021392113492105 -5.510087645803989 1.500282963506714 2.837381825916271 3.7277904702089635 0.7399351091900803 -0.00393719329427183 4.944138357478257 1.7781030826046476 -0.14177432935486184 2.475449874758124 2.528174816514705 2.849132461911845 3.673086037990484 3.160951141774294 3.955628723660496 5.109421476529746 4.263931699386336 1.9823103922655916 1.779805609240752 2.5898153236055137 2.1295091448085146 0.996541208150826 2.2024757049709334 -1.0166617104327305 -2.6597662921799494 -2.6812078364073124 -2.5933141705749247 -8.10463466553975 -7.7365839707458335 -5.326301446462416 -5.757020505269453 -4.747615290938759 0.7821090305271999 1.3671291634600342 0.6909376987637855 0.7207110036468115 0.4517191155630759 -2.763602777664231 -0.9283908536917242 -2.6254368372268666 1.6467644083308244 0.7580069691662099 2.4666483477177517 3.190630906468686 1.225654750836037 4.635491206587056 1.5425519670780232 3.0017218566883708 2.661062565821302 2.2897840076558906 1.906496294469642 5.262798811290423 4.131075538423261 1.9458684557963268 -0.08006126320693582 0.6407894904258514 1.484165184522226 -1.783265983993531 -4.365321936870373 -4.982864252715865 -5.049539393395702 -4.6766626261091355 -4.110030480178479 0.004603461631317213 0.26014727375627067 -0.2898941371653951 -2.2260915371573105 0.39555472529278063 0.8175835288088671 0.5509337635740738 -2.813735203042784 1.079020256831894 -1.9329628380348907 0.6186536078846201 1.2344955926599106 2.987653320457939 2.8267003067532652 1.7832877124269813 4.468639303551819 3.0478700638155165 2.134106620968738 1.7032716699724564 1.9910076900544116 3.3796665990852817 2.947597669540808 1.687282733850948 1.5493861279103835 1.6789301962610617 0.8805567899440896 0.9336070921695943 -0.14162005730207486 -3.4616776867361843 -3.7342985996125977 -3.665367701918103 -0.8088173116673903 -0.7092910014525516 -0.33732010829614245 0.10273840086196538 -0.0201809465989429 -2.1190622946592472 -0.5618940042351084 -2.780484759551505 -0.2653627381729529 -0.7496081128196916 -0.4964923521832988 -1.151662155323136 2.3223832861999236 0.21799664750668515 0.2494445362085851 3.2489205003562622 3.210340798677966 3.5492805462131662 2.902879509668597 1.6388157489742292 0.6134460504858982 2.1071239741076426 2.30953438060454 2.0195338072859195 1.5698028277289882 0.6878744745872802 0.14158250858611424 -1.4199292198901994 -3.7556294917914146 -3.3870519294775168 -3.476861789191108 -1.5909467003129159 -1.6110653536189272 -1.1255189083459907 1.0670713225098962 -2.126135072670692 -1.4394229348058665 -2.248979704960557 -2.0533973055735903 -1.321564342970011 -0.948705761497512 0.7220414201966318 -2.7385677495133494 1.502506056722746 2.9624245289609283 0.27657914894091934 1.0213674157915467 1.2294951401276726 2.648696771688679 2.084693075695281 4.00013476316397 0.226792835352683 0.8034391857057145 0.9726890106382976 -0.3817857328111874 0.45796287159990495 1.1542720697803097 -0.7297379126587368 -0.628617832351346 -2.3031089897594788 -3.232004920780143 -3.4549498105698273 -2.270793755384986 -2.5401743232610863 -2.4163919853089544 -2.0926755533705528 -2.00318406424177 -0.5982044924144191 -3.070483766746487 0.04507835589886176 -1.0185659499839264 -0.679509156188313 0.21639056518516955 -1.382894941960223 1.7326523023195688 1.3645294465786029 1.688145945930353 5.6313640948560915 3.021127819874361 1.4720504532253076 2.5612141972346913 2.4373542846538676 0.5274548167574661 0.16179236007326642 1.7371847081546035 0.8073648739398913 -1.037828222545165 -0.26944597454572905 -2.3118538351748703 -0.9641111689186631 -2.610620334598633 -3.4060886931692584 -3.515068103259407 -2.721808667451139 -3.00323385182134 -2.31245810192606 -1.859185663586987 -2.0170158170891455 -0.1477746575786212 -3.1597246533427437 -2.127403022584508 0.14199297268399158 0.7199372979282957 1.0085099421114472 0.7891494096189295 0.3581588873045716 -0.29205372848694866 1.871585006752842 1.4804066921817245 2.3626452453977644 -0.1007435202945364 0.2791690663717488 2.2376853224456794 0.4143689502340358 1.7979473227765939 3.1854151123989927 0.5847469461353079 -0.5065829879643592 1.2396240708188608 -3.3646580990609305 -2.1470534584144376 -2.9502979682981545 -3.640064956564443 -3.5280862724357984 -2.809855540003852 -2.823310233800731 -1.4700454647188466 -1.1137104706762075 -2.847778097366212 -0.13354229963974523 -1.9737734224622847 0.5085183454196993 1.1578953965844612 -0.3410376275190599 -0.5031966063361544 3.3082436134998745 0.4395471442556147 -0.2955874861430796 0.03149004142854536 -0.3788989822299343 1.3905117094754302 0.22274643309090666 0.23088283176365113 0.661228214358613 -0.4490107782043124 2.460881626864273 4.122051547600915 1.9065747325079234 -0.07889315778525369 -1.7099191071666606 -3.040076040922031 -2.7133542964323887 -3.3022563811375663 -3.750662490267454 -3.364696606043557 -2.7874446492449776 -2.627880582679518 -2.9382907555605398 -1.4803327254021963 -1.5957128076026426 -2.226688791389554 1.4083729712422572 0.33028427461696064 0.5207973407699746 -2.618830961702648 -0.8293489277782364 4.286975063243203 2.3288457717379085 1.13151341149816 1.7254279830175998 1.8814617186711686 -1.5491873566942667 -0.8618819769062445 0.47251980735542126 0.9354692235335217 1.7889300298174977 5.163625368946271 4.50076629006381 0.5093736034083175 0.9608793680836437 -2.356540184799687 -4.33830330569049 -3.5378976995105855 -3.6073474615867434 -3.6580419486507516 -3.064806988652892 -2.951195319702011 -3.16495767454833 -3.4416638493265763 -3.5855598561540853 -5.401009982908299 -1.5527046194530674 0.48951455145706974 -1.6771725833732996 -1.2073779567526546 -3.3305223537638375 1.7168520838933576 4.484102423486792 2.457674876532627 1.2338705217030113 -1.1759245817208044 -0.461152529383652 0.2864834117357205 -0.8982220848146262 -0.3035838997694436 -1.8525442348037902 1.6061566064066966 1.5315030390918252 1.0962998663059018 2.3526443557875565 -0.016289029451750925 -1.822135371334144 -2.9979463346243755 -3.1656708678750993 -3.3252080119434084 -3.2816440511818157 -2.668047916648543 -3.053431505950834 -3.73855949876808 -4.050182470429916 -2.931845739994732 -1.217668716921674 0.5824421334152511 0.0067138498797188395 0.7696303993290723 -1.4239740042376223 -1.1333620922684482 0.5329895494376744 1.6140523805915223 1.7822364906867245 0.5150733487912279 -1.6558165121593655 1.7096596092972254 2.1175232743045753 2.334733848141229 -2.459399131978231 -3.9326319711647684 2.572866832226676 1.9292337946288898 1.7990873575966753 0.5138455013627856 0.21511750731340373 -0.8160091402852101 -1.706578065998791 -2.4921971542816777 -2.767944339795738 -2.7322697785220362 -2.205071238125151 -2.8344240243144294 -3.410813866772915 -3.284318724365627 -2.6291794095052072 -0.9593326869856198 -2.608870492291316 -2.2069592462631253 -0.20505056723174603 -0.1459117162000452 2.457677796675056 1.9168850388860306 0.8011452480150776 1.6259176562990356 3.6375835824538347 0.34014391866767013 -1.3787605560799445 -0.5363777484667284 0.4237696550035874 -1.612799349109435 -1.9958700701698986 2.2437846174521394 -1.691979049790084 -1.1131449586921 1.1387931636309563 2.0635291339232436 -0.19958615455444287 -1.2302979100663016 -1.954384350639831 -2.1712179636162037 -2.1186061422068203 -1.704608089090748 -2.4584193258368443 -2.8447165321256564 -2.6354040084093784 -2.3522707661059874 -1.9366006414218784 -1.806139152425123 -1.5432346139317101 -0.8151671965561706 0.1440021685141708 1.1537966922652825 1.363209513153302 0.5946748856824903 -0.5793284763559017 -1.513021887866315 -2.546006494413161 -0.3322403348869939 -0.7096143112669282 -1.5981473871675074 -1.2154336640242938 1.3773963488914107 2.4255064546221656 1.5031825716700937 -1.3373352719085017 -0.9571294481652977 -0.5206096255530933 -0.44887652314607973 -1.0193842078893092 -1.5105314382474921 -1.601213236137073 -1.5143132935097672 -1.218918223914414 -2.041239577113272 -2.3284209101310367 -2.1450894819064015 -1.8924592426654037 -1.7253506046062448 -1.5438999860645954 -1.22795616011719 -0.7481158102044994 -0.07466173497143239 0.4228601943869169 0.37167964952020877 -0.25254609962899205 -1.4883281019701526 -2.7700236568706025 -3.070438921851293 -1.6903111707048877 -1.5387552043773782 -1.2318273609177943 -0.8907243109848026 1.3220701110760333 1.5649897082604753 1.4139565957331486 0.13296976185411064 -0.7634547742693008 -0.9036321241202776 -0.7856000192581308 -0.9445630216590801 -1.128666079053216 -1.0816474414478163 -0.9559779500522336 -0.7730862978842452 -1.6732133126158084 -1.9100085875823678 -1.805693603976855 -1.6284499714643952 -1.4488828244312715 -1.2490412221582567 -0.9967041370109732 -0.7265131633233921 -0.4722141537911314 -0.3743328001826261 -0.5734797046034835 -1.0758002037562773 -1.8868589157626134 -2.4989528489266744 -2.4045789925923025 -1.8796741905433791 -1.2032001543691029 -0.42888285816452093 0.39181659802421787 1.058554411991846 1.3040790564289313 1.1199135819721298 0.467903210277958 -0.24680256120721492 -0.6173292889517475 -0.7711996201435948 -0.8461205763498859 -0.8246863699900527 -0.6808455713954599 -0.5318379503931059 -0.43850880213821464 -0.8053795649549126 -0.899194250049984 -0.8707859333653184 -0.8055376903777096 -0.7120794278916912 -0.6061830995755041 -0.49811506117956617 -0.42930650493711914 -0.44079489908768316 -0.5431222688659157 -0.7467997662769847 -1.0051479718213538 -1.2715029825719155 -1.3842664500887107 -1.181683762220994 -0.7733072608928944 -0.26881819505653753 0.23510892830491276 0.641904704075149 0.9027151681755242 0.9686374545539822 0.8611319375088061 0.6017557075083438 0.29336170570604303 0.03885449452324978 -0.11229856267746213 -0.11111448709436876 -0.018349116427371696 0.09945106018839056 0.18289593284285352 0.09185881682670838 -2.100545626609894 -1.726455309823036 -1.139870806218737 -0.33471914195899566 0.46735256504729245 1.0014402109557201 0.9863524326560925 0.6938718305358357 0.39456837287852226 0.250808434756986 0.42490273600576905 0.7565327780715541 1.0853721377236303 1.421048606623596 1.773158386303293 2.1048801268888506 2.3793837736155123 2.5716955581262253 2.656844960078895 2.6289097064816236 2.481956025682889 2.2080249865087684 1.7991528541272177 1.2695145994894848 0.6333357432001144 -0.04947398535170259 -0.7185161783073041 -1.3177864795922793 -1.7843106787428729 -2.0550834243559053 -1.9703033722231307 -3.5444087273799223 -3.3474266072075674 -2.4689454997275138 -1.175652737892328 0.18602713746687824 1.1025068793254236 1.0825011966345044 0.6592293130385481 0.3546685789991439 0.4155978178985757 1.1017776517917082 1.8463457154157972 2.079963027460048 2.155752501887639 2.4265526736803533 2.7924385236735603 3.1535369356462235 3.501330095804082 3.827350655267474 4.000426952411306 3.8891586879841453 3.5080961297588487 2.872755013348232 2.038293757056511 1.0600814886224246 -0.07676265596624025 -1.3851041243841733 -2.7256851149622636 -3.9250356358289067 -4.669101906554151 -4.1673959722628 -4.387128779951606 -4.661853700906821 -3.598307757856959 -2.240125492634929 -0.8915086802872767 0.7435413402417026 0.38224292370904395 -0.427252258133868 -0.5714405298200089 -0.052027821412749566 1.3584803313871436 2.618026322137559 2.5476270237077356 2.4121263542194855 2.5156122794316453 2.8299989845086584 3.161818030526177 3.6286824488130853 4.159368267885009 4.542986111942169 4.4506954932689675 3.9130519965310544 3.0381634820273677 1.999917461760273 0.951272510728106 -0.2716940541617967 -1.8164503281286626 -3.5566854747099663 -5.286994764934915 -6.4094738474570345 -5.452123927451029 -5.224426597094992 -5.763609808344625 -4.3712473556385145 -4.780285961063722 -4.01611447048886 -0.9304909702742726 -0.9423004998676724 -1.0532010685844502 -1.0523302942738646 -1.382114629856869 0.6231978115766051 2.5846923601265557 1.586849787908972 2.1383176949881784 1.6819258699798574 2.3400981425423675 2.5127078246622174 2.823964707796166 3.2928792777209326 5.344844209846365 5.417608064370056 3.5689462381295187 3.2342085655358557 3.1319790811707744 1.8151838702744545 0.037455666401965834 -2.118792824070605 -4.096605035786237 -6.562465273671947 -8.318779605451914 -6.8815729984398875 -5.61297606843582 -5.9631439409177975 -5.421418337405861 -5.190719757539269 -3.128246038924411 -3.086809805834964 -2.991537026427037 -0.10522232651943941 0.32086660219034635 -1.544191427176064 -0.036669769271825164 0.6751834379269691 -0.4030483060895531 1.160093463555456 1.3177832757173522 2.290069737440883 3.1928966681618474 2.3736426551028953 2.355155667400814 3.9748719530930083 6.671421878925083 3.9232976052255717 3.243018741492153 1.312673859699547 0.5574035725579463 0.8098052229982813 -1.7382227155474512 -3.4759293379085854 -8.733267565237634 -10.967395825097418 -7.972013343257133 -5.384276000060636 -5.252380661555665 -4.130989067609523 -1.2182103931703767 0.11110292112844333 -0.41186234996689736 0.20160982157111426 0.8195863289184979 0.8531619944554941 0.1379485121132144 -0.19002690210924406 -0.5072682288923162 0.5899963191571848 -0.37744408537674756 1.1790006883070094 1.73148201709382 0.6177256422654777 1.1252036392747067 3.7316867948434473 1.589370623775947 2.783697917518806 4.50987533699688 3.016641293001742 1.1773175821567128 2.262094516783665 0.1718298166027621 -1.4276166818226759 -4.084353893926705 -6.265807076526089 -9.586983948321384 -8.407109412335005 -4.350924606919533 -4.77974815806233 -6.462220649469102 -4.545764766036533 -3.5817255258442096 0.23697126314170103 0.9245215592967557 -0.20769471788003274 0.520484712609932 0.9524073637652708 0.06120967268823196 0.24773969491132508 2.480988416502883 0.5594392249956821 2.4745002055239076 3.197518997009399 2.1180953485070044 1.0351372677092654 2.9508646656788033 3.221913070023734 4.068848946803541 4.687574039647492 4.061045837743423 2.7328780056473754 3.5951077589836924 1.3150429958631598 -0.6645483010326937 -2.239328970880712 -7.550324719072577 -8.233193245464898 -7.739045671882026 -2.7857908651316476 -3.8231714994420103 -5.406218441061909 -4.8836208402714885 -3.1320951630202276 -2.818550141597624 0.10367486100602007 0.3260495829882112 0.5999531799959107 0.16984740044020422 0.812274401811105 0.40694127196001023 1.7335929641978114 1.8442770577373557 3.14823893093243 -0.6882524240414063 0.036944611586999944 2.6615639338546804 1.4855505255834278 3.2107437570549213 2.7659476409084336 1.8279839664945603 4.644068640569009 4.023312814896972 3.092655926191738 3.8157745719746976 0.62060415610614 -2.116393321441813 -5.51512140592644 -7.183117434616394 -6.5494937180103125 -0.9030035081658901 -0.5405847949785504 -0.5752738085239375 -0.2088325259194162 2.1152365635060475 -0.20924912355366368 -1.2147950525079192 0.9708947685203324 1.3694454350144531 2.2068067979913017 1.5137631960650324 2.499420396921693 2.1047370455017287 3.1201704229251424 1.7461381007906782 1.9408750357820035 4.082579644235825 1.0389803693156336 0.6105858970028489 2.085428327380566 2.396043611877816 1.4361445151903938 3.4962277349819466 2.9320908636493908 2.934651906791559 1.4459330627728244 -0.7202192512357583 -2.1459555706321507 -4.672110335795443 -5.778504794233752 -5.302480572297441 0.7674822578667347 2.2475467133825795 2.846704096799704 2.6612913448238475 0.3426189214330791 2.5483080991449376 -1.0481358312022118 1.361541300095302 0.7956163285580276 0.09819370436559159 1.5575203071696004 2.0117521969368477 1.2362565105304235 0.5213018621971766 -0.16812252343717404 1.0323148189011107 -0.4968280486375075 1.959263818924222 1.9019743696955727 1.2429859262561735 1.3986942607145223 0.5542640220090858 2.0511295195194634 1.4005749385274804 0.5869255493932803 0.21681615967051818 -1.112283330709684 -1.9893912629996928 -3.2532913103426773 -4.415922927111372 -4.044618601444274 1.7140241082587748 3.1643325515711584 3.3952054073643705 3.7807820361681967 4.064639431647861 2.470249773864051 -0.21998440079848783 -0.7343786940842826 1.4473850481713941 0.09475196359461038 1.8674982558394853 -0.47389187311574377 2.1617161961244573 0.6689332525688877 -1.2321828301954652 0.9533087397505899 -0.10922553247179956 -0.021994298105531523 0.7860457130423492 1.6543505031757146 0.764343999226352 1.3634469640772329 0.9631231799875661 -0.00794631681663895 0.09830093457265573 0.0685048381177093 -1.407874660352048 -1.6949031856829815 -2.8932125404971147 -3.1579329793724997 -2.8301063957263892 2.1605150382722584 3.147385608854271 3.64783511637711 3.903158032363822 1.1989618004754512 0.2844616243953291 0.5944354846708735 1.231004024752881 2.0776992113503807 0.1615236437073904 2.183336326214291 -1.3875689205919473 1.2469454642432176 -1.199614986261697 -1.9071624122116955 -1.5382563922598662 1.0461275573860913 1.3004674079356486 -0.2736510064870287 -0.2381739158030089 2.1028140771195902 3.171955782540769 -0.4701826771892607 -1.6274981474365706 -0.7434892391076253 -1.222853124878671 -2.3744430022094725 -1.1615661384987737 -1.532695732876731 -1.809663230285673 -1.6972058561189733 2.3279874920400196 3.1027853223186717 3.5771919101080165 2.1940259308338486 3.5202152192760936 1.4279848651425275 2.322069502579076 1.6457939747651347 0.9547063766134671 -0.09488723719623268 -0.5004152988897265 -1.1785570296661851 1.2047058782417726 -1.3057754034349578 -4.712854962310283 -2.8235577435796433 -2.485113193362787 -4.200009476031621 0.2993173229809612 0.06062367741572952 2.302952062281025 -1.441356622288106 0.5124377415288903 0.786195787191378 0.6870402424400947 -0.041904885352373175 -1.2950105627040425 -1.6695365410107987 -0.5226442351815687 -0.4406582844734045 -0.6875926529472213 2.224882102193046 2.807658633527916 3.8172485163541503 2.207792126769238 1.4505050046674433 0.5471640895202833 0.4637330119100079 -0.21735761193833417 0.28843952846619136 2.0516282617039434 -0.9563163802044348 0.2816112314155789 -1.570062524115292 0.5711018796563014 2.2180875644621167 -1.60005480294754 -0.7665917335372621 -2.42906257101545 -1.807472678282825 -2.109157959109253 -1.3059626944479201 -0.13279899754827518 1.837836243366556 2.0478081161775044 0.5714161239776544 0.004051320817342771 1.234648372398195 1.803693020169276 1.0592008193116573 0.896963314477559 0.1604154266589166 1.8337264448904744 1.698654267520263 1.1416656058521446 1.581761756374861 2.908061178526166 1.993449491610715 0.9154814539745341 1.4864049556059997 -0.7363669688544339 1.3946102813058894 -0.3547836666071053 -0.49115613210267334 -1.2646760625258813 -2.5365501483651527 -1.5489843999614246 -2.901690872257891 -1.5178721543604987 -1.3408561884353527 -1.9993115478055155 0.026592624831775172 -1.6464716036365392 -0.517156297654388 -0.8349991115542529 0.18476564851965896 1.4452135848908638 3.061731889964315 2.230629464534056 4.762787557358167 2.998007681037156 2.151625514339229 0.8088650312091555 1.3308888673722148 0.684037370259252 -0.2411051627756633 -1.110662360368228 0.4066965541774742 0.9745615280294215 0.4462048177744628 0.7422094505749826 0.29934245724709485 -1.5305452638424681 0.3567937007966068 -1.1001869524673773 -2.2347426679488827 -3.3493390279396347 -4.403680629629683 -3.9194012721356914 -3.9408236932044978 -2.557334757679767 -3.849066592278975 -2.956719077534593 -2.59154818000199 -0.4480587765338757 2.170850995827498 0.6705273444624933 2.708837358454987 4.967565386999846 6.516553853163575 5.96409274580705 4.304698359344628 3.0441132593217244 1.2765678891352195 0.9204400457010028 0.26931798892793685 -0.5939715428911823 -1.9210206008960962 2.360258771171075 6.597065720380512 -1.366206233064183 0.7016273681411854 1.1207874543158967 0.033573500828976595 0.06837032323451843 -1.3850544745464697 -2.205882781389463 -2.6250253000526693 -5.872538837481473 -3.035002738988614 -3.2040331106389512 -4.06924294197375 -2.954319655297785 -1.7406178304064546 -1.5415136301037446 -3.0804843577366476 0.2038637188179054 2.2344156664099493 4.253583008905852 4.294974065710482 5.177095635421265 5.203376025768905 4.32313505270208 3.2871401382985987 1.5822312447004807 0.6554689291659369 0.14578854592605578 -0.4186710648440618 -0.8412279377467582 -1.2432704337970053 -0.9706907395505977 -1.7543324758697918 -0.7586703186651941 0.07791159516911396 -0.25250338448534193 -1.2880112435167568 -2.664333781487109 -3.7852400480392876 -5.361511930678659 -5.3620386769983694 -3.9992273263393785 -6.408131922771176 -5.259961860528058 -3.9748493071993893 -4.056598035745259 1.35067987633078 -1.7065260261130206 0.9700798171400095 2.601296568421448 0.8516906879122917 2.1614416556457767 3.162527745808779 3.8171563729874496 3.619987265778591 3.0696451547055252 1.6955875683197208 0.5982402912315319 0.13749816075107907 -0.05897789414709841 0.05046164175013069 -1.1930838751715613 1.270105984892177 2.8551033511620374 0.5145877555112712 -5.076856492374449 -3.057251542208509 -0.7407238977905175 -4.066757214415232 -6.85602726056216 -7.697065976186245 -6.595491666429951 -7.080447930125173 -6.371487569236347 -6.669421481664209 -6.9092617458574805 -8.84843177675443 -3.4210384660289472 -0.17553947512044596 -0.6847464698573141 0.6020924151345981 -2.2043415583682537 0.836074072653124 1.8024434793646296 2.6455319037839637 2.8044550159550066 2.579757020371503 1.5849359339257472 0.6696424166033912 0.32551812748476155 0.03442178274195323 -0.12248319395824718 -0.1143857227665855 0.5340228355985872 1.355800136879516 0.1889961459335331 -2.2490873088248673 -3.2140185132446253 -3.6018650525272595 -5.19075302510399 -7.617913253987807 -9.311202502994604 -8.270578496762317 -7.053441285112403 -7.363302220327078 -6.274757287386362 -5.792965752590082 -6.076639279440352 -3.3405415213132095 -2.145176151724459 -1.395892592369783 -2.7432590083917927 -1.3899918027924958 -0.1663625652156188 0.708739540949545 1.5893400217046758 1.9359215057575319 1.9355693924165913 1.339640719013034 0.7707407365925086 0.6047270755894151 0.4053610202595071 0.21437036304605758 0.18101596566716002 0.15112577806883268 -0.026361627825202055 -0.5728948754147469 -1.706184443872508 -3.0555078826637527 -4.26248037374756 -5.681253489998889 -7.654433566452272 -9.06621221320855 -9.069576740802434 -8.351698971066778 -8.68575964032588 -8.182370479715114 -8.08205192886053 -6.30859404007763 -4.154487149218394 -3.318471651870547 -2.642007062909576 -2.5207146012133084 -1.6640742095180292 -1.0812801391837834 -0.22259302048395432 0.5896718152770896 1.0455383787083758 1.2266938276271493 1.0282710849185643 0.8295565040607441 0.8073386140517907 0.7265974684824333 0.6134154742134545 0.5023207882463699 0.31326053974966056 -0.033376022658246615 -0.6421072286709382 -1.6173261972038462 -2.8614821390734373 -4.2769547242089 -5.820231093637226 -7.447612093442675 -8.626184904114204 -8.825352713792936 -8.623586304960941 -8.602793585801594 -8.367271082278164 -7.5283593710095476 -6.292943458614015 -5.039211945403153 -4.00586258962127 -3.3647560887265544 -2.861599001912143 -2.240221582394301 -1.5471708844599923 -0.8069193341777191 -0.12919760930320018 0.3736255223017661 0.6687401344967213 0.7592626693726722 0.5418184324155111 0.5541478406360858 0.5203683937442484 0.4327410326712637 0.27007306089819716 0.011087062179656318 -0.3664552020601798 -0.8742678948825243 -1.5241372362695136 -2.344251807727279 -3.3628001191798917 -4.422494974326078 -5.3660866572610795 -6.0873478140172255 -6.479872071670445 -6.609707155250993 -6.543037366560504 -6.216337440386056 -5.565917735573573 -4.789002600153689 -4.082745098485092 -3.4606001393354107 -2.9359661133341945 -2.463364454873002 -1.997104152356402 -1.5309829719124133 -1.0578819587223356 -0.6109036683664486 -0.209778593520984 0.07291200215454705 0.3509942034373534)
(UseCyclicTransform "false")
(UseDirectionCosines "true")
