(BSplineTransformSplineOrder 3)
(CompressResultImage "false")
(DefaultPixelValue 0)
(Direction 1 0 0 1)
(FinalBSplineInterpolationOrder 3)
(FixedImageDimension 2)
(FixedInternalImagePixelType "float")
(GridDirection 1 0 0 1)
(GridIndex 0 0)
(GridOrigin -82.99752131210843 -77.7805259054536)
(GridSize 53 39)
(GridSpacing 50.440489284807185 50.82656887277424)
(HowToCombineTransforms "Compose")
(Index 0 0)
(InitialTransformParameterFileName "")
(MovingImageDimension 2)
(MovingInternalImagePixelType "float")
(NumberOfParameters 4134)
(Origin 0 0)
(ResampleInterpolator "FinalBSplineInterpolator")
(Resampler "DefaultResampler")
(ResultImageFormat "nii")
(ResultImagePixelType "unsigned short")
(Size 2451 1793)
(Spacing 1 1)
(Transform "RecursiveBSplineTransform")
(TransformParameters 5.3107344566241705 7.166476619713854 7.557907703110048 7.8735327349930335 8.090444785653053 8.220659400067273 8.17483111418511 7.968020553670996 7.6081848990498875 7.126378565039747 6.553155658726745 5.983801950579519 5.513531124889824 5.175867651260766 5.004318581999673 4.997886010699274 5.155592671272975 5.439306359091665 5.81089245067521 6.169457656028676 6.41400794474922 6.506092654055629 6.407439201118582 6.116284358430613 5.6307741751479226 4.984262013564209 4.210090199186867 3.4001169891597565 2.6462527817077595 1.9880272177884226 1.4649355675640234 1.0858617474968735 0.8597206007589391 0.7719414697451201 0.8079581898840236 0.9139458983560952 1.0360799025233032 1.1499608722955583 1.2311788992199122 1.2715791118610988 1.2630053257360323 1.2073245309403626 1.106400705684247 0.9789572610642007 0.8437157716609591 0.7093055873485246 0.5843385163067714 0.47154598783301266 0.37328466412669686 0.29388881573905007 0.23250588154202087 0.1888884835772244 0.09060872627603438 9.116072214435317 11.641944903452682 12.035583641283916 12.238706207357167 12.256332515573916 12.107645520170532 11.672468909145179 10.972050763508538 10.017009977430359 8.87203606288586 7.600895555134588 6.384581461904244 5.403172116441995 4.730717702359269 4.44052226478824 4.559311487414911 5.113424127603092 6.0203032698278 7.197286549130796 8.402614042241346 9.394568357914077 10.074187036949983 10.343074723630645 10.180924608980668 9.566962085549555 8.570738773117057 7.26164306420611 5.853569622035338 4.560862164631334 3.4675768830480194 2.657472330595435 2.1322507110590476 1.8940042456782098 1.9077293459188318 2.1383966653610673 2.476639268390307 2.8129098796812966 3.0990918886052836 3.2873069921337525 3.36566548269698 3.3225660385126585 3.166037765809705 2.9041161437584266 2.5798128523037445 2.236191300824494 1.8943601306183833 1.5751450341855084 1.2856978698341504 1.0321989500116369 0.826565851879686 0.6664432603358035 0.5511625347818336 0.2824509349063262 10.398760121052469 13.082021255715278 13.451270888603718 13.591732344510364 13.525937385139974 13.274590927812364 12.709431095265359 11.849185840709138 10.699251258440547 9.332872922824224 7.822666352385403 6.372859502326834 5.186843100209884 4.357208744134251 3.97525104678369 4.0953240434381355 4.769386988864815 5.902441950202613 7.396138292442905 8.94886144550598 10.259404110479846 11.201315604789672 11.648293940119954 11.56873070292349 10.928453719963118 9.81095847424992 8.301003382998742 6.667823274395854 5.180802061875126 3.9422866845838342 3.0531860195674025 2.503568071185368 2.2859126137705217 2.3553863645898114 2.6674808414412223 3.095131129604806 3.510893693159944 3.8588402491773626 4.084458528618572 4.17559133221564 4.121792895472313 3.9328452160238627 3.6193557235226796 3.2313713429844926 2.818592868498295 2.4062951917902873 2.0192140872954605 1.6661248010466572 1.354441958678332 1.0995633361276878 0.8990111314808569 0.7525623754684225 0.40040241668146404 11.779477258913039 14.581221512485685 14.907427190285674 14.96504704591679 14.801596852922053 14.438872783006094 13.744748233892821 12.733910467139651 11.406942252269872 9.836630070567857 8.09438568017891 6.405210009625115 4.995350819328043 3.982163866953198 3.4798878098982593 3.581240857787848 4.376664004165254 5.756097541592469 7.604504196897003 9.545325594071848 11.198091632826372 12.40436779794636 13.008567466567689 12.974770820257604 12.260843177216024 10.972703018408138 9.217369600757227 7.329977536732294 5.646408330153428 4.287266066212416 3.3688885883354462 2.8551129322170703 2.713606808399519 2.8844260395575403 3.3097751204201358 3.8452728705881656 4.349468016391338 4.7600928446189394 5.0182494956183925 5.115522415113248 5.0475626821024475 4.826448456643067 4.466681433600962 4.021789656342343 3.545891473522364 3.0668920784799454 2.6124771664801854 2.193024062342537 1.817317230232063 1.5058719899684745 1.2556905749118807 1.0684847544382476 0.5961087822377136 13.038472910867709 15.885752290514581 16.1538603469119 16.12067219927672 15.862103044017665 15.403628092679813 14.613572491834828 13.50712472424743 12.087111786162877 10.40209717963389 8.500230298446322 6.626111683148115 5.021780492901828 3.833723024588639 3.206476020213015 3.2785533407431697 4.17654256688631 5.779434101392901 7.953613846778826 10.2365303977516 12.158297645486025 13.529366896078738 14.170817813905655 14.061787572491868 13.17834788479758 11.652910170449397 9.623791416525599 7.494703023673757 5.666010370095078 4.269459040977455 3.4296601179319564 3.063134362771839 3.087708349783023 3.4246072150267337 3.995330774343981 4.6482752304729 5.23507777513709 5.692480674473592 5.962150781034167 6.048805329340459 5.96152252678202 5.71612911611213 5.331625843142761 4.8579082766998445 4.3464110591946294 3.825394199389337 3.32290154494374 2.850480007179917 2.4171797744843233 2.050963890020999 1.747672834832314 1.5128017381010403 0.8839877977025314 14.204997693602424 17.036699713968083 17.248150024621975 17.136458331536126 16.801820527682843 16.24958984384439 15.34056450734038 14.188551929862314 12.876601601608481 11.307346415770803 9.379112113876076 7.355395201414832 5.532062532843546 4.122062302825815 3.3338914514241003 3.3459449663018477 4.326472971157582 6.137752794776639 8.621610297971026 11.199388095651877 13.285824918684431 14.673866135880639 15.1787479037973 14.821442319329664 13.609065920868003 11.720191810911214 9.34823620014358 6.96977907965408 5.061086278914458 3.7471231253175104 3.1360828963232956 3.0695414541502424 3.389137429325758 3.984368161464489 4.748846660530213 5.535305102434449 6.198115146995274 6.680913958629157 6.9333898309657105 6.985371898155121 6.869847867991109 6.608593530348886 6.226208766291312 5.759961651960806 5.248646983300613 4.718150210968859 4.19317014341152 3.685136672036742 3.2023619727872825 2.78323702135235 2.4223645474675517 2.1304067240819347 1.295906623753909 15.10436853956339 17.834702189206393 18.00707579140616 17.851772643405404 17.53196544305606 16.83730555407821 15.655927025003574 14.590686220115483 13.618230707982912 12.570086141635498 10.95162080190927 8.856261373052826 6.76432992049273 5.0542008416339215 4.04618126607407 3.946723299939883 4.961835828505756 6.934617595980827 9.687031871204713 12.479073603084759 14.562399231752062 15.744730864719084 15.882327214825642 15.044531997212443 13.292156105304374 10.886175693004267 8.091506603377248 5.470254011025788 3.5829041195505993 2.5200507956385434 2.3425231537124525 2.7787867078526354 3.55290963479398 4.517627823721739 5.528644210469573 6.45642292756646 7.1766643864197075 7.649732366115338 7.843231637134634 7.826756466859581 7.673191400344734 7.41193090514499 7.072883818310148 6.668432482435849 6.2118774099849805 5.721449472626586 5.2144193850403076 4.700973625246233 4.187413892165549 3.723873295469391 3.304206959309382 2.947313692207152 1.8538785133483495 15.76865124026125 18.291209791598018 18.401835405685542 18.20665106083513 18.523183351823718 15.955277069452254 12.68584277460132 13.260330963583412 11.811702867804167 12.542701611178009 13.574507221347952 10.431717098266587 7.616302911345857 5.73648286256456 4.724625414290292 4.613724546736809 5.550611352834044 7.640708715014928 10.665198521694608 13.643611687216394 15.666040753402674 16.55401079619082 16.229352421967068 14.859389537276272 12.576787611622152 9.686783367671882 6.525284402897228 3.7222995337131155 1.9115576073255365 1.1724967515768816 1.5262329687908789 2.5514981781123 3.814252583460865 5.14546038410187 6.3826441321358685 7.422927037930865 8.175336527920837 8.615445814795985 8.727918672469828 8.628446628501832 8.437141831316888 8.191849737728313 7.927434622818193 7.624026904576018 7.262115217747085 6.849166767452938 6.391934070861952 5.897309215674116 5.366682050000527 4.864944286520328 4.384379699671689 3.954502635112813 2.5517341296802023 16.215269807440112 18.40045677712927 18.387328857545956 18.276771287296516 18.423577072249216 16.156845953752885 12.187381835755426 10.391577627580743 11.253251286600083 15.912835403701859 15.145508346885915 10.517043414856133 7.754922079261148 5.99088330241112 5.381910743613943 4.740194242016394 5.6386775647622605 7.15759594090574 10.534989281554866 14.824586655574437 16.6309137415498 16.870362922193628 16.185386746867163 14.578566012066306 11.928283089302186 8.555329945026758 5.268069745584714 2.4160491791399683 0.6999596491357336 0.28665802004033747 1.151657184216614 2.7382633630499287 4.389203246522889 5.971242814312097 7.34912594477302 8.440614360245377 9.194840003550176 9.590427764946552 9.616634908303688 9.437406081292874 9.2187205272928 9.007335574025877 8.839630484189835 8.662539201428604 8.42071559194633 8.110093236738596 7.725503195679308 7.267500164789095 6.7303336739894055 6.195457381872903 5.652258005873684 5.141739880399149 3.382600467415027 16.432418294471226 18.109826270968654 17.839709400445567 17.815218513215676 18.693912505977007 18.965503504895782 17.03107431324159 13.905769366217648 12.034929066815685 14.758419884951193 12.017065852999853 9.967108868327808 8.984918813447333 7.775646948158925 5.804572929214616 2.1966317441058387 4.7950801562530865 6.112769908132739 9.422297107938075 14.312511641494106 16.054983876694347 15.72140022971693 15.118892169670989 13.679083937293964 12.042041355483398 6.992682538516644 5.129322869062245 1.6483523140398115 -0.3146305799435436 0.5002471960191308 1.3674637424193623 3.5999277452232064 4.953028079162961 6.730457558210496 8.291239673525096 9.384232350630205 10.133534642500061 10.534401784971127 10.512783048239136 10.272495825647207 10.035182895503137 9.873755809608534 9.829344037579407 9.802976945425486 9.70092674093008 9.508248255870496 9.211373106680744 8.802574992376844 8.26633963340916 7.701003668107266 7.093437650365962 6.496172361728649 4.338392331280648 16.407240435139837 17.365659525642286 16.606915577814135 14.907009976050047 14.845244473429714 15.812955061626838 13.994579395654663 13.32327479816729 11.088650414811141 6.744828447167723 8.522688103367114 5.852025713705142 4.890626369043431 7.758701076613389 3.4157203631323454 -1.7486258675490487 3.8488208584835197 6.490795797309809 9.764498563509118 12.132774404468359 11.857791880960795 11.851260822214831 10.53600450567589 7.975243336253969 9.679711795155121 6.051521330356262 4.918245665386877 1.7159086481047758 0.47653235621014467 1.559107662840557 1.498389243463071 5.972802050247601 6.535501682617196 7.770322954075482 10.266845167933162 10.611917619020147 10.762246478475477 11.51527127229627 11.633601948296162 11.372140720231158 10.933362840483438 10.805703473660133 10.911084905158283 11.064921093480361 11.115347797864555 11.047452941933923 10.84595859857545 10.492843283288922 9.961903895654594 9.368290126299717 8.694105191715973 8.004835417927513 5.410975819249687 16.126824677786452 16.267026494562888 15.047248448136912 13.002415958598021 10.88367714495477 10.539043291803209 9.791054281186122 8.827587872434387 7.400954908940495 4.107361358745364 7.31878891844145 0.3819977616572143 2.253545987578847 6.799009674399795 5.270083248049003 3.866458844328246 5.489561077830048 5.205518203646394 7.772926857928533 11.10346201844676 11.630056394058183 11.583164992372776 7.65398497739422 -0.05014396949920247 -3.364274813418952 -1.3776396422955586 3.0081927597905773 5.057633054395711 4.516403696455461 1.4461189581083034 1.7055368894031384 6.6456207751091085 10.17682000936197 10.254301245204847 11.02526551080718 10.959312317393556 9.107048180170898 10.376130054480063 13.00134305668382 14.300501805321137 12.149834062057765 11.426166482838326 11.904211255476167 12.394038200475363 12.648583391446811 12.736891886914512 12.636952623561955 12.329975071409262 11.790687303653808 11.156816094351878 10.408578806383414 9.621293521471678 6.564678214472841 15.57818082649614 14.912454419793026 13.400297135833085 11.570334085363154 7.9341496988187945 8.658837408934676 5.058428145384074 6.555722753623956 4.634966689978938 0.6867161137054614 4.05482703202786 -0.5559895516420765 2.449028177973401 5.307158701572536 5.7068279248404155 5.2154473300207735 5.559872197542401 5.351920776829491 6.343902421829589 8.39899261279724 8.239090694055609 7.7968259695104045 4.024140197643293 -4.66809807240446 -1.6641377421303216 -3.4275996683444077 2.6727481189138214 6.29618004300916 5.102546241257889 1.6453600927068779 2.137115892764593 4.768326705219788 10.770599262254864 13.270125386222384 8.88525448089057 7.45792167093658 9.185821599088067 9.85190861145268 12.684003552444723 14.257442625649745 12.483388322685911 11.161695774851523 12.483624990159422 13.839234057600894 14.352808318517418 14.601394202811274 14.618446803623172 14.313151933881532 13.729285490238729 13.027687706983478 12.190703749319432 11.299000043163106 7.763825568873599 14.753514173132324 13.24877216271892 11.64932591514973 10.07208057911635 5.521774018901683 6.193188832758365 6.122312404819857 3.337618090173994 1.4968938840365844 -1.9531329611658799 -2.1599700669192727 -0.031999770763163064 3.4016134366235904 0.708201042667492 2.332369046439974 5.050113040949626 4.933944931446889 4.817600611821329 6.246875452728867 4.759053008569205 3.02695574710976 0.23216128708246786 -3.423235884772493 -4.976981183820518 5.312840915670265 1.7669939380206006 4.003685120707432 7.184707883211873 5.639907697185722 5.404574878412525 7.693761753033122 5.088205507230934 8.563730965455632 11.375049126344138 7.448173536166706 7.335491634412232 8.864297526264039 10.814940694092877 10.986794437133911 10.434177010430675 10.964302555199797 11.897101973905214 13.253799096826802 14.813619303252512 16.062113859781157 16.629174288274104 16.844610352066542 16.425108382106202 15.740756168621498 14.937517475466938 13.9940869180085 12.991137409970872 8.972665264574916 13.645022990024765 11.222711310537614 9.577282267736399 9.186303436572969 5.84707895920055 1.5238337107520061 4.475996580016223 1.538882565442279 -2.7584948154141555 -2.0534329282170063 -0.4728665995930685 -1.8932423732373782 -1.3628338385510994 -0.6692653401764748 1.7054038349799123 3.239395278215314 1.8609835065770144 2.7699063487928575 6.409368313878584 2.325777153699594 -0.45470694413882984 -1.7845631840681557 -6.014670187338827 -6.772816863834779 0.23840347009899757 -0.48217536240630954 4.99527327946772 8.543184153006225 7.584740476474795 8.1921400192194 11.433397741014376 9.352960452337472 5.300092782792721 4.257948725037881 14.314795888883378 8.382762887280284 7.783279696909168 8.9007784132395 8.97409551707578 8.755268078045361 9.96071007042868 12.04131334814581 13.249587124996815 15.226757474119001 17.57245329846324 18.685624640061114 19.01381632468019 18.58828016841573 17.78842219667545 16.842874872949018 15.772029689560041 14.650859386858462 10.155447056922965 12.19114082206585 8.772511284936519 6.706299599566535 5.101555937890284 3.9137325114664376 0.8517300604049425 -0.10344811366360487 -1.4664807115828173 -4.113720157720521 -3.5892639244920472 0.7395328733296543 -2.0833877148802094 -0.36811847685484594 2.1766412062360563 -1.116714506574936 -0.3574331362565488 -0.3624050146875339 -0.3286662954062458 1.5189459473714355 1.40000579232018 -0.31164895617327665 -2.5092959981872887 -4.6236429642662245 -0.5658414359715319 -1.5857591534397508 0.3897149969847877 7.914844510568792 8.837754041665224 13.017192363459435 8.503457267884324 8.95843641170075 7.410872047152674 2.002757955003203 1.661314803590389 8.145009749447292 2.9122156464091784 6.357702882384213 7.296163031824068 7.309220388633323 8.291583832199455 9.57571362315945 11.160783649829034 13.893771024539193 16.67987322466647 19.155057875979907 20.71430261341088 21.116268399926675 20.70220987517311 19.782043216480105 18.6824791419867 17.47640363292047 16.23462715312122 11.278352195364107 10.330302870135231 5.83751603765769 3.8905067092466274 2.5629152324051288 -1.3835769566781653 -4.050592868642257 -0.6344123610402125 -2.1293784001712313 -1.6778892136383206 -2.5703575866333646 -2.768953067394554 -4.2902793282170775 -4.2084708500079735 0.02038622003789837 -1.4491222312498389 -8.3508821730073 -4.709593083244889 -2.7986476276540775 -2.3758387356852 -2.7143459199501034 -3.627594409794228 -5.378829777726528 -5.736880428803616 1.5058071302932994 -3.545474493382201 0.3603043685874928 6.709624636166849 6.2961171862542615 6.567177322570266 5.2712966037398425 4.297131993578689 6.668023616508912 4.840920971136499 4.7380576257167695 5.1712221334677375 4.040379561936372 6.477457306202001 5.861622454241903 4.296552075435442 4.557306695460378 7.419430127869896 9.806696485614344 13.667572487685124 17.40987513282495 20.386824323506175 22.522876934832208 23.09472796674079 22.65974553754806 21.630145158386725 20.393088778618637 19.05917388528433 17.698828947278642 12.307564169220596 8.003582590056187 2.2839985486129266 -0.015438259733550518 -1.7034165570444324 -4.62846919326608 -9.142821028805962 -2.776680647810543 -0.6737337090841066 -3.5618148770198013 -4.768047506556867 -4.387524033214523 -3.1354714986091126 -3.250811545239591 -1.689834980286016 -3.0160793038647977 -10.137728359903756 -5.344428274461857 -3.102471489491528 -2.820946139408821 -1.68579578298901 -0.0850148924030279 -6.2844441536792 -8.33741567749207 -2.267099794484028 -3.0809811901257684 -1.0756474649839767 1.570204530506856 3.035532452300064 1.426479106943543 -0.06503110951283547 -2.1020676853590365 1.8350304059908062 2.3076176447408057 3.7507871553958623 3.6972060601894614 2.6332023250539263 3.8414192980993116 2.452393097439344 -2.610949053965092 -1.9282429776158492 2.518020648202596 7.952067171049152 13.347694579483411 17.731581369052897 21.383959052120726 23.945418205973677 24.68711799416705 24.304734982276756 23.23551144196766 21.912482685328907 20.471511694115254 18.999756127741406 13.209288167052792 5.152041747152814 -2.0219763295462716 -5.077559212088594 -8.333768819490267 -11.10141651081063 -13.539734590981288 -13.737112813040595 -16.29516975292607 -13.714315734414388 -1.5268063352768422 -5.330148743940902 -5.719668581462965 -2.791992242623554 -4.604707472712694 -8.643718265237906 -8.694211907088583 -8.957679367127524 -4.202868578227686 0.24093047558482708 1.7640315642949944 0.5964587985434717 -5.782538353447658 -9.042058136998559 -5.642358285890267 -2.6462410412514528 -3.4965318306472457 -0.7193467168675535 -0.05585012000378028 -1.0984474593933833 -2.263717412084422 -1.0149827016338528 1.0563856431383323 2.7736913532485286 4.329858016484495 5.476820522467681 3.0915340370563373 0.08389207046672319 -6.136984856807412 -9.04411049272732 -2.556260121883841 2.1358491033034976 5.672304184097176 11.79066918814204 17.757500917111702 22.21806359249428 24.902003171395904 25.73155616465888 25.49908896741837 24.504421386147516 23.177933906072095 21.665555322620804 20.093823927842116 13.94970674462947 2.0327576269329404 -6.675610608068432 -10.155057609998465 -13.851092120306623 -16.78466074033363 -18.860808574946986 -19.72295611417144 -20.417311863241995 -16.7768511286089 -8.50901327790158 -10.234461811482774 -13.032995765229936 -9.677423128112618 -8.724064954501946 -8.877314706172644 -10.176220319416691 -5.140924926383975 -0.9404266095226728 -1.06181266877779 -1.5875397797171553 -0.8697261708155277 -7.240415416790787 -8.938719181250192 -5.598521566731108 -2.6993874138347103 -5.330282149723544 -6.8450544368966915 -2.2970787297132214 2.231232148065604 3.4907458318519042 8.341707109276376 8.106589662465822 3.8034853889472027 0.9063482401441865 2.0713731351178506 -2.243713446640616 -5.066078625814765 -10.881713851796961 -10.525563392757316 -3.3373418400767476 3.260671115744226 4.267663524141473 9.463134304529907 17.604822617851106 22.114980076534373 25.027594721569876 26.143715710169335 26.19375447992357 25.35030886337097 24.064459566123258 22.506331819548063 20.85253282070136 14.439004450644351 -1.0971964551795717 -11.27811720466491 -15.124843491895415 -19.14941820906311 -22.32111624789624 -24.654087012640044 -25.622478180530543 -25.552420736189617 -24.660683186157865 -23.35862222223814 -22.833000176646223 -23.352197037273566 -20.581251941764744 -15.359451654670837 -8.25853672777003 -9.784114253985964 -4.826372973409581 -4.8554147181760525 -6.132701711310041 -7.79818563906913 -6.723117055661767 -12.388665718644358 -9.630562608599753 -7.092990351334825 -2.7030692652312975 1.2140413999878272 -5.098138816407441 -4.574158260414712 0.10054506933316588 3.460026095479044 8.32518397671707 5.298048069814606 0.5684872246339229 0.7578715350480981 1.10055900653637 -2.2903947273556744 0.9106631834705573 -3.2884009886784598 -7.97915568375317 -5.352958434404443 1.87442103569559 3.194373398556004 7.8836087543976445 16.134048123660616 20.764688033667888 23.853804120491315 25.81995188177787 26.33962345588886 25.688690982961187 24.446676030089236 22.8580055267801 21.147470326015213 14.587380554315112 -3.9785866802933714 -15.441083978158273 -19.611791181317024 -23.96555574878419 -27.47013522460612 -30.19252924119284 -31.610631808797613 -32.29036585038823 -32.716836679029164 -33.00622358295263 -33.72659949085625 -35.3536365817065 -30.73438513150369 -24.58249695620764 -15.338889635677129 -11.329597493014164 -7.281255314598554 -9.540222300313244 -10.762806414808773 -12.12097079600271 -9.212041694686786 -11.181567875921166 -10.003946233032703 -7.698108104937977 -6.709376867686034 -2.6073707379175084 -5.003783817598641 -5.527404974478402 -2.0518843595984873 1.0660590568854662 2.298344203290067 -0.16955313946093886 -3.022080749126511 -2.1167033296485798 -1.3811029425881987 -1.4092114683403831 3.728124278898984 5.052600492964263 2.4528642815607875 -3.607851271519455 0.45859800041049165 3.4942443323501733 9.747724641747485 15.192299243191036 18.695139445776512 22.204362462228573 25.20416438775937 25.835025539354945 25.32227599012757 24.154078348357213 22.572682120359367 20.84662792862847 14.30605677861185 -6.352175312506766 -18.775640457083284 -23.19818825005265 -27.869813240386815 -31.808770057024805 -35.098817201511544 -37.19745476495275 -38.705177029947386 -40.15561104729484 -41.433473624622096 -42.38770863782205 -41.98930136790233 -37.136337939079766 -34.047463799624985 -25.912355723466618 -19.10191231363812 -13.766048540550875 -12.522771530468681 -13.966659904186702 -11.127334342328568 -8.601629135035175 -7.959639307507198 -8.012420845142415 -8.366063088291764 -8.792302431344368 -4.2315778813316784 -3.7113077678182957 -2.9472462866283813 -0.09435404590657775 0.4854395012271105 -0.15000068942467282 0.34745505609842403 -4.214073651341609 -8.001564855089848 -5.557585731196436 -0.5724601591176133 1.6086041970487566 3.8111266974255993 -1.993279505251122 -8.788303734162778 -2.5241485512052253 1.8362814174909845 7.526671975970504 11.94066246080883 15.988544986174077 20.703913729873193 24.817851181407217 24.514710084845532 24.048894179185723 23.016985553095957 21.501356492553498 19.817859073479312 13.506260704297686 -8.220415298064824 -21.285567646535174 -25.879549819431418 -30.820886654959068 -35.202425764458894 -39.104592061613275 -41.948229085583705 -44.269894568971765 -46.52897690739262 -48.51350423108879 -49.907026770170845 -49.75056156946833 -46.32950466655332 -37.29731063654523 -31.325239588871476 -26.120084170016362 -20.569722034471507 -12.130145036762654 -9.88636170490517 -7.79621784910489 -8.258549084494128 -6.92570795911871 -5.633059227551209 -8.281669847792767 -11.283161442922456 -5.244644341453364 -2.1787372471239848 0.43418691742717563 0.17204897359301077 1.3302857341915972 0.2186027733667768 -0.6898687728498014 -1.1949734278231114 -4.957234334636221 -5.763885997788063 -2.62245356374622 3.3118560634433556 5.07378842746461 -0.9238428957306974 -6.37027333874662 -2.468324479809995 1.5015829578706252 5.480762734603389 10.97003030060442 14.692155353833643 18.216751478674308 22.085066423227378 22.19644002559398 21.801381472945575 21.073539416523502 19.66318907558949 18.091765626552185 12.229601474209534 -9.585762300348648 -22.97503545800243 -27.654970309983625 -32.77409421536832 -37.51038767251774 -41.93380879938226 -45.43568306851576 -48.46427903626502 -51.41294653432797 -54.03960260376232 -55.98489162461292 -55.47236967498926 -54.66534425944896 -53.10641885124219 -39.881342462616686 -28.08664971989736 -19.98964707117345 -17.097074198742213 -13.418889761984845 -8.413074660081081 -8.816393451698596 -7.577932143170816 -6.8996732571865405 -8.342736117343799 -10.724453225887308 -10.333068042134085 -4.448485854118211 2.385135744316705 2.3713567566549396 1.5155215967973583 -3.4842676315829144 -1.7493157253661502 2.198506785812558 -1.3448187556759648 -1.0532870734027617 0.6799338671742342 3.9337754980595196 4.461096882488216 1.1142301340763798 -2.4344134673115216 -1.8202528223709418 1.0653128324141257 5.71345161565685 10.431417792755244 12.971795660641305 14.952012298837117 18.684120585694533 19.547483718357295 18.667942153236453 18.27943568198621 17.07782590538843 15.698846532966048 10.517698358494636 -10.4508452269311 -23.846511936147525 -28.51900586329632 -33.70261205482579 -38.65321043190837 -43.424177559962274 -47.400282853756295 -50.916895113147504 -54.27523881155744 -57.25779862293943 -59.32018567684159 -55.85886294326394 -56.46825546680887 -60.31922503248586 -47.4969090521424 -32.06828181927867 -22.699357491870963 -18.07359756337304 -12.87493851516616 -10.073843568660505 -10.028438580140293 -5.66348694650383 0.905894517319231 -5.124020189915183 -14.595352061363469 -10.37370422351921 -0.5809152822824784 3.470225490309623 2.100158551672203 0.2580460165407301 -2.2338719017668223 -1.7039136766716885 2.0752256639982845 0.35172258833402437 -2.8637189148163045 3.912301252401228 2.255102326238307 -3.5576054749189616 -4.128008902618596 -2.3844442375620667 3.677462861735222 3.1116118027074955 6.32374895428127 9.378568277907558 10.914679884568042 12.14202617821152 14.14564134051281 15.83415346715939 15.140129804615496 14.496543898214998 13.74557311552891 12.66700098323687 8.410179970577369 -10.818262300074066 -23.901971076411083 -28.461003725011885 -33.5647564251502 -38.5409461146181 -43.42111520915592 -47.58347093175605 -51.25880874888621 -54.642713291849205 -57.500798920697896 -59.44570922845594 -58.4363238778679 -56.08901734098875 -48.76570943460313 -38.249255414403464 -32.564579978830324 -27.1383146668513 -19.530644244835287 -12.44172630991219 -12.286253060543233 -11.4251853958134 -5.125054650674965 -3.083706569557194 -6.658566495755674 -14.354938041660358 -9.64690444973413 0.3521251523734593 5.319488496046363 1.8012516138789096 0.5636759156519054 -5.040945510249743 -2.0667847657662293 -0.3573373094041072 -2.0992430815367236 -4.763237676021079 -3.16388955610215 -4.945505475347005 -6.083041009082408 3.658658810785673 2.929050476177871 1.8755190860871442 2.1830016239830816 4.715753005821553 4.101185773766658 5.048045482931848 7.726293977186172 10.148844245840959 11.117093457431249 10.742537280319201 10.194755478947302 9.709666568878994 9.02439881320647 5.946675708152694 -10.775122842847118 -23.28669482297319 -27.6479490292276 -32.56138493872808 -37.412032237699265 -42.20981311807299 -46.345750089111846 -49.94597535387635 -53.09879380469217 -55.565820931036306 -57.05869802712032 -56.66566370740315 -53.480162515470006 -46.897997783124886 -37.999103151366484 -26.241763680057588 -23.793948947970655 -24.206467616888435 -15.99053048103306 -13.093225872513296 -13.678926086845292 -10.613947076397757 -14.856344618689425 -2.8241685862871524 -4.043957524732797 -8.312071425733322 -6.369119424551583 3.317928468099628 3.942159023162578 1.9784356326987227 -1.719759588133674 -1.6984781839355851 -3.1958094157734145 -4.380239977793142 -4.937646909072959 -3.798609502319032 -8.352942168442734 -10.332625665002357 0.7414892224134283 -0.2270098945150414 1.0140573440557008 6.124330372536145 -0.508958830484328 3.3405067311480265 6.081388159206553 7.900121083592445 7.032838025322599 4.655844152207509 5.581535811845275 5.637171285607111 5.466506455384993 5.191555919007017 3.3595418872276217 -10.408519729773298 -22.14590502754296 -26.2435794703014 -30.879837846978667 -35.49341941057508 -40.08294892517745 -44.05234668937023 -47.444253466965904 -50.271420993518674 -52.32103329357563 -53.3522667456231 -52.75592103804072 -49.969754901736515 -45.18821391780284 -38.58645765186033 -29.700325952883254 -26.608348269578556 -25.974990285202416 -21.231337052258795 -16.133973656618828 -12.437767642787776 -9.124655357910177 -11.517877233389132 -7.32450134601705 -4.982585573659119 -6.767380203321284 -7.517567857715608 1.5967173353219388 10.040152747025717 6.301234735198497 3.948852412295792 -2.151478378984833 -4.134704654736199 -3.328600898918926 -4.987223261901977 -2.7712688873997946 -6.916489670921215 -0.7960514380030111 6.375954607775391 6.774761430509836 2.460796819071481 2.381754526868728 -0.010052913082716261 7.938124005395613 7.69065314250368 8.19566346471773 6.913540661392812 1.4200324099928308 0.5979354257327766 1.1198268297900662 1.534167540871662 1.5887730904013768 0.8811378974422948 -9.804469491440472 -20.62225365742265 -24.408394299666046 -28.709717415988692 -33.01703213151065 -37.32171880776369 -41.057845414572235 -44.21149486270878 -46.740639053680525 -48.4700627251013 -49.22136584170884 -48.64789698880748 -46.47901149761503 -42.84132237790046 -37.947575556387754 -32.617081070123675 -27.86323648500947 -24.050573146366148 -19.783448005072277 -16.805266993124786 -12.823308886741387 -8.89911752641694 -7.330865065747421 -6.379225967748757 -5.833397496420026 -5.133212379848555 -3.6293575426769893 -0.09798706398038516 4.417086675171453 3.0716409647060323 0.32184514960047556 -0.09539944339779736 1.2920881361667018 2.32712078206805 -1.3082018927906396 -1.0942285346786114 -3.6202161172808074 1.4567641424872233 4.802524212570807 8.104066181985388 4.200269066460673 -0.3302068257709702 3.037040471688113 4.526420476813005 1.1887366728981075 0.9819224534955164 -0.27663248192889467 -2.610792251034376 -2.7068594583890855 -2.018008818719737 -1.6016016539272833 -1.391599339367723 -1.2544427223762715 -9.048863931480644 -18.85825047621351 -22.305152364595816 -26.24022745164413 -30.21398069139584 -34.21301180341322 -37.720548362282024 -40.691694840437584 -43.060698045313345 -44.67908185153405 -45.41094534890365 -45.05300403000796 -43.4692568359921 -40.742384828516805 -37.021716963773564 -32.741666760053555 -28.391660688557895 -24.224407954243258 -20.47923491577716 -17.128500700377916 -13.953856656411018 -11.156322618474038 -8.73897465710234 -6.696650347357643 -5.275369679096526 -4.1392025039353575 -2.5343728944416233 -0.9059642135066154 0.5342630643316522 1.743523793359566 3.4602883675667293 12.128596435120551 11.819148551304666 7.528097351679642 4.163195470563821 4.25368104714729 5.6869583680665885 6.958407588627898 7.9662497885639 12.235671758571332 7.385281544554449 3.204072520563121 0.1381057586978322 2.654718853397035 -2.0202459793831453 -8.319257566744561 -5.881839644453788 -4.433511399323073 -3.9723020645844596 -3.6913977301619947 -3.5350748465179764 -3.357091689411658 -2.813065049455952 -8.18883821143587 -16.939271354753515 -20.02936323640511 -23.58011270834821 -27.199576082779444 -30.87736176300535 -34.15240541203561 -36.97199557849792 -39.266575362427666 -40.903158111595864 -41.77370081577335 -41.73852961132541 -40.7109559198552 -38.72713316798686 -35.89815938646708 -32.498374484112645 -28.804246440150564 -25.02053047220476 -21.32635039101585 -17.821801058841853 -14.579795807717774 -11.64265677204852 -9.058195521504006 -6.83076586193606 -4.942422319038458 -3.305787470386616 -1.617750680478551 0.10965111968541097 1.860532032754228 3.929851475353264 6.890465138235088 10.432463429245802 14.920454110536118 14.748102077614853 12.678548165692783 11.334165235527143 8.538278781468673 8.659846804156041 11.503083535129043 19.59160135467694 0.5318307090488814 -1.9626836914210686 3.556403415289741 9.731145446676537 4.75658372279804 -5.361632939240975 -1.7578299731291092 -3.2312366524499425 -4.1302406946501415 -4.387163769883622 -4.482676908272502 -4.440729097542965 -3.8259186820947972 -7.271153750292384 -14.950901781274451 -17.67804851182449 -20.834251102575404 -24.084172082052767 -27.425554179730344 -30.452970153664083 -33.121695277947076 -35.366426536166955 -37.068844988018284 -38.13173468498853 -38.44402074188973 -37.93059553841992 -36.60094363112793 -34.49788007312131 -31.80375975036175 -28.669172407574465 -25.24718485306963 -21.679566222490525 -18.13379547985134 -14.77055224455291 -11.67005277963424 -8.904433998199437 -6.450018346990476 -4.28488378874623 -2.3227662670849027 -0.48077205727051286 1.4192243114881817 3.58050825329666 6.13455946898383 9.16992556423108 11.575119658218965 16.159036426904997 20.08615582795483 18.694240017944413 16.37529628938583 15.934040696283471 16.115417852063633 16.530698852735988 18.637801526706056 7.905611448287082 4.48761044296507 10.179082455096633 14.780620470596746 9.879031660224943 0.6812604367037353 0.4484181511833433 -1.9949273829214336 -3.4502041194233626 -4.233943011668715 -4.649452813409638 -4.774770683573093 -4.3236168150264565 -6.328218540631787 -12.948713945448166 -15.31359033129865 -18.06836900981908 -20.934380225890767 -23.914671902841476 -26.663256081930175 -29.14612707998662 -31.30679199861561 -33.04055332635684 -34.25462736268205 -34.84661976033981 -34.740179097143766 -33.92199551192734 -32.39828668424183 -30.267947396549186 -27.610930094176663 -24.546755216264014 -21.190529112714405 -17.737193432530262 -14.376772110714546 -11.199674818873309 -8.29196760796345 -5.664803529384536 -3.3322364858895632 -1.2215386392491632 0.746129130542996 2.8161166571443803 5.234204411461805 8.006003016262111 11.131385517732289 14.281887723883752 17.331984075688833 21.074059427046556 23.525615585113286 23.13900196786916 22.21184146820066 20.511218480897334 19.57589156121527 19.64468117269389 16.842255158626664 13.20109995181179 15.622902467266432 18.46773981978138 10.963438117567986 4.8394709806606855 1.8058114663026996 -0.4894653204170931 -2.212797504600575 -3.4090646831768168 -4.115817380251788 -4.425556155309588 -4.320062398101291 -5.385711048702196 -10.974347776415561 -12.980034649390765 -15.330022734940526 -17.79543462091933 -20.381031893107078 -22.798944661246296 -25.022383593814986 -27.003514213424374 -28.65271106472071 -29.886374924091964 -30.60878382625127 -30.742666697959503 -30.26398347729082 -29.15839852385143 -27.472300673500648 -25.24118640937465 -22.560620453959515 -19.525334687876814 -16.32643560781976 -13.151562930685472 -10.090998111073347 -7.2330031519254705 -4.608898982032412 -2.252925318301186 -0.10398893811346176 1.9053001239516898 4.022435508387783 6.490485026735068 9.271768522999418 12.317759841060564 15.406057334808242 18.244653599392645 21.005390011926302 23.438822928573735 24.313588809126134 22.554339260467746 21.03965921129347 20.97262782458006 19.76304771072314 19.017379820489552 17.640226664896833 17.158645671085463 15.639060229470408 10.723936347964608 6.772217323922223 3.748318835167164 1.3180285214983785 -0.6053650439149402 -2.0223804463226283 -2.9501879028720803 -3.449497227079873 -3.821130115182167 -4.510571678886446 -9.158793682293737 -10.832920207209533 -12.803576565116307 -14.884485750686109 -17.08270560843331 -19.159283517984754 -21.09182530171138 -22.84188767513534 -24.331888493589428 -25.48827971114628 -26.226814115316408 -26.471608436260652 -26.196547875657927 -25.374766467474494 -24.02638400490046 -22.163662232465594 -19.86406575956781 -17.20148239980858 -14.345952186760432 -11.466326323648598 -8.64483991521369 -5.9637037447361045 -3.460054772249249 -1.17480560913898 0.9391727032224195 2.9322724209920357 5.014910053376216 7.394728436365905 10.031471188833025 12.878075932672692 15.71272986690862 18.312384377818606 20.54528684465684 22.27120912245792 23.23317768140044 22.940666539456952 22.09572835681954 21.170258557081755 19.946681905759522 18.90440578588821 17.651010992477133 16.10860504859788 14.071605338273786 11.228181135346416 8.190770409145104 5.4767469810202405 3.1201698043747244 1.1576101666330014 -0.3696088151700366 -1.4670074954123935 -2.1441866441730126 -3.0400504009688105 -3.6762168999701386 -7.443500918411058 -8.803574209406651 -10.41081811888791 -12.116094262680663 -13.927328177640195 -15.65057291209411 -17.267394714785812 -18.746115672741123 -20.021922367647484 -21.030871129639813 -21.701579210031692 -21.964737582280414 -21.794633764194753 -21.164259660071437 -20.082590696193364 -18.553124303163873 -16.635278382993242 -14.386223227061862 -11.94426159839861 -9.44639728180071 -6.961083986851529 -4.555404379618948 -2.266039054957487 -0.13068078614224082 1.8810521293248916 3.799669749538399 5.7782526210690985 7.968358783171671 10.334413605967494 12.836824636600292 15.284787308108905 17.48738186958061 19.35283682867117 20.78348952256413 21.6598383896206 21.86116136585331 21.507427852422317 20.713072140642225 19.690888413420957 18.650942934304382 17.47005622332689 16.031305872327387 14.236257580533195 11.986241054232508 9.539241178203145 7.149388318559396 4.926075374303515 2.9766145340595047 1.38452200777736 0.15837371505933298 -0.6690911929992849 -2.0782343699004007 -2.980965318834587 -6.024387207071744 -7.124762808976556 -8.42773224566057 -9.815235306959595 -11.293419598460916 -12.705950315168225 -14.037707333358473 -15.261894840078932 -16.324318935832647 -17.170968817366862 -17.74102566775014 -17.974119481215407 -17.84791855749428 -17.33944887185117 -16.45364041911792 -15.19453625161396 -13.60650009605687 -11.733416853037646 -9.680679884121446 -7.553839489771274 -5.406742404957389 -3.292514044530705 -1.2419827452176622 0.7142898335789981 2.5913506655315244 4.40386838901959 6.25110063337851 8.231445184759643 10.315053935336167 12.471989563823245 14.552336807232926 16.405946523378088 17.96386225796417 19.157100638890046 19.936235739546728 20.250167331648576 20.143220528689525 19.660923993479706 18.92191751598539 18.04505605127772 17.006915915647564 15.783578732243715 14.307573032105031 12.511276302351277 10.504147179201903 8.395101915897472 6.326036758310805 4.432421744782495 2.8280971612871695 1.5327514609589845 0.6082002637549683 -1.1916963357423014 -1.2203775890293005 -2.4603005220962264 -2.9101611674843952 -3.445270855958867 -4.0189965638741265 -4.633852615611957 -5.226160709041734 -5.788692047075264 -6.309466336649904 -6.7646028005502385 -7.129858917016713 -7.377602911424638 -7.480198238957066 -7.425061638884596 -7.199607886405277 -6.80258307729835 -6.232788023133733 -5.500862557387841 -4.61742407373134 -3.610652486221906 -2.508780801716223 -1.3300937739123877 -0.09278380099079427 1.1884513211644445 2.498772955328756 3.8304006367565337 5.175566937075364 6.54289227634957 7.940917365712491 9.346084336140107 10.734861733005584 12.044494703352317 13.212212130180962 14.209480846705 15.008105872239767 15.603663916751916 15.991468057511042 16.170213782467574 16.138787640674654 15.924584537274352 15.55468838829043 15.038301654938103 14.38448577451206 13.551499034794631 12.497722065348531 11.244387600644536 9.812081313472572 8.297177236427853 6.787214402331783 5.418596132662605 4.204657267591245 3.2439471314295205 0.9209916054003672 -2.095001874528928 -2.595036840188455 -2.6604508833856757 -2.686305774658806 -2.6828668343924145 -2.6559333248182315 -2.583665505021862 -2.4728428927017116 -2.328381586595868 -2.1545837435331325 -1.9556155403109878 -1.7458702945256321 -1.539688893146991 -1.3379371562760904 -1.1414352304614483 -0.9441756621549845 -0.7400773263172744 -0.5079366242746488 -0.22672520063491136 0.1525762212802378 0.6790703977442036 1.360319278717617 2.2038574209391064 3.1920187003887444 4.307120331505042 5.497900749463852 6.713142868796088 7.844491262417188 8.783589015716885 9.485329955009702 9.904568707503119 10.034947416027604 9.870198898462617 9.438513280151907 8.768118696207356 7.94210796029113 7.043652347812657 6.117090292097702 5.2066893297769745 4.335225613930251 3.525475461049044 2.7904217594837104 2.1430348608760807 1.580751557587696 1.1010100807321896 0.702115016587859 0.3824153723893477 0.13948596305872812 -0.02880879459609068 -0.13467022073334206 -0.18630253805364885 -0.19810558829135666 -0.12884036502539825 -4.574815433710718 -5.893922395381679 -6.130972238183124 -6.282551313226495 -6.337475502633578 -6.315656167821129 -6.164484294688163 -5.934628854069959 -5.671061387950384 -5.387605130999175 -5.097688719040339 -4.811994733569061 -4.541123445520399 -4.283616884055426 -4.0379348602063345 -3.8011956441566515 -3.5705238500931102 -3.299518494036715 -2.941510289781482 -2.3815624328916014 -1.5049416730804153 -0.28705011213788273 1.2978303137233076 3.223178121820178 5.462488520079598 7.909476747710091 10.458632368727036 12.873311697735145 14.916199609073184 16.491650466096026 17.503879605110864 17.947747443399944 17.817366647846285 17.166548743853838 16.048964209844282 14.619664785798435 13.034526790521992 11.376156824545431 9.727012372442532 8.127709083565962 6.618428617609273 5.227291357989924 3.9815548426454384 2.886251782827583 1.9460346667578137 1.1622234237398628 0.5360830224193938 0.06474466456519823 -0.2536637149155611 -0.44581833010399413 -0.5268791755244362 -0.5294778282140338 -0.3280774003610879 -5.545185944644213 -7.227138995162171 -7.547839462403409 -7.758635237686729 -7.828233640769498 -7.784715873108023 -7.56418362720219 -7.25145244331946 -6.923174691083896 -6.597947211652623 -6.2933360691458 -6.0045320040589205 -5.726495106770859 -5.453904469386171 -5.182081026130219 -4.91576633723291 -4.659503118681284 -4.360081643494905 -3.9634567168909105 -3.3321263434109927 -2.3294323989362686 -0.9231943132592457 0.9212153264094406 3.1748790164378353 5.813268856399179 8.71108905930862 11.740591027602974 14.615671953255834 17.04756181978231 18.921356030108427 20.124076309950002 20.658778927218233 20.524077533851408 19.78559696782482 18.507115588930716 16.867376805539404 15.04672561141119 13.139734572943768 11.240915452324256 9.396108899415752 7.6479624962825685 6.030491991499933 4.574842472307109 3.291347054361411 2.1878642045353445 1.2675752697770988 0.5339124075225375 -0.01628006757548229 -0.38426022618895245 -0.6029413831507846 -0.6895573059914644 -0.6840240224586708 -0.420161034824308 -6.705153468457523 -8.871679444231077 -9.316867761983925 -9.62185118414551 -9.719500100531326 -9.64079695735951 -9.299420798215495 -8.841655310231141 -8.403455314701953 -8.00661146704536 -7.6705311545144745 -7.366333589167087 -7.064907993118779 -6.759526492110565 -6.44460035289581 -6.133479052872696 -5.838208069183197 -5.499490446106397 -5.055173549431409 -4.344370393802101 -3.2065822321227557 -1.5991409586320497 0.518379807718301 3.1199823255997448 6.185716517305894 9.568282679529274 13.1178171364351 16.492045840466666 19.35057156151504 21.55347207293603 22.967831031138857 23.601859100778718 23.45558632040376 22.60906511279142 21.136375864865602 19.250513591103584 17.160719837476197 14.97618490459883 12.805485414060765 10.695312515791308 8.690366441986091 6.828299832378029 5.145212636504925 3.657308862192649 2.3773735460533008 1.309296773921692 0.45987008485410186 -0.17394309716547113 -0.5918660780770513 -0.8344161305278271 -0.9210479368928892 -0.9004798701997754 -0.54807753651536 -7.917809372006374 -10.666921122026672 -11.28082123300714 -11.724282889534726 -11.876113735528369 -11.755678129912576 -11.235233756764021 -10.557934768449217 -9.953209418124256 -9.440119531693584 -9.033307305237164 -8.67622077687091 -8.312358857997591 -7.940417360832383 -7.560075361344018 -7.1889721841718615 -6.8439788475387315 -6.459602176118672 -5.965513035748988 -5.181760825267575 -3.9277561186262986 -2.1491233564196763 0.20038086640588065 3.101953647240604 6.538537961374522 10.346578002006236 14.358163875735158 18.183939358315047 21.43589849492244 23.95136002923468 25.57783985974354 26.315954959210107 26.15628679974848 25.190587687854425 23.506629683150756 21.35709821073809 18.98889051474293 16.52939609292813 14.101355072394547 11.748219777049558 9.511179402466308 7.430275177359978 5.542389354565611 3.8695087131573476 2.430772247171777 1.2304287644239489 0.2775325715234545 -0.42911401878190647 -0.8863715263990553 -1.1424269938637632 -1.2192156293473522 -1.1750079240039515 -0.7088890348818021 -9.220920719947923 -12.689804189659993 -13.536821861364388 -14.190458837346052 -14.455192920818535 -14.307481833065 -13.5435703197682 -12.566523716027103 -11.762306482198037 -11.103070715899827 -10.548391066127998 -10.034211732934166 -9.496554599294498 -8.964462677103311 -8.471827554425142 -8.013669959219143 -7.582810910014512 -7.1233694907557 -6.573161555818603 -5.737673468843934 -4.420804144161075 -2.5304061442781007 0.0076527023677494385 3.1647560514826383 6.919663477057037 11.095563313579126 15.504283964139574 19.72715342306708 23.345293148275864 26.168994317077864 28.02011692562044 28.87315449834143 28.696148463248143 27.59054416059849 25.6564884147775 23.201367211882282 20.529165433720852 17.784314067092485 15.106169980964596 12.528258313127065 10.079821937138487 7.801624211264091 5.730977009214917 3.8942172885246373 2.314546568704811 0.997412734102181 -0.04581729811316863 -0.8131996359260133 -1.296849310306021 -1.5542134073288427 -1.6086201923468093 -1.5294088506813115 -0.9150016013639721 -10.520439391310648 -14.84227462249324 -15.998476341463231 -16.938301648456864 -17.402111665214008 -17.43535925957971 -16.162806247900647 -14.616775982630754 -13.540911487862093 -12.843528663145827 -12.182585624816538 -11.36442662598616 -10.486641640589914 -9.657277709639567 -8.982531864845063 -8.399772095721461 -7.827548881574091 -7.246430882300641 -6.631435521744037 -5.7845932961788415 -4.510476166234436 -2.628833900652462 0.011531465039821191 3.345119400932453 7.315526707429634 11.73278505760844 16.4027962242664 20.90044724155325 24.799618361181768 27.88502767711866 29.95719218818923 30.92973442179365 30.723498857905515 29.455707590795214 27.239310102213395 24.451848387432143 21.467295923121434 18.450727542955622 15.558812203492199 12.805936168900297 10.201738239559793 7.783404794370123 5.583990052703264 3.6318807247356295 1.9534050476573581 0.5554823791587485 -0.5486986223235274 -1.3527173912933907 -1.8407452995314917 -2.080806639060681 -2.0959768913079144 -1.9680094742471252 -1.1683374505979573 -11.783055169805145 -16.995689417299953 -18.483347047444404 -19.646332418045663 -20.705522537980173 -21.23650422802941 -18.191881756047362 -15.920385914515313 -14.261649293686327 -14.289338409648373 -13.635590768783064 -12.202523891466736 -10.905357555100691 -9.914438861105424 -9.214803739368344 -8.532021080837493 -7.745322423753219 -6.950227544616591 -6.376662687838417 -5.613647620000359 -4.5548447712656035 -2.7959677433786116 -0.021935493134329794 3.5270532409095545 7.604413751625539 12.07744339080276 16.829551906410114 21.456693623176893 25.558601738295106 28.86707398026714 31.11977866601708 32.190563659350936 31.96525047410211 30.55179384108865 28.060056899725318 24.950597178188268 21.695133348646173 18.470625402858282 15.433541451845713 12.571713305828958 9.872829498749041 7.372757280873288 5.100124281662007 3.0843411875011926 1.3524767174219874 -0.0872328699913688 -1.2209849028351472 -2.03452617516278 -2.5047246694845193 -2.708766638158847 -2.6693718701965943 -2.4807966859758874 -1.4650724481226511 -12.965993934613191 -19.009057293703286 -20.795169192410988 -22.200716290481825 -23.83838301580794 -25.464227881427984 -22.12738145059178 -20.29140462895621 -20.350379853310724 -19.92534830373426 -18.24092092664749 -14.618314936517976 -13.002351845980625 -11.020946882193886 -9.010568741877647 -8.33577157804165 -7.230825975643109 -5.995056283516447 -5.864519043490268 -3.8362546541028455 -4.690057490517406 -3.7261404188926237 -0.4757947729539306 3.5571417023195746 7.91759546309238 12.040608059684223 16.577737244922595 21.243443261975195 25.439810132639938 28.881724587049003 31.238344366562036 32.35441873173283 32.13887493649904 30.62394698211072 27.877647008117087 24.50728402137187 21.09101749637361 17.76297194076664 14.678575990335037 11.799022063469375 9.07933790532924 6.55903388042209 4.274223335009935 2.251602525730438 0.5165122742854902 -0.9219557242009995 -2.0498352977294707 -2.8440684051924525 -3.2729853738106414 -3.422996628109914 -3.315414038903378 -3.0565385476404856 -1.800636873894122 -14.002175695793584 -20.714785264687606 -22.730927787030264 -24.407195857185197 -25.462745692946836 -26.634068327166364 -24.220039134920842 -21.682819850320538 -20.14148133568568 -17.156015240271422 -16.706454927275555 -14.144949948670623 -12.40095811205178 -11.989521021712774 -9.70515108856323 -8.003221824538384 -6.881285255454237 -4.916651551656602 -4.479591639756363 -2.915266604510624 -6.0238783206986515 -5.618117737013248 -1.763220140082255 4.133919857566928 9.16761284156365 11.009371500689316 15.360346967392037 20.132926322085623 23.67310511722874 27.605840947044687 30.354534951409764 31.426919344008386 31.25386807985933 29.99364655631761 26.37144852245199 22.850139629740774 19.509253186286195 16.24423620440994 13.22099671566949 10.42414730706015 7.771573446149175 5.3025874156742905 3.07757562408088 1.1169752051312873 -0.5617660342991524 -1.949441778340731 -3.0291795150516205 -3.7690944899511236 -4.1297149981420755 -4.206565563287878 -4.018438387096958 -3.6812505225435204 -2.1689336739161913 -14.823841526585772 -21.94431113687807 -24.094436263660313 -26.364380465335696 -28.237648866716103 -28.385977566991986 -25.52546681558895 -24.28186930801701 -20.74291791697213 -14.460633890097395 -14.41627045291496 -14.438988668642274 -12.416657273118343 -11.689056678049853 -12.12337192055192 -9.821881459737563 -7.064360724989391 -4.765233187378893 -4.652762110920047 -5.776038823521504 -7.968064419475467 -6.448228429246415 -2.5049627397656273 1.8849044583403136 6.354363035938198 6.931695456907791 9.894451604216691 14.603942888153648 18.78983844185265 22.262511513014655 24.263349465895573 23.351987125212965 26.92395307275171 27.486935918871904 20.07936894945067 19.269223458863387 17.312150406826643 13.024057983018084 10.427652152412605 8.383998293337601 5.9360717756919215 3.587199833241902 1.4956062277441764 -0.3303726827698324 -1.8888340621826665 -3.169614005501366 -4.151390740918576 -4.795822334585968 -5.058337192389276 -5.043166345586127 -4.762506270026128 -4.341027591182217 -2.563815665997486 -15.439405686215098 -22.710129877120302 -24.84162292192962 -26.962504303901575 -29.66349937066442 -30.948015723709464 -28.855322022761005 -27.407155090739536 -21.049366783391392 -15.83353483822147 -17.418123525086077 -15.859910176778596 -13.659394758122799 -13.696556974078709 -12.774272004255966 -8.253531122339906 -6.451222408175749 -6.089820710142389 -4.8186888230732015 -5.832937300021451 -6.63755515851725 -4.2485313060309355 -1.6001541967610626 1.516572207736059 2.9639774274046715 2.9407454419098573 5.707477374398518 10.019621488421357 13.801012955954096 14.370396185508273 17.570818418873863 18.932646315546883 21.06610776071005 23.455139558227437 15.514781380514886 15.027576548258482 13.717488601182982 8.218029234025437 6.733068748768228 6.678204452243064 4.409752094666756 2.2784924334318526 -0.15610513359120684 -1.9408923982788497 -3.342642766051921 -4.483622080707546 -5.330380179762311 -5.843833570908423 -5.983868172543059 -5.862641118862375 -5.4868642438828745 -4.985231810575585 -2.963157849074299 -15.857232439749268 -23.025239504580437 -24.962522629372526 -26.3142106586296 -27.701499619790837 -29.510368495196644 -29.840066295482746 -29.67019422932204 -25.378029857025766 -20.972441619145723 -19.816189533855056 -16.107666917281726 -14.072695040855852 -14.096438454484542 -9.430296238442544 -6.211144470661557 -7.064270322626535 -6.795847380621108 -5.999057020403262 -7.577898040441431 -6.748052690711622 -4.966188105622941 -2.7811182214723233 -0.7633313714521672 1.0460347413647122 1.862127940928621 5.105820556306417 6.120129083857425 5.659778861222663 6.434459134913491 10.026401025982857 11.895862444124832 14.048811163646514 16.00724729681754 14.104787910358828 11.927352385943893 7.905391617939815 6.087708692921641 6.5826475206304496 5.199542094715535 3.8010427889015364 3.1765494993662657 -0.7522934650424885 -3.304241080955873 -4.753249099926474 -5.805340464732339 -6.490208498893309 -6.838302661513596 -6.834210059286311 -6.595789352996824 -6.130804949116158 -5.562968125711909 -3.344833291805498 -16.078251686549006 -22.955358316541606 -24.63105741734453 -25.83967986648353 -25.636462150207016 -24.067242833276353 -22.810711120193453 -25.49862337740553 -27.36431394464171 -23.65722074546609 -21.947718890238328 -16.93757461171561 -14.517814700462456 -15.341967599512017 -10.397635442944122 -6.268625028708267 -6.387077363054173 -7.3691759091947 -6.8985450853834145 -6.344411369469617 -5.3340725870187145 -4.234689990965125 -2.384083520745513 0.16324309110209967 3.250232476171047 4.323924159574778 4.860856797596622 2.182546115503898 -0.8019668065432978 1.7163324391008448 5.098065388165899 5.329435781143051 6.8995743191980985 8.789524547741266 11.601523656714086 10.234383403686772 8.502883993642708 4.635683333938103 4.745089296313175 3.5422049308746213 1.3870168676957377 -0.24001514521232856 -2.243556996197657 -4.26572309214975 -5.90646180181777 -6.873654694384969 -7.399826373470355 -7.674702416738145 -7.525568102319532 -7.170566018762067 -6.633368447362272 -6.023165755617409 -3.6866016560528614 -16.103385976806866 -22.566040249285304 -23.845596776397347 -24.356454224996632 -25.49656733998465 -20.866392929264922 -15.649418548346762 -23.060064189422345 -25.185726912755815 -27.24397884272115 -26.38435410814274 -18.66184711229692 -15.993372811898118 -16.447975667384615 -12.33951113981053 -7.817748348282088 -6.000933614712056 -5.555711119408786 -8.442427785397907 -2.8935178120586245 -1.3676465471011539 -2.226517548983907 0.038761403189436765 3.8779719078747874 3.199839153498792 5.327913042171666 5.016990516959791 -1.617023779034728 -1.729695515366405 -0.37910281594762923 0.5525660879668511 7.19559257485786 5.799551420148014 6.134089110707228 7.4788272739795385 7.667983518090572 6.97296467246956 4.195431350963886 3.4915527817272203 2.5695107864233857 0.1191424679277142 -2.3216367634494244 -4.304557459289943 -5.763956009708648 -7.054294191563918 -7.662151481581025 -8.011874304965263 -8.260054122487036 -7.966757378449413 -7.511127886089695 -6.932966282363062 -6.3146934729629365 -3.966224740440514 -15.872025700257392 -21.86915275295966 -22.904146830740295 -23.411160361291444 -24.364130351172147 -21.099929810178317 -17.845576823832314 -23.59543293603267 -24.324136991644128 -27.85023030716565 -26.73107603478333 -19.850626666613895 -17.69735985933289 -17.125332716896065 -12.075813070668381 -6.8914726856985435 -4.529457490846957 -4.097970990401991 -3.7345332911063944 -1.2618286591691787 -0.2384495754481317 1.059536115298737 -0.7098593692499171 2.9196081057075807 4.7741504387470695 2.5965116759637605 0.761252530244032 -3.3408605261285764 -2.277122862575927 -1.8150006277940178 0.20635379164978598 6.310141757821032 1.3223982701651444 -0.7246871053688526 2.9453525209766367 5.182283855889334 3.3613397878456337 3.686819439401327 4.240110262514922 1.8123211289309231 -0.09114268992740127 -2.951708739413028 -4.910472198873647 -6.608638284474141 -7.815884855336253 -8.44064262634254 -8.627246897400958 -8.495039858706708 -8.068973099239843 -7.550245410006327 -6.984285452024841 -6.408729976825517 -4.178437983333803 -15.323548493888762 -20.87554526266197 -21.866602795791582 -22.06874504245035 -23.04456636988223 -21.695555137280454 -18.376352241482287 -18.978085396960303 -20.309256693436318 -26.037680896935594 -21.646992137593404 -21.414698228316556 -19.410696372557403 -17.986804142782226 -12.112665803986783 -1.4314694674973776 -1.5357828982166206 -3.6949494363704263 -1.6817483144761731 0.5636412159696232 1.549427855811839 4.453923236005342 1.6750062033189208 3.948702129505936 2.727189830075382 -2.5994404445167523 -1.7937707617132737 -2.8259171850675537 -3.1918867044986907 -1.6484119762101146 -0.018215574690020393 1.079864690687342 -2.7412001755085016 -1.7553093898946335 -0.854055564695345 3.6795567245686107 4.980575430477784 1.6332122070328852 3.2443777552513886 2.409922301009606 -1.332867639651679 -3.22904807586679 -5.107154057540273 -6.94255999965275 -8.011747296107673 -8.44556017497272 -8.470977591363047 -8.192169445963536 -7.716765049477381 -7.215396275825965 -6.742250031748747 -6.276415459217108 -4.31797764903925 -14.398687455673718 -19.369364421078657 -20.327032492337995 -20.61122316624083 -22.87476431722718 -19.90474386445801 -15.667135203776919 -11.75209264133693 -16.698826622230523 -18.136509321624846 -15.774199125371632 -23.529389178878052 -22.482053215871296 -17.62534201768248 -10.871128453291224 0.5186752560219854 2.5926755116486757 0.18639399467236534 0.776545997198345 0.9047247743478133 0.6864512973719813 3.741782652234286 5.2351079079509955 4.860367509189268 1.9595589265342304 -1.461896643243293 0.7494390679789438 1.8236900277994674 -2.0643676103877713 -1.5324731148567678 0.25414702956403923 2.0924646162509237 -2.5856706809099603 -2.93850175730516 -2.1957931184545427 -0.06633488074190144 3.6290603067866103 1.2207334699957724 5.077258436698446 4.57500626755989 -0.3410879669526011 -2.4746801359481734 -4.6914272128648795 -6.427518106044446 -7.362263123881957 -7.531613415239605 -7.430140108654864 -7.1570342605074915 -6.77857830798436 -6.427729838883629 -6.159372285072641 -5.888787359683483 -4.379615142698629 -13.038195437836311 -17.134434684659986 -17.94898160096536 -18.297778547115186 -18.171916228734563 -16.334476633445096 -12.69068825892003 -6.5246634883861185 -16.175816036386152 -18.288004872393635 -14.817055368306638 -19.26532979373951 -21.916550374202195 -16.599300450396903 -6.167670308532003 5.328830664745275 0.9640641355731125 -0.6261897642917965 0.5489868411855162 3.0447423232224025 4.606306682602397 6.352726240986953 8.103356666041552 7.844879591779743 4.182481954386972 0.9293079402359433 2.801186274714329 3.2571958576903803 -1.4848191654973666 0.8117397076282511 1.3227709108066994 3.769089940416265 2.3970890600372967 1.3075170828445977 1.7074895461311836 0.24143742735106857 1.5424799825930524 1.4175247107219027 3.978191305704745 2.465338778086714 1.3191356420994578 -0.8982475145678296 -3.8493549475938242 -5.03811838874678 -5.361083560855163 -5.342766919425484 -5.321828003496995 -5.267519375787003 -5.166156593946736 -5.120266996841032 -5.190953231415067 -5.216763839074017 -4.358113929623245 -11.386381602660276 -14.500364158560705 -14.896591585646656 -14.855890065266454 -14.267924075189203 -13.43633025818831 -12.126073309584507 -10.755232604098918 -13.340044438383387 -12.614255839145642 -9.606182926500724 -11.903441935151589 -16.54256159932628 -12.09735791320308 -8.366311250821715 1.4845002246184866 -9.035476798601167 -3.0656032329587077 2.992890804450863 4.692208175658834 7.546600110868045 8.174198450333137 8.540505698782425 5.317755430100745 5.304158396392915 2.808025396122768 -0.24478050943301666 2.3346965520350094 1.3330532418464156 3.8389785385376074 2.9161667708052303 -2.849914832773343 -1.2147505526274918 1.6394379435941702 2.8884402662366204 -0.4143569436665763 -3.2499161037618554 -6.1795074597249915 -7.493880709085835 -1.89985240743279 -0.2180218814913584 -1.1456137843715115 -3.591065354817819 -3.2042017249225028 -2.4375724565587418 -2.451492492906253 -2.642824970809135 -2.94176779383016 -3.2317786692529715 -3.5820456670107923 -4.059087708797755 -4.425737747815787 -4.301268184232247 -9.587558264592568 -11.79953964658654 -11.898110276753044 -11.653761221693973 -11.119081142268268 -10.492700898475904 -9.84255288727161 -9.239142547889557 -8.558751977874282 -6.749591460762003 -5.547014025033923 -5.201014191065913 -6.880268717376006 -7.121475532633961 -9.743281081152796 -6.826192252785569 -8.82034321617525 -5.934741832742176 1.3992858304427038 7.570753649112209 11.851334764376887 6.932472609147348 7.103172565221071 1.1074412550505213 4.74461668474666 7.691981963074672 3.241436614177692 4.238213642068566 2.7806955617356923 3.9048077812904647 6.4728022723611325 3.6096808486368297 1.270102499506694 1.2220892385237894 -2.084540739027912 -5.585685093048834 -5.761631534434991 -6.592699938250416 -7.469731622224865 -0.1811512921947106 1.2749016206085335 -0.7816761466396286 -1.88193096272465 -0.3659654218996271 0.8785735134408542 0.7857776575968605 0.06836966194037067 -0.6241917582449602 -1.3366397826955319 -2.1053863907536963 -2.986831482030641 -3.68094400253464 -4.256873029611714 -7.785592579175257 -9.172216983955849 -9.067399645404722 -8.695876982637422 -8.184600150014148 -7.609436910007267 -6.964407972002775 -6.171895759811697 -5.172488124093672 -3.987801732512768 -2.473094952348039 -0.2375679396443964 -0.6228735541656472 -3.39087909199324 -5.467914089731252 -9.847881481504169 -7.732093194466808 -0.24430371755094954 2.096360253104543 5.830260317374253 7.288342388155669 5.307613059739701 6.6328459950463685 2.9775970145267987 2.467463757449566 3.2540534612196117 -0.7283510292186237 0.11880879761820783 1.223467476473118 4.093640898070004 10.121699271705285 6.40104954086801 1.7069333710973011 -1.4452016760266333 -2.1254900112264234 -0.18369345642873441 -2.8041588848729666 -1.56612996186002 -1.1049586869847934 -1.0186529125912682 0.9421169573178823 -0.04820564271870364 0.06166742715936313 1.389269469071979 1.6546099467973039 1.5662798000376406 1.7362813480410424 1.1916674439233115 0.1625278024018091 -0.9841718003520228 -2.199563921753767 -3.1486508338821344 -4.272541973791222 -6.12435302021565 -6.75834938739749 -6.486534215135684 -5.967264696392478 -5.331390452248962 -4.607220658981684 -3.7828005552878565 -2.79466553564618 -1.5960496488237659 -0.2076678191324648 1.3835229236316433 2.84150878523867 3.3939868993235356 2.5872743632213675 -3.2008229700569704 -7.416899250299723 -3.6242110165698382 1.936209498765876 3.578622363641257 5.0389278367229045 0.7168837219795929 -6.335434780744187 -3.666397234100257 -4.409186408994092 -5.250918592230096 -3.7642961335405776 1.7057618791392095 0.6615261086155974 4.031952012100924 5.579340825898769 5.967658254687196 3.9907649014073523 1.486579376784203 -3.0200864426832985 -2.581426693674463 -0.9772005541338914 1.4227734175844537 2.446938580827095 -1.3083859275777896 -0.9530700364965451 0.3311371423441098 -0.5718650808966561 -0.1131514023586136 2.451647797641642 1.9260740795576368 2.834021940108519 2.237192896580818 2.199556441181882 0.9247855020057281 -0.5130430833486732 -1.9241538137670167 -2.9956400191536874 -4.395889937467804 -4.616362660342277 -4.570164075592395 -4.151392109195647 -3.4725092934968194 -2.636223820163862 -1.667466799514836 -0.5871731492739563 0.6027547220030431 1.9095570276169873 3.297391717684564 4.730671956632137 5.698237303271334 6.808870078636158 4.116797345783256 -2.1447151441515175 -4.802722449471876 -0.7774675122670383 1.3561490897138126 -3.371776593713122 1.976462732651973 4.129421300360179 -5.632786976118709 -4.782880502830922 1.0251917377052178 -1.0383302968759958 2.466774512607752 3.3046653586677004 -4.048674229855255 -0.3748110830383483 0.8499942901959847 1.8920245651105392 -2.8509952868586677 -0.3889968123091559 2.2880739629013407 -4.8862111407391025 -1.5350887240665263 4.355342740315723 4.704763360963154 -3.109762210087652 -2.5759518683069387 0.06438541933252889 0.048690803395453404 0.7838254529814375 1.779967009185505 2.3418406146008137 4.958093975677263 4.0127084260158705 2.594671244678832 0.896578970184833 -0.7115878955723859 -2.1312846381450252 -3.195818340840731 -4.614094248003049 -3.274144216916235 -2.619844992075708 -2.058494736739273 -1.2199093508829846 -0.18484222534069106 1.0207399678268378 2.339721439640758 3.731359563481758 5.156119568868491 6.5817891322568265 7.709052309090401 7.681970114554258 8.377937179310901 6.733448381326175 4.03500304445821 -0.3146402582885192 -0.4351943014600311 1.1941742338932 -4.36803922412903 -5.2734157945965725 -3.8335114144354843 -9.918002522192578 -9.499062527116797 5.622266004407094 7.03786620043864 7.547691172349893 -0.12785108584798935 -9.634537378973091 -5.706196167062454 -4.580406117988583 -7.8182773420556995 -5.343863869794676 -0.7380821625870349 -2.081522340815608 -10.662424908972744 -4.922928571878042 0.04231216178212848 2.4995358930691727 -6.158670716890308 -1.4766021262790954 0.9683032605135127 0.34805121589021165 0.5418420344712493 -0.34271799941633707 -0.7116001418836337 1.2632992613194771 0.5935754964888431 0.8040867317502005 -0.0419766380592937 -1.5959662718996401 -2.795091755099603 -3.723092535898578 -4.914336141364371 -2.1103621556613383 -0.9364851657748184 -0.24563445141509635 0.7389243030019308 1.949605638068821 3.3561178325199914 4.871708938073913 6.422372616213615 7.935519282229161 9.405605041737857 10.378204964485436 10.521685578577406 11.503167624797427 10.936977128599933 8.791354956013183 6.256467535827392 4.207323047107875 -0.33975564797646196 -3.5378209147863595 -4.166481452751406 -0.9175188739099106 -12.576110462704325 -22.022890967004628 -6.279727538687755 3.796549456653824 6.310135895753443 5.435874594797995 -3.560422451280688 -6.573998172806049 -9.306374830890514 -8.29457908660494 -3.017750242200131 -2.682837144263993 -5.591174554551834 -5.994367643565388 0.22974664056646993 0.1685023057021628 1.6345417603009282 -5.978530630188017 -3.3663901552688213 -1.2919958459922072 -2.2804916303081013 0.2926801633502997 4.019631852460858 -2.4631419520519153 -0.7444513150392938 -1.613032677988011 -1.712271144378238 -2.033741692521084 -3.111540901250564 -3.8647203661438 -4.5457697577506195 -5.284153827631299 -1.13768251532738 0.45064156260690513 1.2480413491788285 2.3487943623868865 3.690410532253194 5.240711852174562 6.887919739332437 8.523057511889261 10.04087803571096 11.445028497926518 12.777070344430214 14.148730163627972 13.64723595039515 10.358866429250996 9.144592327728775 8.790747456266683 6.6988805052663585 1.7096057364938726 -0.951936039082155 -2.7436072065870585 4.073098335447494 1.0822003458050269 -3.6992239768917208 2.112355806594703 8.72962261525898 11.321326535488431 9.232748885904767 -0.749075382279836 -0.701270380687969 -1.4560132283434002 -3.3011693878821124 -3.651118652626539 -0.549609272920345 0.5471691170824003 0.6115768131299828 2.1745472016326115 3.113866226438938 7.788614550911568 4.305181803630714 1.649546815981682 1.8847002122775391 -3.7841439398749515 -3.184577652936842 0.6416198452022814 -8.706112680667088 -1.9176053172188707 -2.3707107825662392 -4.05432489087857 -4.422539879413723 -4.9285330386776325 -5.274522172650424 -5.632102055000484 -5.711084664245403 -0.3415238231890139 1.5615459752195917 2.442309354477236 3.630304234606601 5.062165932558472 6.706153874298351 8.434171042334969 10.106711884408282 11.58684821929962 12.884791595135908 14.01466959767649 14.770485891292342 14.975577225425438 14.676058591086049 14.986262377836672 11.06615245312174 12.285699580745616 10.813678822074142 8.167447537497651 2.4813781741297403 -2.143622918501102 -9.572634301740274 -4.947361314488656 -0.8875810628379059 7.273386102758082 17.003933858572577 13.644693099176255 4.010050119056723 5.370878159568561 5.633014931958171 4.411124033037557 -0.8027493647841063 -2.21475155077987 1.8561483229617357 -0.04625057799540827 2.046126841244038 4.0745591073265075 6.206380473837896 9.843473241243352 -0.7129108284112916 1.363785591603097 -3.2501486325779494 -7.100674675567402 -6.86645892927405 -4.860753373026987 -4.618832875005619 -6.424064501253427 -6.413300871968707 -6.592035689465958 -6.772005384709972 -6.75633146664621 -6.763750260927135 -6.119926037127312 0.2926932606414947 2.4155299572255604 3.354032496831519 4.599979888361244 6.086658824244543 7.785876885295245 9.558492808429262 11.24864033127949 12.70371592801292 13.937903160517296 14.97594693104238 15.888163980984983 16.733480214102357 17.75685923666641 19.341375868128246 19.10194319259099 22.902652882876616 24.36875876521322 21.783071757893403 17.56922026335605 10.499712294788276 0.9781129555785298 2.0082132993347668 8.459995231514887 8.996816330239172 13.26088759518734 17.167098385503575 10.07201226693304 3.224154510186849 10.414267605091045 10.863256328925836 5.249109582989596 3.1938495124854644 6.051404154687789 4.920292235305251 4.86348327596521 7.288040523612042 10.329097666504694 11.742774042534883 -1.931888630449302 -2.692862027149867 1.1598057004382318 -0.7771061413429938 -4.765657677745757 -8.17237670768966 -13.890388426890967 -9.952958859434592 -8.179039146242138 -8.216321876352493 -8.26784726269885 -8.012307306352568 -7.7224114644912785 -6.43547333574446 0.779184989475425 3.0312225823370915 4.0007966722785175 5.27526883998868 6.785249450733661 8.509050440872649 10.305220776403885 12.016684730295186 13.489748206583332 14.741971478438398 15.806477374927573 16.933502071973493 18.35713134689841 20.16439975378226 22.377845027979625 24.571786712953234 26.418964671843344 28.10407886203112 26.657386711981975 22.236866259615873 17.790726525917464 11.34846112832825 8.969742615977399 10.38929915471091 11.304377566695427 12.559874939714836 13.62713062504191 12.318034024873045 10.925242883168425 16.344862625981992 17.0576892057108 8.61644280150885 4.295352310919317 3.5170704278490805 6.1156326862089685 4.887975997417561 6.460441652933109 8.592977246000764 5.805216752709318 3.9876430676688903 5.7561374928158555 -2.8723430125976916 -11.944968679373345 -0.9756306419849414 -14.200701532114678 -19.694019746373844 -12.413885170090076 -9.619624860941599 -9.51439017376508 -9.237602776437523 -8.781150923763832 -8.303015627019525 -6.581460748906314 1.1321528389279614 3.427102886490719 4.400128861227113 5.6736545066688615 7.180570855903719 8.907027545872513 10.717746618391889 12.472914268253424 14.033144392334462 15.410612457594919 16.638773729549037 17.9906419015981 19.720672117207638 21.82077178214814 24.199319110355162 26.276457316680272 27.448504964350516 27.212639368084705 25.08310806879132 21.780378099335802 18.124167109166354 14.473626666504924 12.08201661758093 11.000645113135159 11.163819279932422 11.861493892126177 12.104506348551308 11.633540931496112 11.384546626946602 10.7264891478382 9.582618042160467 4.342667880044844 3.0708511226723503 1.6752272396717476 4.2228233233314265 5.143047364729298 4.837173506584486 5.866117783425216 0.4103947498790714 1.3839336591075027 7.3283359327904645 -1.54112750357024 -7.7343890652270835 -12.940736476699502 -16.838732489378884 -18.48370355167522 -13.043728913462974 -10.599794551134458 -9.871112606293869 -9.366173530874226 -8.814798885147011 -8.300553274844763 -6.481593540615284 1.3641138563913233 3.627605335506007 4.579373127135089 5.824977061377408 7.303039380645952 9.008433967106463 10.816515736069885 12.615454678502404 14.291144971360868 15.840949968705306 17.279237017492626 18.813640286127608 20.638802321948152 22.673125554607257 24.785332839323008 26.451568256898963 27.113111731937796 26.586584052909892 24.675004607174753 22.00002012103232 19.027780619777065 16.119854084062478 13.684541401704573 11.916642550721987 10.97974737463078 10.599218313922641 10.35265304023044 9.784793867813848 8.527477766939471 6.297760352946455 2.766053949341252 -1.2152160757818493 -6.663758538549388 -5.785626859251436 -3.5554392681724143 -0.9711638341755501 0.014087550384765363 1.8124284115424842 -0.17796326259788015 -0.3309897755885185 -4.4126507041192955 -8.575708814568058 -12.435201683528945 -9.616044002267177 -10.45465787196471 -7.785029236595595 -9.11412372864952 -10.30086802802645 -9.468296271657557 -8.861979056630028 -8.341678729971314 -7.890268540743646 -6.191984474931632 1.4874586177824256 3.656771196150852 4.565773650213446 5.758778526776821 7.182094355535235 8.839198684462431 10.618942235983672 12.439441679121362 14.215093191841383 15.923917621694914 17.554012947310763 19.218558018055038 21.022936902543094 22.86523617843877 24.612907516852335 25.86627616446133 26.20295458193407 25.58079646937769 23.958353111323845 21.694163706337836 19.116588412625983 16.43707704096046 13.87508874672351 11.662005918119066 10.046136743170296 8.873068427614577 7.992250174526705 6.834416027197143 4.81644913684702 1.8657767941415713 -2.042071372242694 -5.9312728882002315 -11.706216154135243 -16.287624765606548 -13.465664007995311 -7.577620139653931 -4.181179440060656 -3.2769372352170367 -4.322566662034708 -5.477077424576802 -10.407508364362789 -10.572592036057198 -14.992719523029507 -7.526272956542241 -8.058888577652196 -8.01541643751849 -8.391137790091006 -9.133627811610033 -8.530473530252547 -7.992607174439625 -7.588496719080942 -7.246892083767697 -5.768343444798724 1.5100492828044922 3.5284651507489073 4.374241089975131 5.4892276389538415 6.8290261420020615 8.403131614017886 10.115630206638727 11.911836340664173 13.73068991885414 15.531980270892069 17.2785665385436 18.99461988864433 20.70327582300366 22.306311880032034 23.69649106632345 24.609269108342097 24.769556296039507 24.152036423933982 22.737673027894967 20.744706651469944 18.383110968113666 15.809794367565582 13.185953758698984 10.742144553890881 8.713865730124496 7.014157086277326 5.542014400250081 3.7665137514594402 1.1705153393306091 -2.196892299541969 -6.282309689829543 -10.277772845511507 -13.804437452666097 -18.853618874511593 -18.86238893536197 -13.763126200013149 -10.20274820260566 -10.612514054758233 -10.53429618755198 -10.017835790001163 -14.010055463044752 -15.204524447864914 -16.584450323790513 -12.88908758308569 -10.230530994777144 -9.520996867117587 -8.784703496736567 -8.175741013815568 -7.562748007301558 -7.092688719826159 -6.785597651823681 -6.5340542219448 -5.252179126494483 1.4377286655664294 3.2525837608188715 4.014971008789827 5.0253962774803655 6.248343941908591 7.696304641094737 9.287798874828296 10.986175101973174 12.74791519407025 14.52394295264061 16.265066034606303 17.93670214373913 19.504771000829535 20.88593688831376 21.995505766434054 22.662062947361623 22.712527201279194 22.132364737265622 20.909842421280366 19.175063928569642 17.053231174483322 14.659347806589674 12.112007437516342 9.617014358962415 7.37982829476052 5.351820869540214 3.471852800723501 1.3063271084669317 -1.5665534163484403 -5.038128301740133 -8.98148165445835 -12.769518072219123 -15.607548566544446 -17.73402822746002 -18.739971571584736 -17.05705271417198 -14.953679795851002 -15.577255251752444 -14.63900057382656 -12.288922083661332 -15.445007291299417 -16.890970950652374 -13.52626488724577 -11.029402849096735 -10.505834290315418 -9.463703792962013 -8.5136616828847 -7.699980886663354 -6.997229106363263 -6.4802892824671385 -6.157393301630535 -5.909325539505761 -4.679388925504762 1.3089458893864603 2.900502604124903 3.572186696370503 4.467937544050648 5.560078348724264 6.8625893016123545 8.306210217535245 9.86510016316695 11.50730499424729 13.18043884260087 14.830812751528326 16.393353243631143 17.803768832102037 18.99192380569568 19.885308196165138 20.379929970406316 20.370451435729276 19.846104499112226 18.796729156382174 17.297377456997733 15.421231003681353 13.250754405771806 10.871998901339298 8.449492645154853 6.146677828139526 3.939406661828607 1.7988441821436567 -0.5840147631659157 -3.5117464863601957 -6.8674985769058905 -10.52020497986043 -13.934265253804277 -16.563520562238544 -18.21709927922525 -18.634723038332915 -18.043464587269483 -17.331560437298837 -17.342233468425512 -15.999691019181341 -14.428187853132977 -14.345114491851588 -14.211898808320196 -13.054660299985589 -11.780134447409868 -10.678460981918784 -9.574183323258502 -8.510063608598205 -7.538586709920766 -6.706516698163536 -6.0882286743927665 -5.683861602078384 -5.383129083349833 -4.109797285978109 1.1340587270068914 2.4831050579853224 3.0564639283004027 3.827076046129084 4.774168282369954 5.9115958106265944 7.181532127433757 8.564222694767036 10.034797942603735 11.542266752985839 13.034807936254753 14.43740048010023 15.674731119187863 16.687154785265946 17.41509431101517 17.794898540389983 17.760624904311335 17.30455749882654 16.417941630890116 15.143997718499055 13.525783295956753 11.619627832459981 9.482298004189644 7.231066923098816 4.981037796494571 2.7274511566085935 0.46478806622030794 -1.9940632690547235 -4.8338338600303326 -7.947696505945022 -11.221863817141742 -14.241751113422513 -16.59237468926131 -18.143079361540696 -18.753746482294137 -18.6756496773844 -18.165647458373414 -17.475398513348193 -16.774484666559072 -16.077965928177242 -15.466086389891881 -14.689769655215477 -13.516453430850056 -12.181663419220856 -10.909989707021964 -9.68924965163089 -8.509346165975455 -7.42542243044117 -6.490411505087906 -5.773313773437504 -5.263697005967025 -4.881347345187818 -3.5250737320906786 0.9578126542062896 2.0869108238068885 2.5710459431210055 3.2267539384286703 4.039288211669209 5.020904025438078 6.124180152749192 7.332460319699213 8.624708852471658 9.954219319969717 11.27398411804658 12.510545443801961 13.590748769991713 14.464063805238318 15.080039533535075 15.39474863711339 15.364129422490382 14.98011303456455 14.234242110481734 13.153129072272764 11.763561405603248 10.103132563699926 8.208926651477533 6.156741825822547 4.02167414867087 1.812493984000408 -0.46178521067284684 -2.8964411172675337 -5.585830271549553 -8.439140728501489 -11.364751397507803 -14.057671019439221 -16.212622513433356 -17.75053723024387 -18.591838973431603 -18.889927995171025 -18.79942552677007 -18.42167720589528 -17.858144421805775 -17.121667322628195 -16.225953899668895 -15.141570678064436 -13.8393547216453 -12.434153550294202 -11.04038259985478 -9.691851235951487 -8.422019658638128 -7.269839829312628 -6.268834464883445 -5.477907845278484 -4.879289737829059 -4.425233626599507 -3.005623814527971 0.4336637177887863 0.9547508713652677 1.1900832978638134 1.520318327022451 1.943843170596723 2.468287435600941 3.0738349694160587 3.7518913888530685 4.491892520513633 5.267139213867451 6.050774812950188 6.797294793946297 7.461198483173011 8.013467939736485 8.425083897583113 8.677609468684224 8.752651886572844 8.635347890576009 8.310817392482166 7.7661187655831245 6.988347821166586 5.981076376217604 4.7477925434382175 3.307648263448675 1.6799473251251131 -0.11141466695992258 -2.042568847489167 -4.090040060988495 -6.230295600385158 -8.40449835429944 -10.553824027114306 -12.565328024009755 -14.326054628054289 -15.788815805558867 -16.906677832014392 -17.670715065003918 -18.071994151490955 -18.106272021290902 -17.76941871212127 -17.07960573646123 -16.054813933840588 -14.767346379512489 -13.289659066708458 -11.719017973262723 -10.152721257201343 -8.652874065469483 -7.281204979263191 -6.050770236704133 -4.969603886896709 -4.087112850670947 -3.3828558570660525 -2.858568616435711 -1.5432954751538566)
(UseCyclicTransform "false")
(UseDirectionCosines "true")
