(BSplineTransformSplineOrder 3)
(CompressResultImage "false")
(DefaultPixelValue 0)
(Direction 1 0 0 1)
(FinalBSplineInterpolationOrder 1)
(FixedImageDimension 2)
(FixedInternalImagePixelType "float")
(GridDirection 1 0 0 1)
(GridIndex 0 0)
(GridOrigin -118.89583705312396 -102.22890137867796)
(GridSize 32 23)
(GridSpacing 80.20438626044049 80.42089572073992)
(HowToCombineTransforms "Compose")
(Index 0 0)
(InitialTransformParameterFileName "")
(MovingImageDimension 2)
(MovingInternalImagePixelType "float")
(NumberOfParameters 1472)
(Origin 0 0)
(ResampleInterpolator "FinalBSplineInterpolator")
(Resampler "DefaultResampler")
(ResultImageFormat "nii")
(ResultImagePixelType "unsigned short")
(Size 2241 1563)
(Spacing 1 1)
(Transform "RecursiveBSplineTransform")
(TransformParameters 0.11377951547820297 0.1756271475409809 0.16897919929635838 0.13489242837308493 0.04522962991402282 -0.11839961277647647 -0.3839104456519203 -0.7940650530342316 -1.3580375369642677 -2.0631109410658923 -2.866413463526026 -3.674383592955861 -4.448242494732324 -5.175323231840329 -5.902444979926478 -6.789050403806302 -7.82199878536507 -8.882404335010248 -9.707709996201496 -9.773083705618536 -8.892477679154863 -7.085679715489332 -4.6133022858462045 -2.107372908600955 0.08779782726843292 1.7829265636612597 2.9142309122201744 3.5926802226963557 3.8880173169428796 3.778098912645904 3.53458611783394 2.3738033589662297 0.35354402556636755 0.5966848180291582 0.6150533635074249 0.5748136368699374 0.3955152811284475 0.0436464325034111 -0.5354610890521738 -1.427853291352829 -2.6200480573116347 -4.03570998995844 -5.4865894810631755 -6.5752399294739465 -7.205258454478615 -7.467471908618517 -7.680164309271569 -8.59709769965357 -10.379421550404446 -12.840903050154713 -15.29341125906687 -16.186726096666337 -14.981870684705786 -11.805332850748623 -7.228286391355724 -2.627014470339906 1.3256813694930736 4.442030309253318 6.5362313969520205 7.455512736463042 7.399765953238926 6.8866987206024355 6.4739732322749965 4.510586432956 0.4608106779424596 0.7799316884175121 0.7978944474440268 0.7243579984788774 0.45204424458775155 -0.05916994197280835 -0.8747323400803859 -2.1018381911682638 -3.7012410952867563 -5.540994917849991 -7.3202644772894105 -8.412404588122145 -8.687596435041657 -8.352229771760346 -7.9087385835023305 -8.454073047072363 -10.293251495614195 -13.289118506085691 -16.556946265080832 -17.97384493594443 -16.845013920621977 -13.491503037097564 -8.561458992628385 -3.5028117486464674 1.0394058178604333 5.135036977545786 8.345499540040642 9.569470110208183 9.001216204215586 8.094558479105894 7.650430706483669 5.5403648387747 0.6020232472201431 1.0208249155314537 1.0382230708191378 0.9178054822237124 0.519775535505079 -0.19756179294143233 -1.3053817598624475 -2.9244231220655186 -4.977150106245903 -7.266824001520668 -9.33125224738312 -10.16916266782886 -9.703925817843254 -8.642669062431976 -7.708197608899267 -8.04206847542942 -10.019825760969429 -13.634689320444616 -17.85033955899049 -20.085263851211902 -19.328034536707104 -15.475275129615238 -9.439334128391435 -3.504742724771985 1.3384480547964936 6.2093112529726175 10.572933605789162 12.02435440541375 10.82852109011221 9.530190518250762 9.091019628062476 6.913820878948696 0.7676185594622333 1.3051221133116275 1.3274127294602942 1.1612473831406327 0.6353907227347846 -0.28092732160986666 -1.6501150941176506 -3.5828792384787986 -5.955838843705731 -8.524964769289573 -10.637702370653754 -10.76573909534974 -9.075122436799623 -7.456843328122389 -6.840722250772544 -7.655043248745853 -9.912454795879201 -13.946975188755985 -19.396062596803723 -22.854963907488813 -22.955073989056622 -17.3323952950524 -8.148348796992927 -0.9531820004498637 2.8625518490384927 8.080194521742893 12.805719419845799 13.972111172157973 12.435297643739302 11.017446939828533 10.64959279638759 8.521347919839634 0.9661244485943681 1.6504358699064692 1.6900430758836198 1.4904127889141938 0.8545216210606897 -0.2097429743242548 -1.7404107473790473 -3.8207685017428705 -6.2937084078518915 -8.910682456736039 -10.861588017274348 -10.155084028591206 -7.141570490952148 -4.7669235653011865 -4.571748178418305 -5.675221235446819 -6.897645871735146 -9.890424077913648 -16.586450830669143 -22.215525161872932 -23.754508235556628 -16.50147499640489 -5.945543714996898 2.0209149064652485 8.629287813591207 11.657217382240054 12.38303477582215 13.396755611464696 12.628424339858368 11.860572120324639 12.049941782898317 10.458858464891133 1.193428214473614 2.0521739493274835 2.1271860763657413 1.9178402338485308 1.2119875750570062 0.10400701964591114 -1.3969737294107774 -3.336665479457872 -5.570915492964949 -7.98381360581818 -9.836637097056682 -8.49540279038277 -4.334853970072761 -0.4185464003803981 -0.3965297630075361 0.14967300679599194 0.5589697782144554 -2.0087870557449907 -6.67898428194389 -11.049338293912783 -15.255768681508169 -8.160054076668077 0.21528909715890682 8.099027488746541 9.992300565212192 7.3371556019706645 6.317347284831563 9.03593453929762 10.025356888985476 11.193132196019727 12.86003580296617 12.710238741930112 1.4845700595377962 2.605367778701118 2.763929552469179 2.6157272082641057 1.8755886470563325 0.8348122310453183 -0.41719579929901346 -1.9167128173255974 -3.7043991831989143 -5.899869799806325 -7.681162079898823 -6.413134282188035 -1.0625133180437463 4.013858698250322 4.04819262417509 6.082131157112676 10.528290917221218 5.1869833714040245 -0.2856490124916433 2.2525436599801183 -1.702173543747372 -0.31119620967261963 6.954054290256799 9.325939270688668 3.9000136611905285 -0.04352234377272249 -1.03950966436335 2.1245612240684197 6.317708140846881 9.81652655143397 13.303455214978326 15.006924576936635 1.873685554347494 3.4035380941670113 3.7240606809413044 3.771029390112006 3.2281875856361033 2.4851274411122515 1.5298946589991993 0.5954583464505828 -0.4909006328657957 -1.9686079571380641 -2.858836588718911 -1.458201302653229 2.823071408084837 6.612484959726431 6.585998180873259 5.718258387893127 8.855244179796859 6.507117088912443 1.8293501863185604 3.577456411108792 2.753401548359974 3.8526163644822558 3.374705724215889 1.6884668950121224 -0.6481018736853598 -2.2933289441745854 -3.7625668908047554 -2.3020251808213317 2.6602086839814723 8.406442027557578 13.592691753095869 17.072310683137836 2.3924471808565597 4.538994846731884 5.128411210643779 5.545857287939893 5.4485160260031575 5.008252379137017 4.438595238184848 4.364784305478435 4.289669440260685 3.4822348864481505 2.616836807243255 3.1563732305399994 4.860728214869832 9.204828962916567 7.89578813125561 4.719733319207852 8.468802655957587 8.32106089173787 2.1536604833039723 5.15828424752459 5.196132326858575 2.5575645572598944 -0.1860575738667433 -6.038731021513439 -6.449818736076515 -5.3129043991680645 -4.172767912699776 -0.007489486023125347 2.8963132574125603 8.457209316505036 14.366652175821471 18.584167384286065 3.072466937409152 6.1039620801759815 7.09786965743063 8.073518012821355 8.51620454487322 8.4201470617162 8.29958515624328 9.283649862164388 9.945279484035 8.607227111292723 6.296532242279363 5.153987684370928 6.5491241585341085 10.723335415088412 14.558243526364748 15.121052741369102 16.981781617838813 13.036001664927479 5.295116341720335 5.685759708174629 5.957818698055332 4.363200639660323 0.24310088947014233 -4.275038842523411 -8.307070934467635 -10.936847120330889 -6.964756978809565 -1.2099433803114084 4.807754678438403 11.107189101257607 16.26262562478271 19.219689529028333 3.9472064803594074 8.20593739782665 9.764816141096341 11.50660937454797 12.625999156742148 12.938305594053299 12.97548208764021 14.19498505349288 13.865385618081737 12.1776811410408 7.340640387150059 4.06161547069928 5.516259171329726 8.613627203761121 13.056180702990952 13.614813189882073 19.751241951528492 15.303464308824868 7.799765685543517 4.604222718478727 8.283021523553906 9.584804509331263 1.4104954131962861 -5.744590162300679 -11.892147176245082 -12.68338858310804 -7.560661573096506 0.647787284621425 8.764324553974621 14.752724766116854 18.189032628039264 18.81365090729297 5.050112132063318 10.952178286324383 13.260933715448795 16.006116153884776 17.858288687365096 18.49125012570747 18.110728054331073 17.87798730140955 15.969686859097127 11.252829243095665 4.951566047025028 -1.3948924822669833 -4.090982826784318 -2.5588656568853394 3.9912988498845996 8.917380115721725 21.42601583669767 20.917362418547235 12.320604177043258 8.424236564643754 13.135090755617806 12.951471892513434 3.161012261904954 -4.735199509492456 -13.126979802604403 -16.256891020624487 -7.9915022739252795 1.7452008228318496 11.978119044477255 17.742848921129017 19.054114468020078 17.200795371482712 6.414577257866295 14.42253427929907 17.637932229633826 21.47281713199808 24.022178382667324 24.66373221346456 23.469171986675327 21.461661661789755 18.055488056754182 10.026409493782234 2.7393948393109886 -3.7481937628044655 -9.791661481423722 -12.097439785964905 -6.135418549507896 3.1442395749447325 15.302616703409361 19.821049898092824 11.668973768581056 8.80860128881778 13.10918285298958 11.742522509085575 4.496919374874072 -5.257401506412192 -15.144505415413446 -17.352961329569613 -8.66814192962185 1.7726082350770591 12.780723331849238 17.99722490821098 17.56251955173804 14.284834537768013 8.073920279642524 18.696811130688072 22.946725345201163 27.798571736976257 30.721018410736587 30.63341049504766 27.759413934110693 24.23358346441712 20.846618982509113 13.491279655837099 6.568253487608367 0.1706532827793852 -3.3826201515488705 -7.009405646536134 -7.964887519863161 -1.5060745902064254 6.322296439485796 9.331347516074528 6.601348310058553 4.344218472283118 4.187617975791967 3.248264848206431 -2.223945128469709 -8.846013359479716 -14.394613323874365 -14.51203108110442 -8.997092378073903 -1.1723332537196731 9.335650664900243 13.447196363634015 12.418781327078934 9.969494272141938 9.710097849233842 22.961385078992084 28.232597356602078 34.03472159396477 37.236254495779825 35.977728644530586 31.223182630629434 26.242175823315357 21.77331375920358 16.71792884820948 11.352282671977637 7.219443029948771 5.958901077241511 0.45607970973641737 -4.678822246278217 -4.088808018173944 0.9542545531589611 -0.28800762926945 -3.6026186455389664 -3.510793618046559 -4.114837044833142 -6.240835074238632 -11.27022650453937 -13.309324191122455 -11.16049185764266 -9.04906570912878 -5.940258033851654 -2.8881254306444277 2.7120449867804894 5.604303298884044 5.126791581919369 5.06933783029724 11.004127731919446 26.400262336372414 32.536755340819795 39.22470126171917 42.63881272028088 41.52090330286116 36.81320780793682 29.124138325092837 21.922255491519127 17.109506316793073 13.264570756278998 10.54256173916491 9.327631605783646 6.5441343807774865 1.2018603473830747 0.08908138419360923 5.50664947888372 4.355236990166071 -1.3477027363170466 -4.12823913530757 -8.017981033093553 -9.213419537084775 -13.139005752655464 -14.455586075150268 -8.896921288979327 -9.70638131867812 -10.949614491086297 -12.284673438947001 -7.234979674129389 -3.95725981063805 -2.8073506041950074 0.39950289499338826 11.615712435691512 28.086526262028546 34.65812753026621 41.8089097924128 45.80560394718401 45.40904785935451 38.466787743415956 29.95703193250666 21.025843439052696 14.274284397009362 9.562864742425157 9.413980266776553 11.622152123253814 13.24015075766786 9.351167693638649 8.382668879293133 11.825611599018512 11.118750804274597 4.555101860510157 -1.669590247116122 -5.7913283768188 -7.864606038109337 -11.68050826630513 -8.80876257549339 -6.7270600429117735 -11.674662906805798 -15.027864457936971 -19.488400424580163 -15.101436079585302 -11.456332348594739 -8.995041758904327 -3.306440882896613 11.191525655933605 27.061684347173358 33.3572426402089 40.17606995860902 43.88381013108914 42.69941745247062 35.2471348571159 26.402140847860768 17.570020028525384 10.447949232074153 5.290962232865236 4.97428852109073 8.97269693698513 12.430961863528797 11.561982673050508 11.135854807627032 11.41615532484395 7.740985649059665 2.408871922638207 0.4363521650855243 -0.6377480928026223 -0.6794337722765155 -2.076509741168353 -1.4167314296452982 -3.3629409140673365 -7.09821458155456 -10.691441666214283 -15.30915513692522 -15.186134698630209 -13.100597361321975 -11.036641463526484 -5.308143027753886 10.133513307188393 24.364276066164575 29.93520918356617 35.892893550772335 38.641850128262995 36.54126561207405 30.017085406894758 23.001727573518323 16.870851934492872 10.186014929010167 4.858484883539703 1.664089006961719 3.0261129204029196 6.932637735593944 10.162392040104345 11.39034275031433 8.514316278639926 3.6524028068223267 1.8920510860598112 2.059548012599915 4.844230904792243 8.259915808920166 8.007432367897607 3.103467552761633 -4.058014571166783 -7.512130522711211 -9.083393383501814 -10.519691361365194 -11.815695188165124 -11.579137427700102 -10.560355841874788 -6.027636508379567 8.662180805921713 20.588393845195096 25.150352565533865 29.886632213622057 31.857072521892075 30.129811455280855 24.929568070266782 19.370726298316292 14.225077513568847 8.468497775148304 3.5699338897462507 0.32338027828591903 0.2816186374540504 4.344913533102004 9.733386328590496 11.672118148634313 9.48579033267832 7.63511589051001 7.406795319574081 8.89540277938026 11.168918289062372 11.821448289786103 9.802838670013369 5.264517130430592 -0.5639441423346833 -4.364850453886997 -5.901869419905763 -7.3296288848981535 -8.963229793569102 -9.40403861686497 -9.029018886150357 -5.791663743441207 7.244185924414006 16.971541824090576 20.592868656772183 24.211505741996127 25.548297075368563 24.272575829603795 20.58950783874495 16.26554481630927 11.818565125297239 7.045563608687132 2.559408322756097 -0.13608640813856837 -0.10772403718506739 3.017353094591398 8.068121714426299 11.21352546284819 12.002930677635533 12.30975642802034 12.78358307166931 13.698234765469344 14.564916297266008 13.75845730472426 10.968635935647534 6.848921394059571 2.208865073668928 -1.4158211571926012 -3.691166015752509 -5.476167875683092 -6.904455372690156 -7.417348868696519 -7.367950867982971 -5.16429556855346 3.8191711643796893 8.559476954105769 10.260747317144267 11.919053794825695 12.472968770463613 11.926823518661532 10.317834725984994 8.133271169383328 5.631919616298768 2.874172029305761 0.3180351821015217 -1.0677911024962174 -0.8628970138371271 1.0945897112921437 4.28126914613671 7.155627380387055 9.205357241530299 10.769303080173927 11.819269993532384 12.167096776583161 11.678376961587077 10.126426781001147 7.689990001910911 4.998057362409815 2.4184147402348475 0.21436697491245185 -1.4910582710037898 -2.7420964548705924 -3.576096712067554 -4.009131007643589 -4.216516169401023 -3.3828488260676934 0.05528532674151612 0.14036492977933754 0.18910699101486103 0.26795954689505347 0.38168246086286145 0.5619350786602705 0.845597714150632 1.2752461589049098 1.9225798857253522 2.87207533217138 4.280135278866511 6.4563076314799694 9.42012879823464 12.9910991844487 16.798290180221635 20.129933606786036 22.640766124723715 24.242645748859598 24.916227304277857 24.79397993777181 23.9513332160492 22.500613147604312 20.351105968405946 17.116164930888672 12.789647685365068 7.540140815212025 2.02849527203108 -2.301498744585034 -4.914686065988555 -5.717837209430105 -5.432727953469587 -2.9066764565633734 0.09135144363263485 0.16202061152401262 0.14562164915266118 0.04533849802190318 -0.14764164148464884 -0.3829622315969879 -0.5863999976649935 -0.6680552495861167 -0.446975668288367 0.30181017124242293 2.0075134320825923 5.500352814529837 10.924018849923494 18.034016299594683 25.846047191834487 32.24543911992889 36.18926247180644 37.14018062862303 35.57943368376742 33.50816447971662 31.530140501291317 29.291061980827656 26.28645167148515 21.287513713420584 14.295238012007335 6.310813678888162 -1.520731082264467 -7.334928001167881 -10.415431018264075 -10.429656574036368 -8.866917033505407 -3.3448649758733047 0.11368196047322097 0.16553085319946706 0.09170309372994863 -0.15938497012463815 -0.6112414591318245 -1.2087198374398616 -1.8587161557299388 -2.4420831899262048 -2.7188573712005666 -2.3909330620043705 -0.8811086801941351 2.9012372481775097 9.239759514003024 18.082655738057507 28.07247929756134 36.063115892770035 40.37178224955783 39.68582092883427 35.10160539475393 31.09156841309622 28.7687946663773 26.662866467686488 23.70816353176818 18.034598574043596 9.87871829617461 1.652221225973892 -5.341726097685227 -10.214051923719406 -12.499861218350379 -11.523112902944026 -9.024153459135126 -2.312692963476756 0.1537401245834798 0.18250628268474597 0.0296635434006038 -0.42898868113198024 -1.2367740161800378 -2.329940337208486 -3.588622657783226 -4.843995366084289 -5.797303807949981 -6.110813281926216 -5.025312434540844 -1.0804111231873184 6.196605103837309 16.99841107278102 29.45342204571607 38.9791048218432 43.118223737803035 39.7363685182989 30.94366469385423 24.79382697083028 22.872365044653698 21.337070419064627 18.138958739307217 11.771108051356874 2.6583328700485613 -4.745142257197247 -9.349422206942526 -12.306971298657565 -13.50598783945965 -11.545802924331031 -8.06763512135329 -0.3490895214495361 0.21720547784401084 0.22791119269424479 -0.010050225980675929 -0.6942967278593128 -1.8882935843657416 -3.5127751130849716 -5.4127952415838205 -7.34641021298172 -8.984244520698352 -10.051158901200992 -9.608916922318976 -5.728306382799563 2.249693446101748 14.691857939341782 29.10687363852783 39.67425731551278 43.633795179513456 35.627361589631775 21.822799583999238 14.779625570389959 14.920273352579775 15.163398784656218 9.640924247944673 2.7713044341317796 -7.070861408645721 -12.270203909295523 -10.875351042169463 -11.64984935025728 -11.836467979531212 -9.475131982265278 -5.484894157647048 2.466282284346632 0.31298141010356867 0.31801414467977995 -0.0032601312231473178 -0.915500848230308 -2.4961310489238056 -4.628171079671903 -7.112372128848056 -9.616771002521832 -11.825296097442752 -13.640424430411928 -14.005744038745938 -10.517318802949646 -2.41571831385017 11.075977216470942 26.13924686292099 36.058311993758174 37.667609652611155 25.73565143238859 11.713857406573451 4.99360501205402 5.247861126474525 4.555224503566199 0.4791883170058575 -4.281074038609361 -12.246899938726937 -15.158232281305438 -9.419213985976478 -8.435783138565954 -8.637203476102801 -5.853972798949405 -1.435515155319395 6.200159055787304 0.44811474903721094 0.46786930955909695 0.07600549551265118 -1.0417901898741435 -2.9667604369627005 -5.513939584245373 -8.416548899572987 -11.250434046574574 -13.834022735144945 -16.25585518636645 -17.28979545768718 -14.577257804417567 -6.978121142797177 6.004000072413874 18.682979781047557 24.909726931247928 21.713151628392872 14.114110881824626 4.325605147714484 -0.791676504234656 -1.7315903195582008 -4.4175714070040515 -4.7969690188560525 -5.24950698956262 -9.173334317833193 -10.37195569250104 -6.8057149987001075 -4.82869081263021 -4.144140354570216 -0.9428419746531764 4.112773014206537 10.952245189984371 0.6461644172705303 0.7546848459019314 0.32554702816327846 -0.9572180008639032 -3.16049657108835 -6.083015180070927 -9.320757308953585 -12.154369665721383 -14.442531453212373 -16.809082599434017 -17.58279001729651 -15.06590729392611 -9.306689077616625 -0.17565485555573185 11.239405616284165 16.25425418594385 10.435419849599949 5.241101729231925 3.9023760739719107 -1.641274635434863 -5.99820188354877 -7.7179255641482705 -7.508293096133747 -6.157886572468343 -7.633712303226519 -7.309436651315384 -2.275379896310294 -1.2755907382278218 0.4522133012830267 4.136526987044798 9.670911306797297 15.497009595865574 0.9305578783458319 1.2556219260056332 0.8436799345657934 -0.5530349880544522 -2.985600086772794 -6.264662820208559 -9.811184415122915 -12.263065473415608 -13.322519397835762 -13.894134481800174 -13.41195385767054 -11.321451120404058 -6.063528324872421 1.6061226317937232 13.985570831098956 14.615890500294707 5.634527260441618 -0.9330938264755115 1.7273164315130327 1.297509141060365 -2.3509987589655124 -6.035519729631589 -7.748091482008621 -4.665665015663093 -6.0393821291774445 -8.524020044565065 -3.7842929452821545 -0.011597403028939373 3.324312056809707 8.183351484866485 13.763019322728193 18.611287373355758 1.3243389250544886 2.0503957173552294 1.7422265808417272 0.32971675312807536 -2.3781639024200025 -6.173310774155789 -10.09608634677692 -11.870030768676662 -11.461060857375152 -9.905480150622681 -6.951351290354237 -3.171219028794745 0.5778201928107268 5.709345436979739 13.267737547982339 10.701892957780153 1.9976831645886393 -2.4778638850346884 0.6577175457734632 1.4850827075393553 0.09447088599869102 -0.6493921419953422 -3.092570797979963 -4.292097298848121 -3.0021138235646063 -7.07650828047173 -4.902689361526055 -0.8198400302343158 2.2863003215960447 8.658465513486076 14.344978311854527 19.18298215337457 1.8505530538407655 3.218929410599774 3.133298027577356 1.8795280650382502 -0.9240589845715033 -4.974965651258963 -9.212841642650893 -10.837994067581327 -8.96764393557231 -5.528016901531035 0.1228879899802352 6.1037567684319844 7.099163724624236 7.411293901822621 8.569609232727693 0.6116690466254104 -9.423417468441315 -10.372796436604018 -4.898947292278331 -2.35344141362776 -3.2275620333899715 -3.3379258183214024 -1.1775859842009522 -3.035023529472537 -5.528874563404811 -8.296962463952305 -7.700389193396538 -5.278677701348899 -2.3099257201155563 3.630529590492116 9.373804092262297 16.100174345239456 2.5224319707627822 4.877681284165896 5.1901155635904415 4.3481316313014124 1.7161328365423212 -2.4850046693655417 -7.05743280485797 -8.832364483973931 -6.2005140188855234 -0.9314074783775749 6.380946236984322 10.780730591336816 10.597020233052737 7.812990511059353 4.095703267364474 -10.663450318956443 -23.503383860446434 -21.76718132402418 -8.344640442241744 -2.909105253782803 -4.650799095390047 -7.274098703212139 -2.4111649985914285 -3.0262605632009936 -8.640593256233752 -10.124506005073224 -13.521636284156596 -13.781691588374631 -10.99406348874515 -5.124321237837903 1.1010228235918669 10.961206334438145 3.3531959644509066 7.142767690735396 8.085745120314709 7.983144321244247 5.906450441915777 2.0536313904270305 -2.90428517095188 -5.416367736852663 -3.2960323109247445 2.013194951849514 9.316664753476298 13.855972114485429 14.869983648331315 12.38889271143289 9.871083535857379 -3.0626764257600203 -20.872531100979838 -21.2228917726144 -6.020211262196343 -3.960058826323556 -12.913897649480434 -15.404212126099631 -8.773121668048722 -7.781177290515391 -9.709915979733454 -14.09439515938029 -22.53792824100355 -25.450616324418394 -22.769414659335016 -15.770229464575488 -8.220311162096735 5.364424798795935 4.358687167063087 10.1006438263017 11.924951531151018 12.899189082945403 11.697350971281544 8.090578172123626 2.6724071905950275 -0.716084443725352 -0.5968375351640206 3.4691023833213905 9.193495626967339 13.835615980673667 17.52821414679915 18.62102466062666 19.28441895319123 9.202302444236716 -5.708950802251648 -10.582100118573955 -2.5697383102226583 -8.47485378209515 -19.36751072320733 -20.50276893727513 -15.57080483195668 -10.01394796343235 -9.272539294660046 -17.568424291243762 -29.995537197788273 -33.674902967469734 -31.257410600858464 -23.635346980828135 -15.201176739959669 0.7532487238498865 5.554694962313897 13.837698765967756 16.811728516074478 19.210101642905855 19.10467207668358 15.983508704083334 10.874136597683961 6.275787256166432 2.43053078933776 4.800782415074838 9.278942051868304 13.590750659900301 19.696123780970336 21.884836386870173 19.89417868502083 10.848203842693863 -1.2071451716893558 -3.8880751428308624 -0.10489897266542746 -4.772366906704162 -10.887788807824007 -11.137949879279294 -6.294913964647356 -2.575634212625709 -2.4894211550777356 -10.52297485647052 -25.368485618182866 -31.874858432255486 -30.50453855407253 -24.085226645817563 -16.45266814837638 -1.4288765815498192 6.707460086589387 17.57924984613978 21.77862299920299 25.88144670301732 27.1440855049659 25.14217913099034 20.9947621266227 13.771617022937864 5.89809664170372 3.7585593706795124 5.581361098965774 10.730339934168732 17.326494460396955 19.77350714976526 15.56093931854503 9.38213065779256 2.0581168988318166 2.7517636744527496 8.308549036900683 4.53503426614238 -0.6916896615291316 -0.14902541440787515 5.4014460415996295 5.072312450444839 7.7754835253814605 -1.5584624018531776 -15.473191920796626 -25.302681651342183 -24.25635482134285 -19.648854009208893 -13.892638129890525 -1.9337650123610355 7.582629098616879 20.548871927714607 25.853774051387365 31.869437716786685 35.20260491677499 35.25288191648562 31.738268735238936 22.59831562583902 9.154965227259682 -2.151651604619242 -4.779626578747701 0.33289491292091844 8.852843543069445 12.211872623081591 6.635272080338001 4.237546924774613 0.16302006076568842 4.382764971667674 8.650748579251744 5.111754511927122 2.077009725764414 3.2870173894283092 9.507976189606838 10.587240888819611 13.73785337781837 3.5153515779777837 -5.7148110694915495 -14.527294566069116 -15.532401523874013 -12.860098861209206 -9.437830451351457 -1.5131389356185778 7.929416936615457 21.897211443586148 27.791647040826774 34.928810979405796 39.51848224928648 40.14409926904739 37.43412459452206 26.295675741856307 8.946610598159255 -7.180248158977835 -15.001149445846737 -14.393988575115971 -3.573212622968633 1.2926511224380097 -0.9723473820636707 -0.7135075268820562 -6.107118766930858 -3.6184794062356294 3.752650595637647 4.357743807888761 0.34503772151639966 -0.0005081662406928683 6.598004302087456 11.323675903636683 15.933334540518306 9.336281448966043 -0.42910979263953675 -7.005366984276905 -8.473709559217069 -6.976086455105721 -5.3869573536869115 -0.8369737309354645 7.488742947860955 20.751592751210133 26.318057806537222 32.78565672845757 36.37911389988681 34.70749667838351 31.58729152134429 21.44123391776837 5.447522174388066 -8.015347681320412 -18.747435380986126 -23.461289440147972 -15.29067841098948 -11.667062864239904 -11.248944763833345 -14.0179420464493 -12.874812463426355 -6.6578828026138295 1.4027870331149497 3.0579172736905593 -1.020703457612288 -1.8890836634034052 1.9763699815699165 3.370275821632874 8.484783492852557 3.1843703511882637 -2.8568559539421177 -6.543635860647274 -6.906312276279475 -5.229348375920311 -4.029602713338768 -0.5733295727599184 6.580403650836327 18.09258398020915 22.838404058119004 27.926413070910794 30.371271967216025 29.080175992030746 24.097806753486047 15.898578727011278 6.017179136639126 -6.14372913865065 -18.018953382678674 -25.16322153787843 -23.701419044748373 -21.34528768267158 -20.25340046267501 -22.054468767214114 -19.04793093923539 -12.801064323749264 -4.3984627212405405 -2.374892141140695 -5.941241025710037 -6.2115673602759145 -3.9127851683349073 -4.539152221916991 -3.681747976163978 -5.387195374342393 -9.148089514925518 -10.354185236166993 -8.545340049141267 -6.0443902911405605 -4.39756982228427 -0.6001093361407701 5.408688867133546 14.571784849440137 18.341132208111624 22.327743733032634 24.28015328766091 23.83065940077193 20.210131710887968 14.567401512670852 6.647794352627865 -4.410573545898021 -16.22529961674741 -23.29538676895305 -24.526253731080093 -23.714805451674632 -21.978039889041362 -21.557967779466907 -20.663905656011604 -18.158594477179197 -13.272057550656756 -11.385532097301496 -13.137062041101439 -13.878677137359462 -12.891441545015123 -12.808403247426762 -13.423594097973183 -14.280871833422477 -14.93716095990541 -13.790352438706266 -10.918761825003802 -7.681581582727242 -5.401425844819632 -0.7689265690185016 4.3413570303405855 11.364243250752924 14.274878888057776 17.456295056511223 19.28089037268149 19.711030904512842 18.15580854029728 13.931099476032259 6.967996984084207 -2.708429765644704 -13.290425100386736 -19.865663626635694 -21.675320232298297 -21.562990271356398 -20.48013877689944 -19.84980988265064 -19.858406503955685 -19.20244042317007 -17.830752396660063 -17.54377448059497 -18.60879005271264 -19.659567715821044 -20.268009520284664 -20.761632300082738 -20.979511430583287 -20.339539100394305 -18.656740956909676 -15.95197548429693 -12.5606319841888 -8.897541644380352 -6.163865212483047 -0.9015323685609004 2.1374493410908757 5.061970046327039 6.253151146362884 7.579700535760324 8.382558612302207 8.69588862973269 8.190504805347677 6.2620916257005375 2.8319476776733157 -1.8837706275158903 -7.046711237418154 -10.738671997975974 -12.443308569692322 -12.781701723138971 -12.330549988850079 -12.084102644305217 -12.415493662734606 -13.205038050140667 -14.307751167878083 -15.342991701117613 -16.228434456825283 -17.222150746513705 -18.178975265019385 -18.568418664549387 -18.12476285165953 -16.659298655671353 -14.310155513188136 -11.610668645027035 -8.895593903482862 -6.150328846703444 -4.11573422365816 -0.453418425770128)
(UseCyclicTransform "false")
(UseDirectionCosines "true")
